234, 
418, 
567, 
689, 
814, 
927, 
1039, 
1168, 
1304, 
1425, 
1538, 
1645, 
1743, 
1840, 
1933, 
2043, 
2147, 
2247, 
2341, 
2430, 
2506, 
2588, 
2671, 
2769, 
2851, 
2941, 
3021, 
3097, 
3184, 
3263, 
3330, 
3402, 
3484, 
3573, 
3667, 
3732, 
3817, 
3900, 
3975, 
4063, 
4137, 
4200, 
4256, 
4323, 
4391, 
4460, 
4534, 
4609, 
4672, 
4728, 
4786, 
4846, 
4914, 
4991, 
5056, 
5122, 
5209, 
5283, 
5348, 
5407, 
5503, 
5591, 
5668, 
5744, 
5832, 
5906, 
5982, 
6049, 
6126, 
6207, 
6311, 
6386, 
6465, 
6546, 
6613, 
6687, 
6760, 
6828, 
6898, 
6953, 
7031, 
7113, 
7196, 
7285, 
7377, 
7449, 
7537, 
7627, 
7691, 
7761, 
7830, 
7890, 
7967, 
8037, 
8126, 
8228, 
8292, 
8345, 
8400, 
8446, 
8510, 
8577, 
8658, 
8727, 
8808, 
8903, 
8990, 
9091, 
9174, 
9271, 
9339, 
9399, 
9455, 
9530, 
9592, 
9653, 
9729, 
9817, 
9892, 
9954, 
10028, 
10086, 
10146, 
10216, 
10291, 
10367, 
10438, 
10499, 
10563, 
10623, 
10683, 
10743, 
10801, 
10849, 
10903, 
10980, 
11053, 
11110, 
11188, 
11287, 
11367, 
11429, 
11496, 
11557, 
11641, 
11716, 
11780, 
11852, 
11913, 
11993, 
12066, 
12152, 
12229, 
12307, 
12395, 
12481, 
12541, 
12619, 
12696, 
12795, 
12894, 
12984, 
13059, 
13126, 
13195, 
13296, 
13382, 
13458, 
13531, 
13606, 
13688, 
13753, 
13826, 
13906, 
13989, 
14075, 
14166, 
14245, 
14340, 
14431, 
14506, 
14581, 
14657, 
14732, 
14802, 
14872, 
14943, 
15011, 
15107, 
15169, 
15247, 
15306, 
15365, 
15405, 
15478, 
15561, 
15645, 
15722, 
15789, 
15843, 
15899, 
15960, 
16018, 
16072, 
16138, 
16187, 
16246, 
16300, 
16355, 
16409, 
16472, 
16534, 
16600, 
16678, 
16744, 
16812, 
16877, 
16952, 
17025, 
17110, 
17181, 
17254, 
17322, 
17377, 
17469, 
17551, 
17608, 
17662, 
17735, 
17790, 
17845, 
17883, 
17930, 
17991, 
18034, 
18085, 
18135, 
18196, 
18270, 
18325, 
18367, 
18395, 
18433, 
18462, 
18494, 
18518, 
18546, 
18579, 
18602, 
18622, 
18637, 
18665, 
18691, 
18710, 
18743, 
18775, 
18801, 
18837, 
18873, 
18900, 
18924, 
18953, 
18975, 
19001, 
19031, 
19064, 
19097, 
19119, 
19149, 
19179, 
19208, 
19238, 
19280, 
19303, 
19343, 
19375, 
19406, 
19434, 
19467, 
19494, 
19515, 
19531, 
19550, 
19568, 
19584, 
19607, 
19632, 
19657, 
19689, 
19711, 
19730, 
19749, 
19783, 
19814, 
19840, 
19873, 
19911, 
19963, 
20038, 
20107, 
20155, 
20203, 
20230, 
20262, 
20284, 
20312, 
20352, 
20392, 
20443, 
20480, 
20514, 
20547, 
20582, 
20606, 
20628, 
20646, 
20666, 
20683, 
20704, 
20725, 
20746, 
20784, 
20816, 
20852, 
20890, 
20932, 
20965, 
20993, 
21004, 
21020, 
21040, 
21057, 
21077, 
21098, 
21135, 
21161, 
21175, 
21197, 
21231, 
21251, 
21282, 
21315, 
21338, 
21357, 
21379, 
21414, 
21446, 
21472, 
21494, 
21513, 
21546, 
21568, 
21606, 
21628, 
21653, 
21686, 
21707, 
21730, 
21758, 
21785, 
21801, 
21834, 
21853, 
21884, 
21909, 
21925, 
21943, 
21973, 
21998, 
22037, 
22069, 
22091, 
22106, 
22127, 
22169, 
22201, 
22232, 
22265, 
22295, 
22323, 
22363, 
22396, 
22418, 
22456, 
22494, 
22529, 
22572, 
22601, 
22623, 
22649, 
22673, 
22697, 
22744, 
22778, 
22817, 
22844, 
22860, 
22886, 
22908, 
22928, 
22966, 
22991, 
23032, 
23066, 
23106, 
23152, 
23187, 
23214, 
23244, 
23274, 
23306, 
23344, 
23379, 
23403, 
23434, 
23469, 
23509, 
23543, 
23578, 
23617, 
23653, 
23703, 
23744, 
23782, 
23815, 
23862, 
23893, 
23921, 
23955, 
23998, 
24028, 
24050, 
24069, 
24092, 
24120, 
24158, 
24185, 
24223, 
24268, 
24297, 
24336, 
24373, 
24412, 
24440, 
24464, 
24494, 
24512, 
24530, 
24567, 
24610, 
24643, 
24681, 
24722, 
24759, 
24804, 
24857, 
24877, 
24907, 
24932, 
24945, 
24956, 
24968, 
24978, 
24996, 
25035, 
25081, 
25123, 
25174, 
25215, 
25235, 
25266, 
25299, 
25334, 
25365, 
25402, 
25432, 
25458, 
25486, 
25511, 
25539, 
25574, 
25608, 
25634, 
25668, 
25714, 
25761, 
25803, 
25858, 
25910, 
25954, 
25991, 
26021, 
26063, 
26109, 
26148, 
26181, 
26214, 
26230, 
26252, 
26288, 
26318, 
26345, 
26370, 
26391, 
26416, 
26433, 
26461, 
26498, 
26520, 
26533, 
26542, 
26556, 
26572, 
26590, 
26608, 
26631, 
26661, 
26691, 
26718, 
26745, 
26775, 
26807, 
26831, 
26870, 
26900, 
26925, 
26950, 
26978, 
26996, 
27020, 
27048, 
27084, 
27122, 
27150, 
27184, 
27230, 
27270, 
27306, 
27336, 
27383, 
27412, 
27452, 
27490, 
27531, 
27562, 
27591, 
27619, 
27660, 
27686, 
27713, 
27747, 
27768, 
27799, 
27840, 
27869, 
27892, 
27922, 
27961, 
28001, 
28033, 
28064, 
28094, 
28126, 
28159, 
28188, 
28205, 
28228, 
28254, 
28270, 
28291, 
28313, 
28332, 
28353, 
28383, 
28404, 
28428, 
28448, 
28486, 
28525, 
28567, 
28591, 
28619, 
28647, 
28677, 
28717, 
28754, 
28798, 
28824, 
28842, 
28872, 
28894, 
28922, 
28939, 
28967, 
28986, 
29013, 
29037, 
29062, 
29116, 
29159, 
29194, 
29214, 
29243, 
29266, 
29294, 
29314, 
29344, 
29360, 
29385, 
29412, 
29442, 
29476, 
29497, 
29520, 
29565, 
29600, 
29638, 
29669, 
29692, 
29724, 
29750, 
29779, 
29803, 
29827, 
29858, 
29885, 
29910, 
29934, 
29962, 
30008, 
30056, 
30085, 
30106, 
30133, 
30154, 
30175, 
30220, 
30259, 
30296, 
30320, 
30354, 
30392, 
30436, 
30480, 
30522, 
30552, 
30596, 
30637, 
30674, 
30691, 
30708, 
30731, 
30755, 
30772, 
30781, 
30804, 
30821, 
30835, 
30856, 
30867, 
30887, 
30909, 
30931, 
30949, 
30966, 
30993, 
31018, 
31036, 
31057, 
31077, 
31089, 
31106, 
31119, 
31134, 
31146, 
31176, 
31197, 
31220, 
31245, 
31273, 
31302, 
31339, 
31375, 
31421, 
31464, 
31510, 
31540, 
31566, 
31608, 
31649, 
31686, 
31721, 
31755, 
31792, 
31839, 
31881, 
31929, 
31971, 
32007, 
32036, 
32061, 
32102, 
32142, 
32160, 
32170, 
32192, 
32213, 
32248, 
32274, 
32294, 
32321, 
32360, 
32396, 
32413, 
32443, 
32479, 
32530, 
32555, 
32593, 
32628, 
32662, 
32685, 
32704, 
32728, 
32759, 
32791, 
32822, 
32856, 
32883, 
32910, 
32929, 
32957, 
32974, 
33002, 
33027, 
33049, 
33066, 
33100, 
33137, 
33170, 
33209, 
33228, 
33252, 
33278, 
33302, 
33320, 
33336, 
33375, 
33404, 
33440, 
33459, 
33475, 
33497, 
33517, 
33540, 
33555, 
33577, 
33601, 
33620, 
33649, 
33681, 
33716, 
33746, 
33769, 
33799, 
33823, 
33850, 
33876, 
33899, 
33919, 
33959, 
34000, 
34028, 
34058, 
34080, 
34111, 
34129, 
34161, 
34186, 
34213, 
34235, 
34260, 
34284, 
34297, 
34318, 
34341, 
34364, 
34398, 
34425, 
34459, 
34474, 
34489, 
34507, 
34525, 
34543, 
34568, 
34593, 
34615, 
34635, 
34660, 
34685, 
34725, 
34759, 
34785, 
34817, 
34842, 
34860, 
34886, 
34908, 
34947, 
34976, 
35016, 
35047, 
35073, 
35089, 
35118, 
35137, 
35174, 
35228, 
35265, 
35285, 
35312, 
35338, 
35372, 
35399, 
35429, 
35470, 
35497, 
35522, 
35548, 
35581, 
35612, 
35636, 
35655, 
35693, 
35729, 
35761, 
35786, 
35811, 
35845, 
35879, 
35919, 
35946, 
35962, 
35986, 
36025, 
36049, 
36083, 
36124, 
36158, 
36194, 
36228, 
36252, 
36272, 
36285, 
36312, 
36345, 
36370, 
36388, 
36401, 
36423, 
36447, 
36470, 
36490, 
36505, 
36531, 
36557, 
36579, 
36600, 
36630, 
36654, 
36679, 
36707, 
36729, 
36756, 
36775, 
36787, 
36803, 
36828, 
36859, 
36880, 
36910, 
36936, 
36951, 
36987, 
37018, 
37048, 
37076, 
37090, 
37119, 
37140, 
37168, 
37179, 
37193, 
37213, 
37228, 
37254, 
37284, 
37311, 
37330, 
37347, 
37360, 
37378, 
37400, 
37417, 
37436, 
37462, 
37499, 
37537, 
37576, 
37608, 
37645, 
37683, 
37709, 
37743, 
37765, 
37789, 
37832, 
37862, 
37888, 
37926, 
37964, 
38002, 
38038, 
38069, 
38102, 
38133, 
38153, 
38171, 
38199, 
38220, 
38244, 
38271, 
38304, 
38325, 
38332, 
38348, 
38364, 
38379, 
38386, 
38407, 
38433, 
38461, 
38504, 
38534, 
38565, 
38599, 
38625, 
38646, 
38658, 
38679, 
38698, 
38717, 
38734, 
38757, 
38798, 
38826, 
38865, 
38906, 
38936, 
38971, 
38999, 
39044, 
39067, 
39098, 
39142, 
39172, 
39200, 
39219, 
39228, 
39238, 
39247, 
39265, 
39293, 
39324, 
39361, 
39384, 
39406, 
39427, 
39443, 
39453, 
39462, 
39472, 
39493, 
39532, 
39563, 
39590, 
39614, 
39644, 
39663, 
39694, 
39720, 
39739, 
39762, 
39780, 
39809, 
39844, 
39873, 
39904, 
39930, 
39973, 
