262, 
425, 
585, 
730, 
868, 
1004, 
1138, 
1257, 
1366, 
1479, 
1590, 
1689, 
1789, 
1889, 
1981, 
2074, 
2144, 
2237, 
2329, 
2398, 
2465, 
2527, 
2592, 
2660, 
2729, 
2801, 
2866, 
2941, 
3002, 
3069, 
3134, 
3192, 
3255, 
3323, 
3388, 
3449, 
3512, 
3583, 
3647, 
3699, 
3769, 
3823, 
3887, 
3946, 
4018, 
4078, 
4155, 
4220, 
4270, 
4322, 
4390, 
4480, 
4558, 
4639, 
4718, 
4789, 
4848, 
4903, 
4954, 
5015, 
5089, 
5162, 
5237, 
5314, 
5388, 
5464, 
5540, 
5611, 
5690, 
5763, 
5857, 
5947, 
6019, 
6084, 
6159, 
6237, 
6323, 
6406, 
6473, 
6544, 
6613, 
6696, 
6773, 
6851, 
6941, 
7036, 
7110, 
7166, 
7241, 
7311, 
7371, 
7414, 
7473, 
7548, 
7607, 
7658, 
7710, 
7772, 
7843, 
7915, 
7966, 
8013, 
8066, 
8110, 
8142, 
8176, 
8226, 
8278, 
8342, 
8410, 
8459, 
8512, 
8576, 
8635, 
8706, 
8748, 
8797, 
8833, 
8867, 
8902, 
8940, 
8979, 
9028, 
9072, 
9127, 
9167, 
9207, 
9244, 
9285, 
9328, 
9375, 
9428, 
9478, 
9527, 
9574, 
9631, 
9694, 
9737, 
9805, 
9850, 
9903, 
9946, 
10006, 
10053, 
10095, 
10134, 
10170, 
10200, 
10229, 
10270, 
10318, 
10375, 
10436, 
10489, 
10545, 
10619, 
10671, 
10737, 
10793, 
10832, 
10892, 
10942, 
10997, 
11045, 
11116, 
11175, 
11222, 
11276, 
11346, 
11390, 
11452, 
11514, 
11560, 
11616, 
11656, 
11708, 
11742, 
11787, 
11833, 
11885, 
11943, 
11990, 
12041, 
12100, 
12170, 
12239, 
12306, 
12355, 
12413, 
12476, 
12543, 
12584, 
12642, 
12718, 
12796, 
12888, 
12949, 
13021, 
13090, 
13137, 
13189, 
13224, 
13256, 
13291, 
13328, 
13370, 
13422, 
13469, 
13506, 
13530, 
13557, 
13591, 
13627, 
13663, 
13724, 
13792, 
13845, 
13895, 
13932, 
13968, 
14009, 
14051, 
14085, 
14122, 
14158, 
14196, 
14238, 
14258, 
14284, 
14308, 
14330, 
14349, 
14368, 
14386, 
14424, 
14462, 
14487, 
14521, 
14554, 
14596, 
14630, 
14670, 
14705, 
14742, 
14792, 
14821, 
14867, 
14929, 
14967, 
14994, 
15037, 
15069, 
15111, 
15130, 
15144, 
15172, 
15195, 
15220, 
15257, 
15290, 
15326, 
15347, 
15376, 
15415, 
15467, 
15512, 
15557, 
15614, 
15647, 
15695, 
15747, 
15812, 
15885, 
15957, 
16025, 
16114, 
16190, 
16247, 
16318, 
16370, 
16407, 
16463, 
16514, 
16572, 
16632, 
16695, 
16753, 
16795, 
16836, 
16881, 
16930, 
16964, 
17014, 
17050, 
17086, 
17114, 
17143, 
17172, 
17231, 
17272, 
17309, 
17347, 
17372, 
17403, 
17442, 
17473, 
17494, 
17542, 
17594, 
17645, 
17688, 
17714, 
17750, 
17785, 
17811, 
17844, 
17867, 
17895, 
17928, 
17972, 
18009, 
18068, 
18120, 
18158, 
18202, 
18246, 
18280, 
18330, 
18368, 
18409, 
18437, 
18466, 
18493, 
18543, 
18571, 
18593, 
18610, 
18659, 
18698, 
18717, 
18741, 
18768, 
18794, 
18821, 
18854, 
18899, 
18955, 
18999, 
19036, 
19064, 
19093, 
19119, 
19141, 
19170, 
19209, 
19242, 
19283, 
19320, 
19367, 
19395, 
19429, 
19453, 
19473, 
19492, 
19529, 
19547, 
19575, 
19601, 
19644, 
19682, 
19719, 
19755, 
19794, 
19833, 
19872, 
19915, 
19953, 
19999, 
20041, 
20083, 
20131, 
20183, 
20216, 
20273, 
20315, 
20349, 
20388, 
20432, 
20465, 
20496, 
20524, 
20545, 
20597, 
20657, 
20711, 
20763, 
20816, 
20870, 
20933, 
20990, 
21063, 
21121, 
21180, 
21236, 
21305, 
21342, 
21388, 
21434, 
21479, 
21535, 
21585, 
21618, 
21654, 
21683, 
21701, 
21732, 
21749, 
21774, 
21794, 
21819, 
21845, 
21878, 
21910, 
21949, 
21996, 
22036, 
22076, 
22108, 
22129, 
22170, 
22212, 
22233, 
22269, 
22302, 
22351, 
22396, 
22434, 
22460, 
22492, 
22537, 
22579, 
22617, 
22656, 
22690, 
22739, 
22768, 
22831, 
22867, 
22900, 
22954, 
23010, 
23053, 
23100, 
23140, 
23171, 
23218, 
23255, 
23302, 
23347, 
23400, 
23440, 
23487, 
23522, 
23555, 
23593, 
23637, 
23655, 
23688, 
23727, 
23765, 
23800, 
23842, 
23878, 
23904, 
23925, 
23968, 
24026, 
24075, 
24120, 
24157, 
24184, 
24230, 
24272, 
24324, 
24374, 
24418, 
24461, 
24494, 
24532, 
24594, 
24644, 
24682, 
24729, 
24776, 
24824, 
24877, 
24930, 
24972, 
25019, 
25064, 
25089, 
25119, 
25155, 
25197, 
25237, 
25269, 
25301, 
25341, 
25365, 
25408, 
25435, 
25454, 
25486, 
25524, 
25550, 
25573, 
25602, 
25643, 
25674, 
25701, 
25734, 
25774, 
25806, 
25827, 
25860, 
25909, 
25958, 
25992, 
26041, 
26076, 
26116, 
26145, 
26189, 
26217, 
26261, 
26303, 
26358, 
26403, 
26445, 
26498, 
26543, 
26596, 
26637, 
26692, 
26743, 
26797, 
26851, 
26904, 
26957, 
27024, 
27095, 
27145, 
27188, 
27233, 
27283, 
27315, 
27338, 
27376, 
27407, 
27449, 
27497, 
27542, 
27575, 
27614, 
27652, 
27682, 
27721, 
27759, 
27792, 
27833, 
27891, 
27932, 
27994, 
28034, 
28071, 
28114, 
28146, 
28172, 
28215, 
28265, 
28319, 
28359, 
28401, 
28442, 
28494, 
28525, 
28567, 
28604, 
28653, 
28713, 
28783, 
28864, 
28934, 
28985, 
29035, 
29082, 
29143, 
29213, 
29266, 
29317, 
29377, 
29432, 
29482, 
29509, 
29545, 
29583, 
29624, 
29665, 
29700, 
29722, 
29755, 
29793, 
29816, 
29838, 
29872, 
29911, 
29940, 
29973, 
30010, 
30051, 
30095, 
30135, 
30170, 
30199, 
30230, 
30267, 
30321, 
30363, 
30415, 
30471, 
30536, 
30601, 
30670, 
30734, 
30779, 
30823, 
30864, 
30908, 
30953, 
30975, 
31027, 
31071, 
31095, 
31138, 
31166, 
31211, 
31257, 
31317, 
31362, 
31412, 
31471, 
31537, 
31591, 
31650, 
31687, 
31728, 
31776, 
31808, 
31847, 
31878, 
31906, 
31926, 
31958, 
32002, 
32038, 
32073, 
32134, 
32189, 
32232, 
32286, 
32332, 
32377, 
32409, 
32449, 
32494, 
32531, 
32566, 
32598, 
32638, 
32663, 
32694, 
32722, 
32756, 
32789, 
32821, 
32850, 
32888, 
32935, 
32979, 
33033, 
33065, 
33092, 
33139, 
33180, 
33236, 
33266, 
33290, 
33332, 
33376, 
33417, 
33433, 
33463, 
33502, 
33557, 
33611, 
33642, 
33675, 
33712, 
33749, 
33797, 
33834, 
33874, 
33923, 
33967, 
34016, 
34065, 
34123, 
34189, 
34261, 
34318, 
34370, 
34429, 
34494, 
34540, 
34584, 
34628, 
34689, 
34746, 
34793, 
34853, 
34921, 
34983, 
35033, 
35077, 
35118, 
35169, 
35228, 
35274, 
35324, 
35367, 
35406, 
35435, 
35482, 
35516, 
35541, 
35571, 
35603, 
35629, 
35679, 
35713, 
35745, 
35767, 
35784, 
35794, 
35816, 
35832, 
35863, 
35902, 
35929, 
35961, 
36007, 
36060, 
36096, 
36133, 
36168, 
36205, 
36226, 
36263, 
36295, 
36328, 
36370, 
36407, 
36441, 
36480, 
36531, 
36594, 
36631, 
36667, 
36698, 
36735, 
36777, 
36809, 
36841, 
36869, 
36896, 
36921, 
36962, 
37009, 
37048, 
37077, 
37115, 
37166, 
37215, 
37268, 
37317, 
37359, 
37393, 
37435, 
37479, 
37524, 
37564, 
37607, 
37652, 
37700, 
37741, 
37784, 
37812, 
37856, 
37901, 
37921, 
37966, 
37997, 
38034, 
38066, 
38107, 
38153, 
38200, 
38255, 
38296, 
38324, 
38358, 
38399, 
38443, 
38496, 
38553, 
38591, 
38647, 
38688, 
38726, 
38755, 
38793, 
38833, 
38862, 
38874, 
38905, 
38934, 
38959, 
38987, 
39012, 
39064, 
39112, 
39157, 
39203, 
39245, 
39294, 
39338, 
39385, 
39443, 
39503, 
39559, 
39618, 
39681, 
39750, 
39786, 
39830, 
39878, 
39912, 
39944, 
39983, 
40006, 
40056, 
40077, 
40113, 
40151, 
40179, 
40220, 
40267, 
40305, 
40352, 
40397, 
40458, 
40507, 
40559, 
40613, 
40666, 
40706, 
40737, 
40778, 
40830, 
40855, 
40890, 
40939, 
40983, 
41015, 
41039, 
41061, 
41092, 
41117, 
41159, 
41198, 
41226, 
41251, 
41278, 
41300, 
41323, 
41340, 
41365, 
41384, 
41407, 
41436, 
41465, 
41482, 
41506, 
41532, 
41563, 
41593, 
41626, 
41657, 
41695, 
41728, 
41774, 
41820, 
41866, 
41912, 
41954, 
42020, 
42074, 
42135, 
42188, 
42230, 
42297, 
42356, 
42405, 
42448, 
42489, 
42524, 
42580, 
42642, 
42697, 
42763, 
42818, 
42857, 
42920, 
42957, 
43003, 
43058, 
43132, 
43180, 
43235, 
43295, 
43345, 
43385, 
43435, 
43483, 
43547, 
43620, 
43681, 
43745, 
43805, 
43874, 
43941, 
43995, 
44041, 
44087, 
44126, 
44162, 
44198, 
44241, 
44275, 
44298, 
44336, 
44377, 
44404, 
44446, 
44474, 
44513, 
44558, 
44601, 
44645, 
44693, 
44738, 
44801, 
44862, 
44913, 
44967, 
45007, 
45060, 
45103, 
45153, 
45193, 
45219, 
45249, 
45282, 
45313, 
45349, 
45377, 
45406, 
45449, 
45484, 
45532, 
45580, 
45635, 
45678, 
45718, 
45763, 
45804, 
45844, 
45878, 
45902, 
45932, 
45975, 
