215, 
359, 
495, 
623, 
704, 
803, 
891, 
971, 
1047, 
1109, 
1174, 
1224, 
1281, 
1348, 
1402, 
1452, 
1498, 
1547, 
1611, 
1666, 
1726, 
1795, 
1851, 
1895, 
1947, 
1997, 
2036, 
2073, 
2113, 
2153, 
2186, 
2224, 
2264, 
2307, 
2338, 
2372, 
2411, 
2430, 
2461, 
2501, 
2526, 
2563, 
2593, 
2625, 
2649, 
2677, 
2710, 
2741, 
2758, 
2781, 
2800, 
2816, 
2842, 
2858, 
2891, 
2906, 
2914, 
2923, 
2931, 
2941, 
2949, 
2953, 
2954, 
2962, 
2967, 
2976, 
2982, 
2994, 
3001, 
3006, 
3011, 
3015, 
3029, 
3037, 
3041, 
3046, 
3052, 
3065, 
3074, 
3074, 
3081, 
3085, 
3089, 
3095, 
3106, 
3111, 
3124, 
3141, 
3147, 
3156, 
3163, 
3165, 
3178, 
3180, 
3186, 
3195, 
3203, 
3225, 
3235, 
3242, 
3252, 
3262, 
3271, 
3287, 
3291, 
3303, 
3316, 
3321, 
3323, 
3327, 
3337, 
3340, 
3342, 
3351, 
3361, 
3367, 
3375, 
3376, 
3379, 
3381, 
3382, 
3383, 
3389, 
3398, 
3406, 
3411, 
3415, 
3418, 
3426, 
3429, 
3432, 
3436, 
3444, 
3455, 
3468, 
3480, 
3486, 
3494, 
3516, 
3533, 
3552, 
3559, 
3563, 
3570, 
3578, 
3590, 
3595, 
3601, 
3607, 
3609, 
3613, 
3621, 
3633, 
3638, 
3646, 
3653, 
3656, 
3660, 
3665, 
3677, 
3683, 
3686, 
3695, 
3713, 
3722, 
3733, 
3743, 
3748, 
3758, 
3765, 
3784, 
3796, 
3806, 
3814, 
3821, 
3829, 
3830, 
3842, 
3852, 
3860, 
3867, 
3867, 
3873, 
3881, 
3887, 
3900, 
3907, 
3911, 
3919, 
3923, 
3933, 
3939, 
3946, 
3954, 
3963, 
3969, 
3977, 
3990, 
4006, 
4017, 
4029, 
4035, 
4047, 
4051, 
4056, 
4058, 
4061, 
4062, 
4069, 
4076, 
4087, 
4099, 
4105, 
4113, 
4128, 
4141, 
4150, 
4157, 
4171, 
4178, 
4190, 
4202, 
4213, 
4220, 
4231, 
4245, 
4254, 
4261, 
4273, 
4281, 
4306, 
4327, 
4333, 
4341, 
4345, 
4348, 
4348, 
4351, 
4361, 
4373, 
4384, 
4390, 
4396, 
4403, 
4407, 
4410, 
4420, 
4431, 
4434, 
4438, 
4451, 
4457, 
4468, 
4480, 
4486, 
4493, 
4502, 
4507, 
4514, 
4522, 
4529, 
4535, 
4538, 
4542, 
4553, 
4571, 
4579, 
4584, 
4593, 
4598, 
4602, 
4611, 
4621, 
4629, 
4637, 
4647, 
4666, 
4673, 
4676, 
4680, 
4690, 
4696, 
4699, 
4703, 
4705, 
4708, 
4709, 
4714, 
4722, 
4727, 
4731, 
4745, 
4756, 
4769, 
4779, 
4793, 
4804, 
4817, 
4829, 
4839, 
4851, 
4858, 
4862, 
4869, 
4875, 
4884, 
4888, 
4896, 
4900, 
4907, 
4911, 
4917, 
4919, 
4924, 
4927, 
4946, 
4952, 
4953, 
4955, 
4962, 
4970, 
4986, 
4994, 
5002, 
5007, 
5012, 
5019, 
5024, 
5029, 
5035, 
5038, 
5039, 
5050, 
5063, 
5083, 
5093, 
5105, 
5118, 
5121, 
5125, 
5136, 
5149, 
5154, 
5160, 
5164, 
5168, 
5175, 
5181, 
5185, 
5196, 
5201, 
5204, 
5218, 
5230, 
5238, 
5253, 
5265, 
5275, 
5290, 
5299, 
5310, 
5325, 
5346, 
5363, 
5384, 
5400, 
5411, 
5414, 
5417, 
5422, 
5429, 
5436, 
5444, 
5456, 
5465, 
5472, 
5477, 
5482, 
5489, 
5500, 
5505, 
5512, 
5513, 
5521, 
5527, 
5531, 
5538, 
5545, 
5550, 
5553, 
5569, 
5577, 
5588, 
5603, 
5614, 
5624, 
5630, 
5639, 
5650, 
5666, 
5669, 
5679, 
5691, 
5701, 
5713, 
5722, 
5729, 
5735, 
5744, 
5754, 
5759, 
5767, 
5768, 
5776, 
5791, 
5804, 
5808, 
5812, 
5817, 
5818, 
5819, 
5821, 
5830, 
5840, 
5844, 
5851, 
5858, 
5867, 
5877, 
5883, 
5887, 
5894, 
5906, 
5925, 
5939, 
5957, 
5975, 
5979, 
5982, 
5987, 
5995, 
6002, 
6009, 
6016, 
6024, 
6028, 
6032, 
6039, 
6043, 
6049, 
6051, 
6060, 
6067, 
6076, 
6083, 
6088, 
6094, 
6099, 
6103, 
6112, 
6116, 
6124, 
6128, 
6132, 
6139, 
6147, 
6155, 
6157, 
6167, 
6179, 
6187, 
6193, 
6195, 
6205, 
6218, 
6222, 
6238, 
6240, 
6248, 
6262, 
6271, 
6292, 
6306, 
6317, 
6332, 
6339, 
6348, 
6361, 
6367, 
6371, 
6377, 
6384, 
6390, 
6401, 
6411, 
6416, 
6424, 
6430, 
6441, 
6452, 
6459, 
6464, 
6469, 
6475, 
6479, 
6482, 
6486, 
6489, 
6494, 
6501, 
6514, 
6521, 
6543, 
6557, 
6575, 
6589, 
6601, 
6609, 
6624, 
6635, 
6646, 
6653, 
6664, 
6667, 
6673, 
6680, 
6681, 
6684, 
6690, 
6695, 
6697, 
6700, 
6701, 
6707, 
6714, 
6722, 
6733, 
6743, 
6746, 
6752, 
6758, 
6766, 
6771, 
6775, 
6787, 
6793, 
6800, 
6811, 
6822, 
6828, 
6837, 
6842, 
6848, 
6851, 
6856, 
6862, 
6863, 
6866, 
6875, 
6885, 
6894, 
6898, 
6904, 
6913, 
6920, 
6927, 
6935, 
6946, 
6959, 
6971, 
6982, 
6996, 
7011, 
7021, 
7024, 
7028, 
7036, 
7043, 
7047, 
7052, 
7054, 
7058, 
7071, 
7080, 
7085, 
7093, 
7097, 
7100, 
7106, 
7115, 
7123, 
7128, 
7135, 
7137, 
7149, 
7158, 
7163, 
7174, 
7177, 
7184, 
7191, 
7200, 
7206, 
7215, 
7222, 
7229, 
7234, 
7240, 
7250, 
7251, 
7253, 
7255, 
7259, 
7268, 
7280, 
7282, 
7289, 
7290, 
7294, 
7307, 
7317, 
7323, 
7329, 
7331, 
7346, 
7357, 
7363, 
7368, 
7375, 
7381, 
7391, 
7403, 
7406, 
7409, 
7416, 
7418, 
7430, 
7438, 
7446, 
7455, 
7461, 
7464, 
7470, 
7474, 
7479, 
7488, 
7496, 
7506, 
7515, 
7521, 
7525, 
7531, 
7544, 
7551, 
7560, 
7566, 
7571, 
7578, 
7586, 
7600, 
7611, 
7617, 
7621, 
7627, 
7636, 
7650, 
7658, 
7661, 
7663, 
7673, 
7677, 
7693, 
7706, 
7714, 
7720, 
7739, 
7744, 
7754, 
7757, 
7763, 
7770, 
7772, 
7783, 
7789, 
7795, 
7796, 
7798, 
7803, 
7808, 
7815, 
7821, 
7825, 
7832, 
7838, 
7845, 
7851, 
7859, 
7873, 
7887, 
7892, 
7898, 
7902, 
7907, 
7916, 
7921, 
7926, 
7938, 
7955, 
7983, 
7998, 
8019, 
8034, 
8045, 
8052, 
8056, 
8065, 
8078, 
8087, 
8091, 
8098, 
8106, 
8117, 
8125, 
8129, 
8137, 
8157, 
8170, 
8178, 
8185, 
8199, 
8213, 
8229, 
8238, 
8249, 
8253, 
8263, 
8269, 
8287, 
8300, 
8310, 
8314, 
8323, 
8329, 
8341, 
8352, 
8366, 
8380, 
8391, 
8394, 
8399, 
8400, 
8406, 
8416, 
8423, 
8434, 
8444, 
8446, 
8451, 
8459, 
8469, 
8481, 
8489, 
8499, 
8503, 
8506, 
8513, 
8523, 
8530, 
8537, 
8545, 
8558, 
8567, 
8579, 
8589, 
8595, 
8603, 
8614, 
8631, 
8643, 
8647, 
8655, 
8659, 
8665, 
8670, 
8672, 
8676, 
8682, 
8685, 
8695, 
8703, 
8708, 
8718, 
8723, 
8726, 
8731, 
8735, 
8736, 
8740, 
8750, 
8759, 
8773, 
8785, 
8793, 
8797, 
8807, 
8818, 
8831, 
8841, 
8859, 
8871, 
8884, 
8900, 
8913, 
8919, 
8927, 
8941, 
8948, 
8951, 
8957, 
8964, 
8967, 
8970, 
8984, 
8993, 
9002, 
9002, 
9006, 
9016, 
9023, 
9027, 
9031, 
9043, 
9047, 
9050, 
9055, 
9057, 
9065, 
9079, 
9092, 
9105, 
9113, 
9116, 
9122, 
9127, 
9132, 
9137, 
9143, 
9155, 
9165, 
9171, 
9179, 
9185, 
9190, 
9197, 
9202, 
9205, 
9210, 
9216, 
9221, 
9222, 
9226, 
9230, 
9242, 
9252, 
9261, 
9269, 
9286, 
9296, 
9302, 
9310, 
9321, 
9324, 
9330, 
9337, 
9342, 
9348, 
9352, 
9360, 
9371, 
9378, 
9387, 
9398, 
9406, 
9415, 
9422, 
9429, 
9437, 
9441, 
9451, 
9461, 
9464, 
9475, 
9482, 
9485, 
9487, 
9488, 
9489, 
9497, 
9506, 
9516, 
9529, 
9544, 
9560, 
9565, 
9572, 
9576, 
9581, 
9591, 
9596, 
9607, 
9609, 
9616, 
9620, 
9628, 
9637, 
9637, 
9650, 
9669, 
9682, 
9688, 
9700, 
9709, 
9715, 
9719, 
9730, 
9741, 
9749, 
9760, 
9772, 
9786, 
9798, 
9804, 
9810, 
9817, 
9822, 
9832, 
9837, 
9840, 
9847, 
9858, 
9864, 
9877, 
9889, 
9902, 
9910, 
9921, 
9930, 
9936, 
9940, 
9943, 
9948, 
9951, 
9955, 
9966, 
9975, 
9986, 
9993, 
10000, 
10007, 
10018, 
10033, 
10041, 
10043, 
10052, 
10058, 
10065, 
10070, 
10075, 
10079, 
10090, 
10097, 
10108, 
10115, 
10128, 
10134, 
10141, 
10145, 
10147, 
10154, 
10167, 
10172, 
10177, 
10185, 
10196, 
10209, 
10220, 
10227, 
10231, 
10241, 
10246, 
10250, 
10253, 
10257, 
10264, 
10278, 
10292, 
10303, 
10315, 
10325, 
10330, 
10332, 
