0, 
28, 
48, 
80, 
112, 
121, 
146, 
169, 
192, 
208, 
250, 
268, 
304, 
344, 
371, 
406, 
425, 
445, 
480, 
518, 
550, 
596, 
624, 
668, 
698, 
726, 
760, 
788, 
820, 
856, 
882, 
896, 
924, 
958, 
980, 
1012, 
1036, 
1059, 
1095, 
1120, 
1146, 
1164, 
1192, 
1214, 
1236, 
1272, 
1307, 
1328, 
1360, 
1394, 
1432, 
1462, 
1484, 
1512, 
1538, 
1571, 
1618, 
1638, 
1680, 
1710, 
1752, 
1782, 
1816, 
1865, 
1884, 
1918, 
1946, 
1978, 
1998, 
2020, 
2052, 
2105, 
2126, 
2148, 
2176, 
2208, 
2226, 
2250, 
2280, 
2294, 
2318, 
2365, 
2410, 
2442, 
2466, 
2506, 
2536, 
2564, 
2598, 
2628, 
2656, 
2685, 
2718, 
2747, 
2760, 
2780, 
2826, 
2852, 
2892, 
2918, 
2944, 
2977, 
3011, 
3058, 
3084, 
3106, 
3127, 
3154, 
3192, 
3226, 
3248, 
3272, 
3305, 
3328, 
3360, 
3388, 
3414, 
3432, 
3462, 
3496, 
3520, 
3566, 
3592, 
3630, 
3650, 
3674, 
3703, 
3724, 
3758, 
3784, 
3816, 
3860, 
3892, 
3904, 
3926, 
3946, 
3960, 
4004, 
4038, 
4065, 
4094, 
4120, 
4140, 
4152, 
4174, 
4214, 
4244, 
4274, 
4306, 
4335, 
4358, 
4382, 
4406, 
4432, 
4468, 
4494, 
4522, 
4552, 
4580, 
4598, 
4616, 
4636, 
4650, 
4678, 
4708, 
4748, 
4774, 
4798, 
4822, 
4854, 
4890, 
4916, 
4938, 
4972, 
5002, 
5036, 
5070, 
5114, 
5151, 
5197, 
5222, 
5258, 
5296, 
5315, 
5343, 
5370, 
5396, 
5420, 
5440, 
5496, 
5526, 
5552, 
5588, 
5620, 
5654, 
5686, 
5704, 
5722, 
5756, 
5782, 
5824, 
5860, 
5900, 
5942, 
5970, 
6010, 
6054, 
6084, 
6120, 
6146, 
6182, 
6215, 
6252, 
6278, 
6302, 
6337, 
6364, 
6400, 
6418, 
6432, 
6474, 
6497, 
6524, 
6566, 
6584, 
6609, 
6660, 
6688, 
6732, 
6767, 
6797, 
6822, 
6842, 
6872, 
6898, 
6920, 
6944, 
6990, 
7016, 
7058, 
7079, 
7100, 
7130, 
7151, 
7176, 
7200, 
7232, 
7266, 
7294, 
7306, 
7325, 
7360, 
7390, 
7422, 
7462, 
7498, 
7531, 
7570, 
7590, 
7612, 
7648, 
7668, 
7718, 
7746, 
7780, 
7812, 
7840, 
7868, 
7902, 
7932, 
7954, 
7976, 
8002, 
8030, 
8062, 
8100, 
8126, 
8152, 
8176, 
8194, 
8218, 
8248, 
8266, 
8290, 
8340, 
8388, 
8410, 
8446, 
8466, 
8495, 
8519, 
8544, 
8564, 
8604, 
8620, 
8642, 
8668, 
8712, 
8740, 
8785, 
8802, 
8831, 
8846, 
8874, 
8898, 
8916, 
8942, 
8976, 
9008, 
9034, 
9072, 
9110, 
9138, 
9160, 
9184, 
9218, 
9254, 
9276, 
9294, 
9312, 
9346, 
9366, 
9398, 
9426, 
9458, 
9476, 
9509, 
9538, 
9556, 
9586, 
9612, 
9640, 
9677, 
9710, 
9740, 
9760, 
9795, 
9830, 
9860, 
9878, 
9900, 
9910, 
9945, 
9968, 
9992, 
10024, 
10040, 
10070, 
10110, 
10140, 
10172, 
10197, 
10246, 
10262, 
10281, 
10316, 
10346, 
10378, 
10412, 
10432, 
10462, 
10514, 
10556, 
10586, 
10612, 
10628, 
10646, 
10666, 
10698, 
10736, 
10762, 
10804, 
10842, 
10876, 
10910, 
10934, 
10978, 
11004, 
11036, 
11062, 
11100, 
11124, 
11170, 
11196, 
11226, 
11268, 
11299, 
11330, 
11372, 
11406, 
11440, 
11472, 
11491, 
11518, 
11554, 
11583, 
11605, 
11632, 
11654, 
11678, 
11710, 
11732, 
11764, 
11788, 
11810, 
11832, 
11860, 
11872, 
11901, 
11922, 
11960, 
11992, 
12034, 
12062, 
12084, 
12114, 
12146, 
12170, 
12216, 
12224, 
12244, 
12262, 
12288, 
12306, 
12330, 
12334, 
12362, 
12400, 
12424, 
12448, 
12500, 
12523, 
12552, 
12588, 
12618, 
12650, 
12678, 
12710, 
12744, 
12770, 
12792, 
12826, 
12866, 
12896, 
12940, 
12962, 
12992, 
13010, 
13048, 
13086, 
13124, 
13153, 
13182, 
13204, 
13228, 
13258, 
13282, 
13322, 
13348, 
13369, 
13388, 
13398, 
13428, 
13471, 
13492, 
13540, 
13576, 
13602, 
13648, 
13676, 
13708, 
13732, 
13768, 
13806, 
13852, 
13880, 
13900, 
13932, 
13958, 
13982, 
14000, 
14022, 
14040, 
14076, 
14112, 
14140, 
14156, 
14184, 
14204, 
14228, 
14270, 
14294, 
14334, 
14358, 
14376, 
14416, 
14444, 
14460, 
14496, 
14532, 
14572, 
14602, 
14630, 
14661, 
14672, 
14700, 
14724, 
14758, 
14776, 
14804, 
14836, 
14861, 
14906, 
14930, 
14949, 
14972, 
15002, 
15020, 
15051, 
15092, 
15124, 
15146, 
15166, 
15184, 
15216, 
15238, 
15272, 
15306, 
15326, 
15340, 
15376, 
15401, 
15442, 
15496, 
15536, 
15556, 
15593, 
15620, 
15640, 
15686, 
15720, 
15756, 
15794, 
15805, 
15832, 
15860, 
15884, 
15910, 
15938, 
15966, 
15994, 
16024, 
16062, 
16104, 
16136, 
16176, 
16206, 
16226, 
16236, 
16268, 
16300, 
16320, 
16348, 
16370, 
16408, 
16440, 
16462, 
16486, 
16514, 
16554, 
16578, 
16614, 
16642, 
16672, 
16700, 
16718, 
16736, 
16770, 
16790, 
16812, 
16836, 
16860, 
16884, 
16909, 
16940, 
16960, 
16978, 
17022, 
17048, 
17090, 
17119, 
17142, 
17161, 
17206, 
17234, 
17254, 
17280, 
17304, 
17320, 
17345, 
17374, 
17411, 
17448, 
17474, 
17498, 
17514, 
17541, 
17562, 
17586, 
17624, 
17667, 
17681, 
17704, 
17728, 
17768, 
17804, 
17828, 
17851, 
17876, 
17896, 
17941, 
17968, 
18004, 
18019, 
18051, 
18091, 
18114, 
18140, 
18166, 
18202, 
18228, 
18262, 
18294, 
18332, 
18362, 
18392, 
18429, 
18446, 
18468, 
18498, 
18524, 
18560, 
18602, 
18632, 
18664, 
18698, 
18726, 
18763, 
18780, 
18806, 
18842, 
18860, 
18876, 
18908, 
18930, 
18961, 
18984, 
19011, 
19042, 
19069, 
19096, 
19148, 
19182, 
19204, 
19234, 
19264, 
19301, 
19334, 
19350, 
19388, 
19416, 
19456, 
19486, 
19540, 
19572, 
19596, 
19638, 
19668, 
19688, 
19714, 
19756, 
19776, 
19794, 
19822, 
19846, 
19870, 
19884, 
19924, 
19956, 
19978, 
20010, 
20034, 
20076, 
20102, 
20128, 
20160, 
20192, 
20212, 
20247, 
20268, 
20300, 
20322, 
20355, 
20380, 
20413, 
20446, 
20472, 
20496, 
20522, 
20542, 
20568, 
20597, 
20636, 
20664, 
20684, 
20714, 
20746, 
20774, 
20802, 
20845, 
20870, 
20894, 
20944, 
20976, 
20996, 
21018, 
21058, 
21102, 
21130, 
21149, 
21182, 
21214, 
21264, 
21286, 
21312, 
21332, 
21360, 
21394, 
21411, 
21430, 
21454, 
21482, 
21500, 
21527, 
21546, 
21572, 
21608, 
21632, 
21652, 
21672, 
21708, 
21751, 
21778, 
21810, 
21841, 
21882, 
21904, 
21924, 
21966, 
21994, 
22034, 
22062, 
22078, 
22104, 
22130, 
22154, 
22184, 
22204, 
22240, 
22262, 
22292, 
22322, 
22348, 
22368, 
22400, 
22432, 
22450, 
22464, 
22498, 
22524, 
22540, 
22567, 
22580, 
22616, 
22644, 
22678, 
22704, 
22720, 
22747, 
22782, 
22818, 
22846, 
22884, 
22914, 
22942, 
22964, 
22984, 
23034, 
23054, 
23088, 
23114, 
23144, 
23172, 
23199, 
23232, 
23256, 
23296, 
23334, 
23364, 
23400, 
23414, 
23446, 
23478, 
23502, 
23518, 
23550, 
23578, 
23610, 
23647, 
23676, 
23722, 
23744, 
23771, 
23801, 
23832, 
23860, 
23882, 
23924, 
23959, 
23990, 
24014, 
24052, 
24078, 
24114, 
24148, 
24182, 
24200, 
24218, 
24244, 
24260, 
24294, 
24332, 
24362, 
24386, 
24417, 
24471, 
24488, 
24521, 
24546, 
24584, 
24608, 
24636, 
24666, 
24704, 
24736, 
24768, 
24795, 
24824, 
24854, 
24878, 
24903, 
24942, 
24972, 
24996, 
25016, 
25044, 
25083, 
25115, 
25161, 
25196, 
25216, 
25236, 
25271, 
25308, 
25338, 
25374, 
25398, 
25416, 
25436, 
25468, 
25498, 
25536, 
25556, 
25582, 
25606, 
25656, 
25674, 
25694, 
25710, 
25738, 
25770, 
25792, 
25814, 
25836, 
25860, 
25888, 
25904, 
25940, 
25981, 
26018, 
26037, 
26065, 
26096, 
26120, 
26154, 
26180, 
26212, 
26234, 
26264, 
26294, 
26314, 
26356, 
26374, 
26398, 
26421, 
26444, 
26478, 
26506, 
26540, 
26561, 
26605, 
26640, 
26662, 
26694, 
26723, 
26758, 
26789, 
26812, 
26845, 
26880, 
26924, 
26968, 
27004, 
27033, 
27058, 
27088, 
27116, 
27150, 
27186, 
27216, 
27232, 
27270, 
27298, 
27308, 
27336, 
27362, 
27404, 
27434, 
27472, 
27500, 
27540, 
27570, 
27596, 
27631, 
27646, 
27684, 
27736, 
27772, 
27790, 
27826, 
27847, 
27883, 
27902, 
27926, 
27962, 
27992, 
28020, 
28050, 
28076, 
28110, 
28159, 
28180, 
28202, 
28238, 
28284, 
28304, 
28320, 
28360, 
28400, 
28430, 
28484, 
28516, 
28546, 
28572, 
28610, 
28642, 
28676, 
28697, 
28732, 
28760, 
28804, 
28820, 
28854, 
28876, 
28910, 
28942, 
28974, 
28998, 
29030, 
29057, 
29092, 
29118, 
29146, 
29176, 
29204, 
29230, 
29266, 
29285, 
29310, 
29336, 
29380, 
29417, 
29448, 
29470, 
29489, 
29522, 
29540, 
29562, 
29590, 
29609, 
29642, 
29668, 
29708, 
29744, 
29762, 
29782, 
29812, 
29835, 
29863, 
29894, 
29928, 
29948, 
29978, 
30012, 
30034, 
30070, 
30088, 
30127, 
30150, 
30178, 
30204, 
30234, 
30262, 
30296, 
30338, 
30354, 
30376, 
30396, 
30430, 
30446, 
30468, 
30502, 
30524, 
30574, 
30606, 
30626, 
30650, 
30678, 
30710, 
30748, 
30764, 
30806, 
30840, 
30866, 
30890, 
30906, 
30950, 
30972, 
30998, 
31022, 
31066, 
31100, 
31124, 
31160, 
31182, 
31196, 
31234, 
31256, 
31272, 
31296, 
31320, 
31336, 
31358, 
31387, 
31408, 
31432, 
31468, 
31510, 
31534, 
31574, 
31612, 
31625, 
31658, 
31691, 
31718, 
31750, 
31772, 
31794, 
31823, 
31853, 
31880, 
31894, 
31924, 
31952, 
31980, 
32008, 
32032, 
32068, 
32088, 
32108, 
32136, 
32162, 
32199, 
32241, 
32270, 
32297, 
32328, 
32366, 
32400, 
32422, 
32455, 
32488, 
32522, 
32558, 
32594, 
32626, 
32662, 
32686, 
32712, 
32738, 
32762, 
32784, 
32810, 
32832, 
32868, 
32890, 
32904, 
32935, 
32970, 
32994, 
33024, 
33042, 
33070, 
33082, 
33106, 
33138, 
33168, 
33188, 
33214, 
33226, 
33272, 
33293, 
33342, 
33364, 
33392, 
33420, 
33443, 
33468, 
33508, 
33546, 
33576, 
33609, 
33636, 
33663, 
33700, 
33720, 
33760, 
33784, 
33820, 
33836, 
33870, 
33902, 
33934, 
33964, 
33984, 
34016, 
34051, 
34068, 
34092, 
34118, 
34148, 
34183, 
34216, 
34258, 
34292, 
34330, 
34362, 
34393, 
34430, 
34470, 
34484, 
34518, 
34534, 
34564, 
34590, 
34620, 
34654, 
34680, 
34692, 
34713, 
34732, 
34762, 
34804, 
34834, 
34862, 
34884, 
34916, 
34938, 
34970, 
34996, 
35016, 
35042, 
35076, 
35102, 
35140, 
35172, 
35212, 
35238, 
35271, 
35308, 
35338, 
35370, 
35398, 
35429, 
35446, 
35478, 
35504, 
35530, 
35568, 
35586, 
35618, 
35646, 
35672, 
35704, 
35742, 
35772, 
35810, 
35836, 
35856, 
35898, 
35928, 
35962, 
35983, 
36002, 
36040, 
36056, 
36082, 
36100, 
36161, 
36184, 
36217, 
36250, 
36272, 
36307, 
36327, 
36356, 
36386, 
36416, 
36442, 
36474, 
36504, 
36524, 
36570, 
36590, 
36614, 
36647, 
36694, 
36724, 
36754, 
36784, 
36798, 
36822, 
36846, 
36858, 
36890, 
36922, 
36940, 
36966, 
37000, 
37022, 
37034, 
37056, 
37090, 
37128, 
37148, 
37166, 
37200, 
37236, 
37274, 
37314, 
37328, 
37348, 
37368, 
37399, 
37422, 
37440, 
37460, 
37488, 
37512, 
37548, 
37582, 
37608, 
37628, 
37660, 
37692, 
37710, 
37744, 
37758, 
37778, 
37814, 
37842, 
37873, 
37908, 
37942, 
37972, 
38000, 
38023, 
38058, 
38086, 
38132, 
38156, 
38185, 
38213, 
38234, 
38262, 
38288, 
38312, 
38340, 
38358, 
38368, 
38380, 
38406, 
38428, 
38444, 
38466, 
38490, 
38522, 
38542, 
38588, 
38620, 
38644, 
38681, 
38716, 
38748, 
38774, 
38814, 
38840, 
38853, 
38876, 
38906, 
38928, 
38950, 
38972, 
38994, 
39016, 
39043, 
39076, 
39096, 
39114, 
39150, 
39181, 
39214, 
39240, 
39272, 
39292, 
39314, 
39348, 
39372, 
39404, 
39438, 
39468, 
39486, 
39524, 
39568, 
39606, 
39636, 
39664, 
39684, 
39706, 
39734, 
39776, 
39802, 
39820, 
39852, 
39872, 
39896, 
39924, 
39962, 
40008, 
40028, 
40053, 
40084, 
40130, 
40150, 
40164, 
40188, 
40208, 
40234, 
40272, 
40308, 
40360, 
40382, 
40408, 
40436, 
40454, 
40486, 
40518, 
40550, 
40572, 
40594, 
40638, 
40666, 
40684, 
40718, 
40745, 
40768, 
40790, 
40818, 
40840, 
40870, 
40907, 
40944, 
40974, 
41018, 
41052, 
41086, 
41108, 
41128, 
41156, 
41186, 
41210, 
41240, 
41262, 
41288, 
41308, 
41328, 
41356, 
41384, 
41404, 
41426, 
41464, 
41490, 
41522, 
41548, 
41568, 
41604, 
41624, 
41652, 
41672, 
41690, 
41714, 
41750, 
41774, 
41800, 
41826, 
41846, 
41880, 
41922, 
41944, 
41986, 
42022, 
42032, 
42066, 
42084, 
42115, 
42150, 
42173, 
42186, 
42242, 
42260, 
42284, 
42316, 
42358, 
42386, 
42421, 
42462, 
42492, 
42524, 
42544, 
42564, 
42596, 
42644, 
42668, 
42705, 
42752, 
42778, 
42800, 
42822, 
42838, 
42857, 
42906, 
42930, 
42944, 
42986, 
43002, 
43034, 
43070, 
43094, 
43116, 
43140, 
43158, 
43184, 
43205, 
43240, 
43264, 
43292, 
43320, 
43348, 
43401, 
43438, 
43468, 
43494, 
43530, 
43554, 
43586, 
43609, 
43636, 
43659, 
43680, 
43711, 
43746, 
43770, 
43788, 
43820, 
43849, 
43860, 
43888, 
43925, 
43952, 
43982, 
44000, 
44020, 
44048, 
44070, 
44083, 
44096, 
44130, 
44161, 
44190, 
44230, 
44260, 
44292, 
44324, 
44354, 
44373, 
44394, 
44422, 
44448, 
44474, 
44518, 
44538, 
44562, 
44578, 
44604, 
44628, 
44646, 
44680, 
44708, 
44741, 
44776, 
44798, 
44832, 
44854, 
44894, 
44916, 
44938, 
44962, 
44990, 
45014, 
45044, 
45076, 
45101, 
45141, 
45180, 
45202, 
45229, 
45258, 
45274, 
45302, 
45338, 
45357, 
45382, 
45416, 
45444, 
45468, 
45480, 
45506, 
45540, 
45572, 
45604, 
45628, 
45658, 
45694, 
45712, 
45748, 
45776, 
45804, 
45830, 
45852, 
45890, 
45914, 
45944, 
45964, 
46001, 
46048, 
46083, 
46116, 
46140, 
46180, 
46214, 
46242, 
46270, 
46302, 
46347, 
46384, 
46422, 
46450, 
46480, 
46510, 
46530, 
46558, 
46580, 
46612, 
46636, 
46678, 
46694, 
46726, 
46740, 
46774, 
46822, 
46862, 
46894, 
46920, 
46948, 
46970, 
47003, 
47028, 
47058, 
47084, 
47122, 
47150, 
47180, 
47208, 
47260, 
47283, 
47306, 
47336, 
47372, 
47402, 
47426, 
47450, 
47472, 
47492, 
47530, 
47554, 
47590, 
47606, 
47642, 
47668, 
47708, 
47738, 
47758, 
47782, 
47812, 
47844, 
47862, 
47878, 
47904, 
47940, 
47962, 
47992, 
48018, 
48050, 
48076, 
48105, 
48120, 
48140, 
48166, 
48198, 
48235, 
48262, 
48293, 
48315, 
48350, 
48372, 
48410, 
48430, 
48478, 
48506, 
48528, 
48556, 
48588, 
48608, 
48650, 
48678, 
48689, 
48712, 
48738, 
48778, 
48806, 
48826, 
48850, 
48884, 
48923, 
48955, 
48984, 
49028, 
49048, 
49074, 
49098, 
49124, 
49154, 
49192, 
49218, 
49236, 
49268, 
49298, 
49326, 
49346, 
49366, 
49404, 
49430, 
49462, 
49484, 
49496, 
49520, 
49550, 
49582, 
49606, 
49640, 
49678, 
49702, 
49727, 
49764, 
49788, 
49834, 
49866, 
49882, 
49916, 
49944, 
49972, 
49995, 
50026, 
50047, 
50068, 
50095, 
50120, 
50146, 
50172, 
50202, 
50236, 
50260, 
50292, 
50326, 
50350, 
50390, 
50415, 
50428, 
50466, 
50486, 
50518, 
50552, 
50580, 
50622, 
50660, 
50692, 
50752, 
50772, 
50812, 
50832, 
50858, 
50896, 
50922, 
50956, 
50982, 
51010, 
51044, 
51082, 
51134, 
51156, 
51199, 
51222, 
51258, 
51296, 
51326, 
51348, 
51382, 
51419, 
51452, 
51490, 
51508, 
51545, 
51568, 
51598, 
51634, 
51662, 
51700, 
51714, 
51744, 
51771, 
51802, 
51822, 
51862, 
51890, 
51914, 
51940, 
51970, 
52002, 
52036, 
52079, 
52122, 
52144, 
52176, 
52202, 
52225, 
52244, 
52270, 
52294, 
52316, 
52334, 
52356, 
52376, 
52400, 
52438, 
52456, 
52485, 
52520, 
52546, 
52568, 
52604, 
52642, 
52674, 
52703, 
52733, 
52758, 
52786, 
52824, 
52844, 
52866, 
52889, 
52918, 
52940, 
52958, 
52974, 
52996, 
53010, 
53034, 
53052, 
53081, 
53120, 
53144, 
53178, 
53203, 
53230, 
53258, 
53278, 
53306, 
53360, 
53397, 
53430, 
53476, 
53495, 
53524, 
53554, 
53593, 
53614, 
53638, 
53676, 
53700, 
53736, 
53780, 
53826, 
53860, 
53890, 
53917, 
53948, 
53960, 
53994, 
54038, 
54062, 
54094, 
54134, 
54171, 
54198, 
54214, 
54242, 
54272, 
54292, 
54322, 
54356, 
54382, 
54418, 
54442, 
54481, 
54502, 
54532, 
54568, 
54599, 
54624, 
54658, 
54696, 
54726, 
54754, 
54792, 
54814, 
54838, 
54866, 
54892, 
54926, 
54960, 
55001, 
55022, 
55046, 
55080, 
55120, 
55147, 
55173, 
55200, 
55222, 
55269, 
55298, 
55344, 
55390, 
55422, 
55452, 
55476, 
55496, 
55536, 
55563, 
55592, 
55608, 
55636, 
55656, 
55688, 
55712, 
55746, 
55778, 
55806, 
55842, 
55870, 
55894, 
55930, 
55958, 
55986, 
56020, 
56056, 
56084, 
56110, 
56130, 
56162, 
56192, 
56232, 
56259, 
56290, 
56308, 
56336, 
56362, 
56394, 
56416, 
56438, 
56470, 
56506, 
56526, 
56560, 
56594, 
56618, 
56630, 
56661, 
56690, 
56718, 
56740, 
56772, 
56783, 
56828, 
56848, 
56888, 
56920, 
56948, 
56973, 
57000, 
57018, 
57036, 
57057, 
57084, 
57114, 
57140, 
57172, 
57216, 
57228, 
57266, 
57289, 
57308, 
57332, 
57352, 
57394, 
57418, 
57454, 
57500, 
57538, 
57556, 
57580, 
57608, 
57657, 
57688, 
57713, 
57730, 
57760, 
57776, 
57796, 
57818, 
57848, 
57876, 
57892, 
57918, 
57942, 
57972, 
58002, 
58026, 
58056, 
58084, 
58110, 
58124, 
58152, 
58174, 
58207, 
58242, 
58282, 
58308, 
58338, 
58366, 
58392, 
58414, 
58480, 
58536, 
58568, 
58610, 
58634, 
58648, 
58672, 
58706, 
58724, 
58752, 
58778, 
58820, 
58850, 
58882, 
58914, 
58933, 
58976, 
59008, 
59034, 
59060, 
59080, 
59106, 
59133, 
59178, 
59204, 
59218, 
59240, 
59272, 
59304, 
59342, 
59376, 
59404, 
59434, 
59450, 
59474, 
59501, 
59535, 
59560, 
59580, 
59604, 
59634, 
59658, 
59694, 
59738, 
59762, 
59777, 
59822, 
59859, 
59898, 
59924, 
59956, 
59998, 
60021, 
60046, 
60073, 
60098, 
60108, 
60142, 
60172, 
60202, 
60226, 
60250, 
60306, 
60350, 
60378, 
60418, 
60450, 
60478, 
60492, 
60522, 
60558, 
60594, 
60636, 
60664, 
60686, 
60700, 
60720, 
60750, 
60778, 
60810, 
60844, 
60876, 
60898, 
60928, 
60944, 
60968, 
60994, 
61022, 
61046, 
61076, 
61108, 
61138, 
61160, 
61216, 
61254, 
61288, 
61318, 
61344, 
61364, 
61385, 
61414, 
61441, 
61462, 
61490, 
61511, 
61538, 
61578, 
61632, 
61658, 
61676, 
61714, 
61748, 
61780, 
61812, 
61826, 
61862, 
61900, 
61916, 
61947, 
61986, 
62012, 
62036, 
62074, 
62110, 
62140, 
62166, 
62202, 
62232, 
62260, 
62278, 
62300, 
62323, 
62354, 
62388, 
62442, 
62478, 
62504, 
62546, 
62574, 
62608, 
62640, 
62678, 
62712, 
62748, 
62775, 
62786, 
62810, 
62850, 
62880, 
62900, 
62936, 
62978, 
63000, 
63024, 
63062, 
63104, 
63143, 
63174, 
63210, 
63236, 
63258, 
63318, 
63368, 
63402, 
63422, 
63456, 
63479, 
63526, 
63562, 
63593, 
63622, 
63634, 
63658, 
63692, 
63729, 
63754, 
63800, 
63817, 
63854, 
63882, 
63914, 
63954, 
63981, 
64000, 
64024, 
64052, 
64092, 
64120, 
64154, 
64178, 
64212, 
64238, 
64268, 
64290, 
64328, 
64350, 
64388, 
64416, 
64450, 
64468, 
64500, 
64526, 
64548, 
64562, 
64590, 
64608, 
64638, 
64660, 
64690, 
64722, 
64726, 
64752, 
64778, 
64794, 
64832, 
64880, 
64908, 
64934, 
64962, 
64978, 
65008, 
65040, 
65076, 
65112, 
65144, 
65166, 
65186, 
65220, 
65245, 
65268, 
65323, 
65344, 
65368, 
65396, 
65420, 
65452, 
65478, 
65510, 
65556, 
65578, 
65604, 
65618, 
65640, 
65676, 
65705, 
65726, 
65762, 
65788, 
65816, 
65835, 
65866, 
65884, 
65919, 
65948, 
65970, 
66008, 
66037, 
66066, 
66084, 
66098, 
66132, 
66144, 
66176, 
66210, 
66264, 
66286, 
66312, 
66334, 
66368, 
66404, 
66420, 
66444, 
66468, 
66492, 
66510, 
66530, 
66564, 
66604, 
66630, 
66646, 
66680, 
66704, 
66734, 
66766, 
66776, 
66808, 
66840, 
66872, 
66898, 
66932, 
66966, 
66986, 
67015, 
67046, 
67074, 
67100, 
67140, 
67164, 
67200, 
67226, 
67250, 
67268, 
67300, 
67330, 
67350, 
67384, 
67420, 
67454, 
67482, 
67521, 
67542, 
67564, 
67584, 
67634, 
67665, 
67690, 
67720, 
67754, 
67782, 
67808, 
67838, 
67862, 
67898, 
67915, 
67944, 
67974, 
68006, 
68037, 
68074, 
68112, 
68148, 
68182, 
68216, 
68248, 
68272, 
68314, 
68334, 
68354, 
68384, 
68408, 
68440, 
68468, 
68480, 
68496, 
68520, 
68544, 
68559, 
68580, 
68603, 
68635, 
68664, 
68688, 
68720, 
68742, 
68772, 
68806, 
68832, 
68852, 
68871, 
68888, 
68923, 
68967, 
68998, 
69028, 
69072, 
69088, 
69110, 
69138, 
69172, 
69206, 
69224, 
69250, 
69292, 
69320, 
69351, 
69384, 
69408, 
69435, 
69468, 
69501, 
69522, 
69542, 
69571, 
69590, 
69624, 
69648, 
69694, 
69720, 
69752, 
69770, 
69812, 
69856, 
69881, 
69914, 
69950, 
69982, 
70004, 
70026, 
70060, 
70076, 
70098, 
70132, 
70164, 
70188, 
70221, 
70242, 
70271, 
70294, 
70312, 
70334, 
70356, 
70377, 
70406, 
70434, 
70464, 
70512, 
70534, 
70580, 
70610, 
70640, 
70662, 
70684, 
70714, 
70750, 
70786, 
70815, 
70846, 
70880, 
70904, 
70924, 
70942, 
70988, 
71010, 
71032, 
71052, 
71066, 
71100, 
71125, 
71158, 
71190, 
71224, 
71250, 
71274, 
71308, 
71344, 
71358, 
71382, 
71420, 
71460, 
71494, 
71530, 
71565, 
71580, 
71594, 
71616, 
71633, 
71668, 
71686, 
71724, 
71739, 
71759, 
71790, 
71822, 
71862, 
71888, 
71912, 
71940, 
71958, 
72000, 
72026, 
72046, 
72062, 
72090, 
72122, 
72148, 
72187, 
72232, 
72266, 
72286, 
72306, 
72330, 
72360, 
72394, 
72418, 
72448, 
72488, 
72506, 
72532, 
72571, 
72605, 
72631, 
72660, 
72682, 
72704, 
72734, 
72773, 
72810, 
72837, 
72863, 
72897, 
72930, 
72958, 
72988, 
73006, 
73034, 
73078, 
73122, 
73146, 
73170, 
73204, 
73224, 
73240, 
73265, 
73310, 
73330, 
73356, 
73390, 
73420, 
73448, 
73484, 
73514, 
73538, 
73574, 
73596, 
73620, 
73644, 
73670, 
73688, 
73722, 
73742, 
73782, 
73818, 
73848, 
73885, 
73912, 
73946, 
73972, 
73988, 
74008, 
74034, 
74052, 
74099, 
74122, 
74162, 
74206, 
74236, 
74266, 
74308, 
74330, 
74354, 
74384, 
74414, 
74441, 
74458, 
74476, 
74498, 
74526, 
74560, 
74590, 
74610, 
74646, 
74682, 
74710, 
74740, 
74778, 
74800, 
74828, 
74842, 
74880, 
74910, 
74940, 
74970, 
74984, 
75024, 
75044, 
75074, 
75104, 
75132, 
75162, 
75182, 
75232, 
75262, 
75280, 
75320, 
75362, 
75396, 
75438, 
75460, 
75478, 
75500, 
75528, 
75570, 
75596, 
75628, 
75658, 
75672, 
75685, 
75724, 
75746, 
75780, 
75804, 
75822, 
75850, 
75882, 
75936, 
75962, 
75996, 
76020, 
76044, 
76072, 
76086, 
76122, 
76150, 
76184, 
76222, 
76262, 
76290, 
76306, 
76346, 
76376, 
76414, 
76450, 
76470, 
76516, 
76536, 
76558, 
76584, 
76598, 
76630, 
76652, 
76682, 
76726, 
76750, 
76790, 
76808, 
76826, 
76870, 
76900, 
76928, 
76954, 
76980, 
76998, 
77026, 
77050, 
77082, 
77108, 
77152, 
77188, 
77202, 
77224, 
77240, 
77266, 
77296, 
77327, 
77355, 
77380, 
77402, 
77418, 
77451, 
77482, 
77522, 
77546, 
77584, 
77608, 
77644, 
77686, 
77714, 
77762, 
77800, 
77834, 
77864, 
77904, 
77918, 
77948, 
77980, 
78010, 
78038, 
78064, 
78088, 
78116, 
78130, 
78154, 
78186, 
78210, 
78234, 
78262, 
78320, 
78338, 
78378, 
78417, 
78434, 
78473, 
78504, 
78526, 
78548, 
78576, 
78608, 
78646, 
78684, 
78720, 
78760, 
78790, 
78820, 
78844, 
78866, 
78912, 
78940, 
78962, 
78990, 
79031, 
79064, 
79084, 
79102, 
79142, 
79173, 
79198, 
79241, 
79272, 
79318, 
79342, 
79376, 
79408, 
79458, 
79485, 
79515, 
79536, 
79560, 
79580, 
79608, 
79638, 
79674, 
79704, 
79718, 
79738, 
79774, 
79802, 
79838, 
79872, 
79914, 
79940, 
79966, 
80002, 
80030, 
80074, 
80112, 
80132, 
80174, 
80196, 
80210, 
80230, 
80266, 
80297, 
80337, 
80376, 
80420, 
80452, 
80472, 
80506, 
80523, 
80566, 
80586, 
80616, 
80652, 
80682, 
80720, 
80746, 
80772, 
80800, 
80834, 
80872, 
80903, 
80930, 
80970, 
80992, 
81018, 
81048, 
81068, 
81090, 
81120, 
81146, 
81178, 
81204, 
81227, 
81258, 
81286, 
81311, 
81326, 
81356, 
81382, 
81400, 
81436, 
81466, 
81496, 
81528, 
81546, 
81576, 
81610, 
81644, 
81674, 
81716, 
81744, 
81750, 
81792, 
81822, 
81842, 
81876, 
81924, 
81958, 
81988, 
82010, 
82028, 
82064, 
82092, 
82132, 
82166, 
82194, 
82209, 
82232, 
82268, 
82289, 
82324, 
82361, 
82394, 
82420, 
82458, 
82478, 
82502, 
82520, 
82567, 
82608, 
82636, 
82662, 
82710, 
82726, 
82774, 
82804, 
82834, 
82862, 
82894, 
82931, 
82956, 
83004, 
83022, 
83056, 
83085, 
83122, 
83162, 
83184, 
83221, 
83250, 
83276, 
83306, 
83336, 
83354, 
83388, 
83420, 
83444, 
83476, 
83518, 
83538, 
83572, 
83598, 
83620, 
83644, 
83679, 
83708, 
83727, 
83765, 
83798, 
83828, 
83850, 
83880, 
83898, 
83922, 
83938, 
83968, 
83990, 
84018, 
84044, 
84074, 
84106, 
84142, 
84178, 
84220, 
84235, 
84258, 
84284, 
84327, 
84352, 
84388, 
84404, 
84430, 
84456, 
84482, 
84512, 
84540, 
84584, 
84614, 
84650, 
84684, 
84716, 
84737, 
84764, 
84806, 
84840, 
84865, 
84900, 
84926, 
84962, 
84995, 
85018, 
85052, 
85076, 
85112, 
85139, 
85156, 
85183, 
85218, 
85248, 
85270, 
85294, 
85320, 
85352, 
85386, 
85430, 
85460, 
85486, 
85516, 
85547, 
85576, 
85608, 
85646, 
85673, 
85710, 
85728, 
85752, 
85776, 
85790, 
85812, 
85842, 
85873, 
85894, 
85918, 
85956, 
85982, 
86020, 
86057, 
86084, 
86106, 
86126, 
86148, 
86179, 
86204, 
86224, 
86256, 
86287, 
86320, 
86350, 
86398, 
86430, 
86468, 
86494, 
86523, 
86544, 
86572, 
86600, 
86624, 
86662, 
86688, 
86715, 
86738, 
86780, 
86796, 
86834, 
86851, 
86886, 
86918, 
86954, 
86974, 
86992, 
87020, 
87052, 
87092, 
87124, 
87154, 
87186, 
87212, 
87244, 
87284, 
87312, 
87348, 
87386, 
87414, 
87446, 
87471, 
87502, 
87532, 
87556, 
87584, 
87626, 
87664, 
87690, 
87711, 
87736, 
87772, 
87798, 
87834, 
87864, 
87882, 
87918, 
87944, 
87968, 
87996, 
88028, 
88060, 
88087, 
88123, 
88164, 
88190, 
88224, 
88256, 
88290, 
88308, 
88332, 
88368, 
88422, 
88456, 
88464, 
88498, 
88526, 
88553, 
88578, 
88600, 
88624, 
88646, 
88674, 
88688, 
88712, 
88743, 
88770, 
88798, 
88842, 
88868, 
88904, 
88928, 
88969, 
88992, 
89038, 
89074, 
89118, 
89144, 
89162, 
89200, 
89223, 
89258, 
89290, 
89308, 
89334, 
89367, 
89392, 
89434, 
89458, 
89478, 
89502, 
89526, 
89570, 
89600, 
89616, 
89644, 
89666, 
89697, 
89727, 
89762, 
89794, 
89827, 
89864, 
89890, 
89914, 
89934, 
89965, 
90000, 
90050, 
90082, 
90120, 
90140, 
90165, 
90213, 
90248, 
90279, 
90298, 
90327, 
90366, 
90402, 
90428, 
90472, 
90498, 
90516, 
90546, 
90582, 
90616, 
90640, 
90664, 
90708, 
90728, 
90756, 
90786, 
90806, 
90832, 
90872, 
90902, 
90928, 
90958, 
90986, 
91020, 
91052, 
91075, 
91102, 
91134, 
91172, 
91200, 
91226, 
91262, 
91296, 
91330, 
91362, 
91408, 
91432, 
91446, 
91493, 
91526, 
91554, 
91564, 
91600, 
91642, 
91672, 
91696, 
91742, 
91778, 
91794, 
91818, 
91836, 
91864, 
91894, 
91922, 
91942, 
91976, 
91996, 
92024, 
92054, 
92094, 
92124, 
92149, 
92182, 
92214, 
92240, 
92290, 
92328, 
92347, 
92380, 
92418, 
92444, 
92480, 
92514, 
92538, 
92577, 
92603, 
92650, 
92670, 
92706, 
92736, 
92780, 
92804, 
92826, 
92856, 
92883, 
92931, 
92978, 
93020, 
93056, 
93072, 
93112, 
93128, 
93165, 
93204, 
93232, 
93260, 
93286, 
93318, 
93348, 
93375, 
93410, 
93456, 
93484, 
93512, 
93546, 
93576, 
93606, 
93634, 
93675, 
93694, 
93716, 
93740, 
93776, 
93822, 
93848, 
93880, 
93898, 
93926, 
93966, 
94000, 
94023, 
94044, 
94065, 
94100, 
94134, 
94164, 
94194, 
94226, 
94252, 
94280, 
94308, 
94324, 
94346, 
94384, 
94404, 
94426, 
94464, 
94500, 
94520, 
94554, 
94580, 
94610, 
94634, 
94660, 
94682, 
94708, 
94746, 
94789, 
94828, 
94850, 
94888, 
94918, 
94940, 
94984, 
95018, 
95046, 
95074, 
95100, 
95136, 
95170, 
95188, 
95206, 
95242, 
95262, 
95284, 
95328, 
95358, 
95394, 
95426, 
95460, 
95488, 
95520, 
95540, 
95554, 
95590, 
95629, 
95654, 
95680, 
95708, 
95745, 
95782, 
95816, 
95836, 
95868, 
95890, 
95922, 
95941, 
95970, 
95994, 
96028, 
96058, 
96092, 
96112, 
96136, 
96158, 
96188, 
96210, 
96260, 
96292, 
96326, 
96350, 
96368, 
96400, 
96426, 
96454, 
96470, 
96504, 
96528, 
96556, 
96594, 
96612, 
96650, 
96678, 
96705, 
96736, 
96762, 
96782, 
96803, 
96830, 
96872, 
96904, 
96922, 
96960, 
96976, 
97006, 
97024, 
97052, 
97078, 
97109, 
97138, 
97158, 
97182, 
97222, 
97252, 
97286, 
97312, 
97340, 
97373, 
97398, 
97426, 
97428, 
97450, 
97473, 
97488, 
97521, 
97556, 
97578, 
97598, 
97614, 
97648, 
97674, 
97708, 
97738, 
97784, 
97806, 
97844, 
97858, 
97890, 
97916, 
97938, 
97958, 
97978, 
97997, 
98024, 
98052, 
98070, 
98106, 
98138, 
98168, 
98198, 
98236, 
98270, 
98308, 
98344, 
98382, 
98400, 
98420, 
98442, 
98464, 
98484, 
98517, 
98540, 
98572, 
98588, 
98614, 
98644, 
98667, 
98704, 
98726, 
98748, 
98766, 
98790, 
98814, 
98834, 
98862, 
98891, 
98918, 
98958, 
98976, 
99005, 
99040, 
99060, 
99090, 
99116, 
99152, 
99176, 
99200, 
99218, 
99258, 
99306, 
99354, 
99390, 
99422, 
99446, 
99491, 
99518, 
99562, 
99603, 
99634, 
99664, 
99712, 
99729, 
99742, 
99791, 
99823, 
99848, 
99874, 
99900, 
99914, 
99944, 
99981, 
100006, 
100036, 
100070, 
100094, 
100118, 
100154, 
100182, 
100213, 
100238, 
100252, 
100282, 
100312, 
100344, 
100386, 
100416, 
100440, 
100470, 
100508, 
100540, 
100576, 
100608, 
100640, 
100694, 
100722, 
100742, 
100766, 
100802, 
100824, 
100846, 
100878, 
100906, 
100937, 
100976, 
101004, 
101062, 
101098, 
101112, 
101136, 
101158, 
101186, 
101216, 
101237, 
101275, 
101308, 
101330, 
101366, 
101396, 
101428, 
101478, 
101508, 
101548, 
101578, 
101602, 
101636, 
101652, 
101676, 
101706, 
101738, 
101765, 
101796, 
101818, 
101844, 
101872, 
101902, 
101918, 
101962, 
101988, 
102012, 
102038, 
102062, 
102088, 
102132, 
102156, 
102176, 
102191, 
102226, 
102264, 
102289, 
102325, 
102352, 
102390, 
102418, 
102436, 
102472, 
102492, 
102530, 
102566, 
102602, 
102640, 
102656, 
102704, 
102744, 
102776, 
102818, 
102838, 
102866, 
102886, 
102918, 
102958, 
102983, 
103004, 
103032, 
103056, 
103090, 
103122, 
103172, 
103204, 
103234, 
103250, 
103272, 
103298, 
103320, 
103362, 
103396, 
103425, 
103449, 
103476, 
103510, 
103538, 
103584, 
103612, 
103647, 
103674, 
103706, 
103727, 
103753, 
103786, 
103800, 
103820, 
103856, 
103876, 
103916, 
103940, 
103980, 
104006, 
104026, 
104069, 
104098, 
104122, 
104146, 
104164, 
104190, 
104232, 
104260, 
104298, 
104326, 
104356, 
104392, 
104416, 
104458, 
104494, 
104520, 
104534, 
104562, 
104590, 
104618, 
104642, 
104668, 
104694, 
104724, 
104762, 
104790, 
104828, 
104875, 
104914, 
104932, 
104964, 
104994, 
105018, 
105038, 
105064, 
105110, 
105138, 
105168, 
105194, 
105228, 
105256, 
105280, 
105308, 
105332, 
105356, 
105410, 
105447, 
105486, 
105524, 
105561, 
105604, 
105646, 
105672, 
105699, 
105718, 
105764, 
105792, 
105812, 
105846, 
105878, 
105904, 
105936, 
105954, 
105988, 
106014, 
106059, 
106090, 
106126, 
106158, 
106189, 
106227, 
106252, 
106282, 
106320, 
106340, 
106372, 
106392, 
106418, 
106454, 
106484, 
106514, 
106534, 
106568, 
106594, 
106640, 
106654, 
106678, 
106712, 
106741, 
106766, 
106790, 
106816, 
106846, 
106856, 
106896, 
106937, 
106958, 
106996, 
107021, 
107042, 
107064, 
107098, 
107118, 
107144, 
107193, 
107228, 
107257, 
107275, 
107295, 
107328, 
107364, 
107386, 
107421, 
107444, 
107458, 
107492, 
107516, 
107538, 
107574, 
107602, 
107646, 
107670, 
107690, 
107709, 
107738, 
107764, 
107802, 
107827, 
107860, 
107894, 
107932, 
107962, 
107996, 
108036, 
108058, 
108093, 
108118, 
108140, 
108160, 
108187, 
108210, 
108248, 
108274, 
108300, 
108336, 
108378, 
108412, 
108448, 
108472, 
108516, 
108550, 
108576, 
108615, 
108640, 
108674, 
108710, 
108753, 
108792, 
108822, 
108844, 
108896, 
108934, 
108956, 
108972, 
109008, 
109044, 
109066, 
109098, 
109118, 
109136, 
109180, 
109232, 
109260, 
109296, 
109324, 
109348, 
109378, 
109418, 
109452, 
109486, 
109510, 
109540, 
109568, 
109612, 
109644, 
109658, 
109682, 
109700, 
109726, 
109768, 
109788, 
109820, 
109850, 
109874, 
109894, 
109914, 
109956, 
109978, 
109992, 
110018, 
110052, 
110082, 
110114, 
110132, 
110154, 
110162, 
110208, 
110238, 
110262, 
110296, 
110324, 
110352, 
110372, 
110405, 
110438, 
110472, 
110498, 
110544, 
110572, 
110596, 
110614, 
110634, 
110662, 
110694, 
110718, 
110754, 
110782, 
110828, 
110870, 
110908, 
110938, 
110962, 
110986, 
111004, 
111034, 
111062, 
111094, 
111122, 
111156, 
111200, 
111252, 
111273, 
111308, 
111332, 
111374, 
111414, 
111430, 
111465, 
111488, 
111508, 
111539, 
111570, 
111603, 
111622, 
111654, 
111686, 
111719, 
111748, 
111774, 
111794, 
111828, 
111862, 
111884, 
111898, 
111930, 
111964, 
111980, 
112002, 
112032, 
112064, 
112103, 
112140, 
112170, 
112194, 
112208, 
112238, 
112270, 
112300, 
112324, 
112348, 
112396, 
112410, 
112442, 
112476, 
112502, 
112524, 
112556, 
112582, 
112616, 
112652, 
112692, 
112728, 
112744, 
112768, 
112790, 
112816, 
112852, 
112886, 
112908, 
112938, 
112956, 
112985, 
113006, 
113030, 
113050, 
113071, 
113096, 
113122, 
113168, 
113184, 
113222, 
113250, 
113280, 
113296, 
113312, 
113354, 
113370, 
113400, 
113430, 
113458, 
113486, 
113514, 
113538, 
113562, 
113605, 
113634, 
113658, 
113686, 
113700, 
113728, 
113758, 
113796, 
113820, 
113844, 
113876, 
113901, 
113936, 
113954, 
113974, 
114012, 
114040, 
114064, 
114084, 
114112, 
114135, 
114156, 
114180, 
114200, 
114220, 
114236, 
114268, 
114287, 
114316, 
114346, 
114360, 
114388, 
114416, 
114442, 
114482, 
114514, 
114554, 
114580, 
114610, 
114634, 
114663, 
114688, 
114734, 
114766, 
114783, 
114822, 
114839, 
114856, 
114893, 
114932, 
114957, 
114990, 
115016, 
115060, 
115086, 
115118, 
115142, 
115173, 
115200, 
115232, 
115255, 
115281, 
115309, 
115342, 
115382, 
115418, 
115456, 
115496, 
115524, 
115556, 
115590, 
115620, 
115654, 
115694, 
115726, 
115763, 
115788, 
115804, 
115834, 
115864, 
115882, 
115900, 
115932, 
115956, 
115979, 
116026, 
116046, 
116068, 
116084, 
116104, 
116148, 
116182, 
116204, 
116224, 
116270, 
116302, 
116332, 
116364, 
116404, 
116434, 
116468, 
116499, 
116530, 
116554, 
116594, 
116604, 
116630, 
116658, 
116716, 
116738, 
116776, 
116794, 
116813, 
116838, 
116871, 
116900, 
116928, 
116956, 
116985, 
117014, 
117048, 
117071, 
117108, 
117124, 
117142, 
117174, 
117230, 
117245, 
117274, 
117308, 
117350, 
117372, 
117398, 
117420, 
117444, 
117474, 
117496, 
117532, 
117568, 
117606, 
117648, 
117680, 
117718, 
117764, 
117784, 
117812, 
117824, 
117840, 
117853, 
117886, 
117908, 
117944, 
117962, 
117984, 
118016, 
118032, 
118048, 
118068, 
118100, 
118134, 
118182, 
118222, 
118248, 
118278, 
118308, 
118331, 
118368, 
118397, 
118453, 
118488, 
118520, 
118549, 
118573, 
118606, 
118654, 
118674, 
118694, 
118720, 
118754, 
118774, 
118802, 
118830, 
118858, 
118896, 
118916, 
118934, 
118952, 
118974, 
119004, 
119040, 
119070, 
119086, 
119116, 
119141, 
119170, 
119196, 
119222, 
119245, 
119272, 
119290, 
119322, 
119348, 
119375, 
119396, 
119424, 
119464, 
119482, 
119511, 
119553, 
119584, 
119610, 
119646, 
119678, 
119705, 
119744, 
119766, 
119794, 
119831, 
119870, 
119892, 
119920, 
119948, 
119972, 
119992, 
120032, 
120087, 
120114, 
120137, 
120164, 
120192, 
120216, 
120258, 
120310, 
120331, 
120366, 
120389, 
120408, 
120454, 
120500, 
120540, 
120560, 
120596, 
120622, 
120640, 
120670, 
120696, 
120722, 
120750, 
120784, 
120826, 
120854, 
120878, 
120902, 
120920, 
120932, 
120960, 
120982, 
121006, 
121032, 
121070, 
121092, 
121118, 
121135, 
121169, 
121199, 
121220, 
121236, 
121262, 
121292, 
121310, 
121332, 
121353, 
121382, 
121418, 
121458, 
121480, 
121516, 
121540, 
121578, 
121616, 
121654, 
121672, 
121712, 
121736, 
121754, 
121784, 
121810, 
121842, 
121882, 
121898, 
121928, 
121970, 
121994, 
122022, 
122050, 
122078, 
122104, 
122150, 
122178, 
122204, 
122238, 
122269, 
122300, 
122334, 
122356, 
122386, 
122418, 
122450, 
122490, 
122514, 
122552, 
122578, 
122610, 
122636, 
122666, 
122714, 
122747, 
122776, 
122798, 
122810, 
122836, 
122866, 
122900, 
122930, 
122960, 
122982, 
123010, 
123032, 
123042, 
123066, 
123092, 
123120, 
123152, 
123182, 
123214, 
123245, 
123266, 
123298, 
123324, 
123374, 
123408, 
123440, 
123459, 
123514, 
123548, 
123566, 
123586, 
123608, 
123634, 
123668, 
123716, 
123744, 
123776, 
123802, 
123822, 
123847, 
123886, 
123908, 
123926, 
123976, 
124010, 
124026, 
124040, 
124081, 
124117, 
124140, 
124164, 
124188, 
124218, 
124234, 
124251, 
124290, 
124314, 
124344, 
124370, 
124396, 
124429, 
124450, 
124481, 
124508, 
124538, 
124572, 
124596, 
124628, 
124660, 
124682, 
124707, 
124740, 
124762, 
124784, 
124810, 
124844, 
124882, 
124912, 
124956, 
124990, 
125022, 
125052, 
125080, 
125104, 
125134, 
125165, 
125187, 
125216, 
125254, 
125296, 
125318, 
125340, 
125364, 
125392, 
125438, 
125462, 
125488, 
125514, 
125552, 
125572, 
125606, 
125629, 
125673, 
125710, 
125743, 
125768, 
125803, 
125821, 
125839, 
125858, 
125886, 
125914, 
125936, 
125972, 
126020, 
126042, 
126072, 
126106, 
126139, 
126168, 
126208, 
126232, 
126256, 
126291, 
126324, 
126348, 
126379, 
126406, 
126439, 
126476, 
126513, 
126548, 
126568, 
126596, 
126622, 
126637, 
126682, 
126714, 
126748, 
126785, 
126817, 
126859, 
126892, 
126914, 
126948, 
126976, 
127020, 
127042, 
127081, 
127108, 
127142, 
127172, 
127188, 
127212, 
127226, 
127258, 
127288, 
127318, 
127346, 
127372, 
127409, 
127434, 
127460, 
127478, 
127504, 
127514, 
127540, 
127560, 
127586, 
127624, 
127654, 
127688, 
127710, 
127734, 
127768, 
127784, 
127822, 
127838, 
127872, 
127892, 
127924, 
127950, 
127966, 
128000, 
128030, 
128074, 
128098, 
128140, 
128162, 
128192, 
128230, 
128260, 
128290, 
128322, 
128348, 
128376, 
128402, 
128432, 
128468, 
128504, 
128530, 
128561, 
128584, 
128618, 
128650, 
128674, 
128706, 
128742, 
128774, 
128792, 
128831, 
128854, 
128884, 
128912, 
128934, 
128962, 
128984, 
129008, 
129038, 
129070, 
129104, 
129128, 
129160, 
129192, 
129237, 
129260, 
129288, 
129314, 
129332, 
129356, 
129386, 
129420, 
129446, 
129467, 
129484, 
129516, 
129536, 
129562, 
129590, 
129616, 
129639, 
129668, 
129690, 
129716, 
129760, 
129786, 
129798, 
129828, 
129874, 
129911, 
129932, 
129966, 
129996, 
130030, 
130052, 
130086, 
130104, 
130128, 
130184, 
130210, 
130224, 
130242, 
130268, 
130284, 
130309, 
130344, 
130376, 
130408, 
130436, 
130464, 
130492, 
130522, 
130562, 
130589, 
130623, 
130654, 
130681, 
130712, 
130741, 
130774, 
130806, 
130820, 
130842, 
130868, 
130893, 
130928, 
130966, 
130993, 
131030, 
131058, 
131084, 
131118, 
131142, 
131170, 
131192, 
131202, 
131226, 
131254, 
131286, 
131326, 
131345, 
131374, 
131413, 
131442, 
131480, 
131500, 
131524, 
131538, 
131558, 
131584, 
131614, 
131648, 
131682, 
131708, 
131726, 
131758, 
131784, 
131822, 
131850, 
131878, 
131934, 
131962, 
132000, 
132032, 
132060, 
132078, 
132102, 
132138, 
132158, 
132174, 
132200, 
132230, 
132262, 
132282, 
132306, 
132330, 
132361, 
132380, 
132429, 
132456, 
132484, 
132508, 
132544, 
132562, 
132590, 
132620, 
132656, 
132678, 
132702, 
132715, 
132745, 
132790, 
132814, 
132856, 
132888, 
132916, 
132938, 
132973, 
133003, 
133020, 
133052, 
133072, 
133094, 
133124, 
133148, 
133173, 
133230, 
133259, 
133299, 
133328, 
133358, 
133386, 
133416, 
133444, 
133462, 
133518, 
133541, 
133558, 
133586, 
133615, 
133644, 
133672, 
133704, 
133720, 
133750, 
133763, 
133789, 
133814, 
133839, 
133871, 
133898, 
133934, 
133954, 
133986, 
134022, 
134068, 
134092, 
134130, 
134166, 
134206, 
134238, 
134276, 
134312, 
134342, 
134372, 
134396, 
134422, 
134468, 
134484, 
134516, 
134536, 
134566, 
134590, 
134616, 
134636, 
134668, 
134686, 
134710, 
134742, 
134772, 
134784, 
134814, 
134844, 
134876, 
134906, 
134944, 
134978, 
135000, 
135034, 
135068, 
135092, 
135120, 
135136, 
135171, 
135190, 
135222, 
135256, 
135284, 
135318, 
135342, 
135364, 
135386, 
135410, 
135434, 
135468, 
135518, 
135538, 
135564, 
135582, 
135626, 
135666, 
135703, 
135762, 
135791, 
135820, 
135845, 
135876, 
135900, 
135912, 
135942, 
135984, 
136018, 
136044, 
136074, 
136114, 
136142, 
136168, 
136198, 
136228, 
136250, 
136278, 
136327, 
136362, 
136410, 
136436, 
136476, 
136498, 
136529, 
136550, 
136580, 
136606, 
136636, 
136664, 
136702, 
136734, 
136768, 
136816, 
136844, 
136864, 
136910, 
136946, 
136968, 
137006, 
137028, 
137064, 
137086, 
137116, 
137148, 
137160, 
137196, 
137240, 
137263, 
137308, 
137356, 
137384, 
137406, 
137443, 
137463, 
137498, 
137526, 
137554, 
137576, 
137598, 
137628, 
137652, 
137673, 
137690, 
137710, 
137736, 
137779, 
137813, 
137842, 
137870, 
137890, 
137920, 
137934, 
137960, 
137992, 
138016, 
138040, 
138078, 
138126, 
138170, 
138204, 
138230, 
138254, 
138288, 
138308, 
138328, 
138358, 
138394, 
138428, 
138454, 
138488, 
138530, 
138561, 
138602, 
138622, 
138660, 
138680, 
138704, 
138741, 
138768, 
138806, 
138834, 
138852, 
138892, 
138930, 
138961, 
138998, 
139030, 
139052, 
139082, 
139098, 
139122, 
139150, 
139166, 
139192, 
139235, 
139264, 
139296, 
139336, 
139374, 
139390, 
139412, 
139444, 
139459, 
139486, 
139508, 
139544, 
139576, 
139596, 
139622, 
139646, 
139668, 
139686, 
139706, 
139742, 
139772, 
139798, 
139830, 
139862, 
139898, 
139936, 
139980, 
140000, 
140027, 
140043, 
140076, 
140108, 
140146, 
140168, 
140206, 
140236, 
140264, 
140292, 
140320, 
140342, 
140378, 
140414, 
140444, 
140464, 
140495, 
140532, 
140562, 
140592, 
140630, 
140656, 
140684, 
140706, 
140730, 
140768, 
140796, 
140822, 
140848, 
140904, 
140924, 
140952, 
140976, 
140998, 
141012, 
141041, 
141080, 
141116, 
141150, 
141174, 
141204, 
141244, 
141279, 
141305, 
141340, 
141372, 
141399, 
141438, 
141474, 
141504, 
141540, 
141590, 
141626, 
141648, 
141672, 
141690, 
141724, 
141764, 
141794, 
141820, 
141858, 
141888, 
141926, 
141960, 
142014, 
142032, 
142055, 
142106, 
142144, 
142184, 
142220, 
142252, 
142276, 
142302, 
142320, 
142352, 
142392, 
142422, 
142462, 
142484, 
142526, 
142542, 
142590, 
142628, 
142652, 
142672, 
142694, 
142750, 
142786, 
142834, 
142856, 
142888, 
142908, 
142942, 
142954, 
142982, 
143017, 
143042, 
143060, 
143100, 
143124, 
143150, 
143190, 
143226, 
143258, 
143280, 
143304, 
143348, 
143384, 
143420, 
143452, 
143480, 
143505, 
143530, 
143566, 
143586, 
143614, 
143644, 
143664, 
143688, 
143721, 
143752, 
143772, 
143795, 
143823, 
143856, 
143886, 
143903, 
143920, 
143956, 
143990, 
144025, 
144044, 
144076, 
144102, 
144154, 
144176, 
144210, 
144233, 
144262, 
144298, 
144326, 
144348, 
144384, 
144410, 
144434, 
144470, 
144498, 
144528, 
144556, 
144588, 
144618, 
144651, 
144678, 
144694, 
144717, 
144762, 
144772, 
144796, 
144824, 
144852, 
144884, 
144900, 
144916, 
144948, 
144972, 
145007, 
145042, 
145062, 
145095, 
145136, 
145163, 
145204, 
145240, 
145277, 
145312, 
145330, 
145378, 
145405, 
145430, 
145454, 
145488, 
145500, 
145530, 
145552, 
145573, 
145608, 
145632, 
145666, 
145698, 
145740, 
145764, 
145804, 
145823, 
145842, 
145870, 
145898, 
145920, 
145940, 
145962, 
145990, 
146022, 
146046, 
146068, 
146096, 
146112, 
146134, 
146169, 
146208, 
146230, 
146246, 
146284, 
146324, 
146360, 
146394, 
146406, 
146434, 
146468, 
146516, 
146536, 
146560, 
146588, 
146618, 
146662, 
146694, 
146724, 
146758, 
146790, 
146820, 
146832, 
146860, 
146880, 
146896, 
146914, 
146950, 
146974, 
147001, 
147028, 
147050, 
147080, 
147108, 
147140, 
147185, 
147220, 
147258, 
147276, 
147294, 
147326, 
147355, 
147399, 
147433, 
147458, 
147476, 
147510, 
147534, 
147562, 
147584, 
147612, 
147652, 
147692, 
147730, 
147758, 
147788, 
147825, 
147866, 
147892, 
147925, 
147955, 
147976, 
148002, 
148040, 
148058, 
148084, 
148110, 
148152, 
148176, 
148209, 
148240, 
148270, 
148305, 
148334, 
148362, 
148380, 
148407, 
148430, 
148458, 
148490, 
148516, 
148538, 
148569, 
148600, 
148628, 
148666, 
148684, 
148706, 
148730, 
148745, 
148766, 
148784, 
148812, 
148866, 
148882, 
148912, 
148940, 
148976, 
149012, 
149050, 
149076, 
149112, 
149132, 
149165, 
149210, 
149238, 
149262, 
149290, 
149320, 
149354, 
149386, 
149410, 
149442, 
149474, 
149510, 
149549, 
149574, 
149598, 
149619, 
149652, 
149680, 
149708, 
149750, 
149784, 
149814, 
149834, 
149864, 
149880, 
149902, 
149920, 
149946, 
149968, 
149984, 
150022, 
150050, 
150066, 
150105, 
150142, 
150170, 
150202, 
150229, 
150262, 
150295, 
150320, 
150342, 
150384, 
150412, 
150438, 
150468, 
150482, 
150514, 
150552, 
150576, 
150604, 
150630, 
150666, 
150692, 
150724, 
150746, 
150770, 
150784, 
150810, 
150828, 
150846, 
150886, 
150927, 
150958, 
150978, 
151009, 
151049, 
151088, 
151120, 
151162, 
151186, 
151208, 
151237, 
151274, 
151296, 
151336, 
151372, 
151404, 
151424, 
151454, 
151473, 
151498, 
151531, 
151562, 
151602, 
151626, 
151652, 
151675, 
151706, 
151748, 
151772, 
151796, 
151830, 
151848, 
151885, 
151916, 
151940, 
151972, 
152002, 
152038, 
152063, 
152094, 
152120, 
152136, 
152160, 
152186, 
152226, 
152248, 
152272, 
152302, 
152324, 
152350, 
152390, 
152426, 
152458, 
152486, 
152516, 
152548, 
152586, 
152608, 
152634, 
152670, 
152704, 
152732, 
152760, 
152796, 
152822, 
152864, 
152888, 
152920, 
152948, 
152982, 
153010, 
153041, 
153068, 
153090, 
153113, 
153158, 
153190, 
153212, 
153244, 
153282, 
153317, 
153348, 
153388, 
153416, 
153454, 
153483, 
153500, 
153524, 
153554, 
153575, 
153622, 
153666, 
153692, 
153730, 
153760, 
153796, 
153830, 
153864, 
153898, 
153918, 
153940, 
153980, 
154004, 
154028, 
154062, 
154090, 
154114, 
154137, 
154173, 
154190, 
154218, 
154242, 
154264, 
154288, 
154296, 
154323, 
154348, 
154366, 
154401, 
154436, 
154462, 
154488, 
154526, 
154570, 
154588, 
154616, 
154661, 
154704, 
154735, 
154759, 
154792, 
154824, 
154860, 
154892, 
154914, 
154948, 
154988, 
155012, 
155034, 
155064, 
155086, 
155116, 
155144, 
155172, 
155194, 
155215, 
155250, 
155292, 
155340, 
155374, 
155414, 
155434, 
155454, 
155486, 
155523, 
155554, 
155580, 
155618, 
155638, 
155674, 
155700, 
155732, 
155762, 
155796, 
155826, 
155858, 
155884, 
155920, 
155944, 
155964, 
156007, 
156044, 
156082, 
156096, 
156126, 
156148, 
156164, 
156192, 
156244, 
156264, 
156290, 
156312, 
156340, 
156360, 
156380, 
156422, 
156448, 
156478, 
156514, 
156556, 
156589, 
156619, 
156652, 
156688, 
156712, 
156734, 
156752, 
156788, 
156820, 
156854, 
156889, 
156918, 
156948, 
156986, 
157010, 
157046, 
157078, 
157092, 
157116, 
157142, 
157168, 
157216, 
157232, 
157264, 
157300, 
157333, 
157364, 
157396, 
157438, 
157483, 
157518, 
157550, 
157582, 
157632, 
157670, 
157691, 
157728, 
157754, 
157788, 
157812, 
157850, 
157890, 
157922, 
157944, 
157990, 
158026, 
158048, 
158082, 
158100, 
158140, 
158166, 
158190, 
158226, 
158250, 
158268, 
158298, 
158332, 
158360, 
158389, 
158424, 
158444, 
158474, 
158489, 
158522, 
158554, 
158602, 
158633, 
158670, 
158717, 
158758, 
158786, 
158826, 
158856, 
158886, 
158926, 
158954, 
158984, 
159006, 
159042, 
159064, 
159092, 
159108, 
159144, 
159180, 
159212, 
159238, 
159278, 
159294, 
159308, 
159324, 
159347, 
159368, 
159386, 
159420, 
159445, 
159480, 
159514, 
159546, 
159590, 
159610, 
159630, 
159656, 
159676, 
159716, 
159752, 
159776, 
159802, 
159824, 
159858, 
159876, 
159924, 
159940, 
159974, 
160011, 
160042, 
160078, 
160108, 
160142, 
160164, 
160186, 
160228, 
160249, 
160284, 
160300, 
160330, 
160344, 
160366, 
160408, 
160442, 
160474, 
160506, 
160537, 
160570, 
160597, 
160623, 
160650, 
160691, 
160724, 
160751, 
160780, 
160810, 
160848, 
160874, 
160916, 
160927, 
160959, 
160996, 
161028, 
161054, 
161080, 
161122, 
161166, 
161194, 
161228, 
161254, 
161290, 
161322, 
161366, 
161396, 
161417, 
161462, 
161500, 
161524, 
161548, 
161584, 
161602, 
161627, 
161660, 
161683, 
161710, 
161749, 
161790, 
161824, 
161852, 
161872, 
161889, 
161926, 
161952, 
161976, 
161999, 
162035, 
162069, 
162116, 
162147, 
162170, 
162192, 
162218, 
162254, 
162294, 
162318, 
162350, 
162384, 
162400, 
162426, 
162458, 
162484, 
162516, 
162554, 
162568, 
162586, 
162614, 
162664, 
162686, 
162716, 
162738, 
162772, 
162802, 
162820, 
162846, 
162888, 
162922, 
162969, 
163002, 
163042, 
163062, 
163090, 
163128, 
163160, 
163190, 
163223, 
163242, 
163276, 
163311, 
163336, 
163369, 
163405, 
163438, 
163482, 
163514, 
163538, 
163569, 
163616, 
163648, 
163680, 
163704, 
163734, 
163764, 
163796, 
163840, 
163868, 
163905, 
163936, 
163972, 
163992, 
164034, 
164070, 
164102, 
164138, 
164173, 
164192, 
164220, 
164244, 
164266, 
164294, 
164322, 
164354, 
164378, 
164416, 
164434, 
164462, 
164486, 
164508, 
164543, 
164598, 
164620, 
164640, 
164674, 
164716, 
164754, 
164774, 
164809, 
164833, 
164866, 
164886, 
164924, 
164962, 
164972, 
164998, 
165030, 
165064, 
165106, 
165118, 
165156, 
165176, 
165198, 
165231, 
165262, 
165292, 
165328, 
165352, 
165374, 
165394, 
165428, 
165448, 
165486, 
165512, 
165548, 
165570, 
165607, 
165642, 
165668, 
165690, 
165720, 
165776, 
165816, 
165846, 
165882, 
165918, 
165934, 
165948, 
165968, 
166010, 
166034, 
166060, 
166108, 
166140, 
166178, 
166216, 
166252, 
166289, 
166316, 
166338, 
166364, 
166390, 
166412, 
166450, 
166490, 
166516, 
166554, 
166592, 
166622, 
166666, 
166706, 
166740, 
166756, 
166776, 
166806, 
166840, 
166865, 
166900, 
166931, 
166968, 
166984, 
167008, 
167026, 
167052, 
167078, 
167104, 
167133, 
167153, 
167184, 
167212, 
167237, 
167257, 
167288, 
167327, 
167350, 
167364, 
167390, 
167426, 
167453, 
167482, 
167508, 
167534, 
167552, 
167571, 
167613, 
167640, 
167678, 
167714, 
167748, 
167782, 
167805, 
167846, 
167887, 
167916, 
167932, 
167958, 
167972, 
168008, 
168043, 
168062, 
168106, 
168126, 
168154, 
168196, 
168220, 
168250, 
168278, 
168322, 
168350, 
168376, 
168406, 
168429, 
168466, 
168497, 
168520, 
168565, 
168596, 
168620, 
168656, 
168697, 
168732, 
168759, 
168788, 
168822, 
168854, 
168874, 
168904, 
168942, 
168978, 
169012, 
169032, 
169070, 
169092, 
169112, 
169132, 
169170, 
169190, 
169206, 
169228, 
169236, 
169250, 
169272, 
169308, 
169338, 
169364, 
169410, 
169437, 
169470, 
169494, 
169508, 
169538, 
169558, 
169586, 
169626, 
169646, 
169670, 
169706, 
169740, 
169764, 
169784, 
169795, 
169827, 
169858, 
169872, 
169892, 
169912, 
169932, 
169950, 
169972, 
170004, 
170036, 
170064, 
170094, 
170130, 
170154, 
170188, 
170202, 
170226, 
170254, 
170276, 
170316, 
170345, 
170366, 
170400, 
170420, 
170450, 
170472, 
170502, 
170522, 
170564, 
170590, 
170612, 
170638, 
170668, 
170698, 
170728, 
170766, 
170780, 
170814, 
170849, 
170866, 
170884, 
170900, 
170928, 
170946, 
170964, 
170984, 
171008, 
171032, 
171063, 
171094, 
171124, 
171144, 
171183, 
171214, 
171244, 
171278, 
171314, 
171338, 
171372, 
171386, 
171422, 
171457, 
171486, 
171520, 
171560, 
171581, 
171604, 
171640, 
171668, 
171696, 
171724, 
171736, 
171775, 
171806, 
171834, 
171863, 
171882, 
171922, 
171944, 
171970, 
172006, 
172030, 
172052, 
172068, 
172100, 
172131, 
172162, 
172192, 
172214, 
172236, 
172260, 
172282, 
172314, 
172351, 
172382, 
172400, 
172435, 
172478, 
172503, 
172524, 
172546, 
172574, 
172612, 
172646, 
172676, 
172700, 
172732, 
172762, 
172788, 
172822, 
172844, 
172872, 
172906, 
172936, 
172964, 
172992, 
173027, 
173044, 
173070, 
173104, 
173124, 
173140, 
173164, 
173182, 
173210, 
173240, 
173266, 
173299, 
173330, 
173358, 
173398, 
173420, 
173446, 
173462, 
173488, 
173526, 
173561, 
173586, 
173610, 
173632, 
173654, 
173672, 
173710, 
173742, 
173752, 
173770, 
173804, 
173832, 
173867, 
173888, 
173910, 
173942, 
173958, 
173984, 
174011, 
174034, 
174076, 
174104, 
174140, 
174182, 
174220, 
174248, 
174282, 
174300, 
174331, 
174348, 
174382, 
174400, 
174434, 
174477, 
174496, 
174526, 
174552, 
174580, 
174626, 
174660, 
174696, 
174734, 
174774, 
174806, 
174844, 
174875, 
174896, 
174934, 
174953, 
174986, 
175004, 
175038, 
175078, 
175104, 
175139, 
175178, 
175210, 
175228, 
175252, 
175275, 
175304, 
175342, 
175380, 
175394, 
175416, 
175436, 
175466, 
175490, 
175510, 
175552, 
175590, 
175612, 
175644, 
175676, 
175700, 
175716, 
175744, 
175780, 
175804, 
175826, 
175850, 
175880, 
175894, 
175939, 
175968, 
175990, 
176028, 
176060, 
176083, 
176108, 
176132, 
176156, 
176198, 
176238, 
176258, 
176286, 
176318, 
176354, 
176374, 
176404, 
176442, 
176484, 
176510, 
176542, 
176578, 
176614, 
176636, 
176664, 
176694, 
176720, 
176750, 
176786, 
176820, 
176832, 
176863, 
176890, 
176913, 
176932, 
176960, 
177000, 
177028, 
177068, 
177106, 
177124, 
177153, 
177194, 
177211, 
177240, 
177262, 
177288, 
177322, 
177357, 
177388, 
177408, 
177444, 
177483, 
177516, 
177540, 
177570, 
177588, 
177614, 
177628, 
177655, 
177692, 
177716, 
177739, 
177772, 
177794, 
177818, 
177848, 
177872, 
177906, 
177944, 
177984, 
178024, 
178060, 
178091, 
178122, 
178151, 
178174, 
178216, 
178250, 
178276, 
178302, 
178350, 
178378, 
178410, 
178448, 
178480, 
178510, 
178532, 
178556, 
178582, 
178618, 
178640, 
178660, 
178699, 
178734, 
178768, 
178792, 
178822, 
178846, 
178866, 
178902, 
178918, 
178959, 
179022, 
179050, 
179082, 
179110, 
179138, 
179155, 
179202, 
179248, 
179278, 
179308, 
179346, 
179368, 
179402, 
179434, 
179466, 
179506, 
179522, 
179556, 
179596, 
179624, 
179642, 
179682, 
179718, 
179740, 
179764, 
179802, 
179832, 
179866, 
179889, 
179945, 
179978, 
180004, 
180026, 
180042, 
180068, 
180108, 
180152, 
180190, 
180224, 
180252, 
180280, 
180318, 
180344, 
180390, 
180420, 
180456, 
180490, 
180518, 
180552, 
180596, 
180630, 
180644, 
180674, 
180702, 
180732, 
180768, 
180806, 
180829, 
180856, 
180882, 
180898, 
180928, 
180946, 
180982, 
181012, 
181044, 
181068, 
181090, 
181122, 
181148, 
181162, 
181191, 
181232, 
181260, 
181290, 
181328, 
181376, 
181404, 
181428, 
181452, 
181486, 
181518, 
181562, 
181588, 
181618, 
181670, 
181693, 
181730, 
181774, 
181794, 
181808, 
181834, 
181850, 
181870, 
181902, 
181940, 
181960, 
181984, 
182014, 
182034, 
182073, 
182102, 
182130, 
182158, 
182186, 
182222, 
182250, 
182278, 
182298, 
182324, 
182366, 
182404, 
182440, 
182475, 
182496, 
182528, 
182554, 
182578, 
182616, 
182630, 
182655, 
182676, 
182704, 
182732, 
182750, 
182777, 
182804, 
182858, 
182895, 
182928, 
182956, 
183005, 
183026, 
183056, 
183112, 
183150, 
183186, 
183218, 
183238, 
183260, 
183284, 
183334, 
183370, 
183398, 
183422, 
183448, 
183484, 
183512, 
183538, 
183578, 
183600, 
183626, 
183675, 
183709, 
183758, 
183788, 
183816, 
183846, 
183878, 
183893, 
183918, 
183947, 
183962, 
183978, 
184006, 
184034, 
184070, 
184082, 
184116, 
184150, 
184204, 
184242, 
184268, 
184302, 
184332, 
184358, 
184380, 
184419, 
184444, 
184462, 
184482, 
184506, 
184540, 
184566, 
184582, 
184600, 
184636, 
184652, 
184678, 
184706, 
184732, 
184774, 
184790, 
184814, 
184844, 
184882, 
184904, 
184930, 
184969, 
185012, 
185040, 
185068, 
185106, 
185130, 
185154, 
185172, 
185214, 
185244, 
185266, 
185294, 
185318, 
185343, 
185384, 
185414, 
185440, 
185458, 
185488, 
185518, 
185548, 
185570, 
185610, 
185628, 
185660, 
185682, 
185718, 
185746, 
185776, 
185802, 
185826, 
185844, 
185880, 
185900, 
185941, 
185970, 
185982, 
186012, 
186044, 
186064, 
186094, 
186133, 
186164, 
186204, 
186244, 
186280, 
186304, 
186324, 
186344, 
186384, 
186400, 
186416, 
186453, 
186496, 
186540, 
186578, 
186598, 
186624, 
186652, 
186692, 
186726, 
186762, 
186786, 
186820, 
186850, 
186872, 
186902, 
186930, 
186958, 
186993, 
187026, 
187054, 
187080, 
187100, 
187146, 
187184, 
187212, 
187240, 
187268, 
187292, 
187308, 
187340, 
187361, 
187407, 
187434, 
187466, 
187498, 
187526, 
187564, 
187580, 
187600, 
187628, 
187652, 
187670, 
187700, 
187724, 
187766, 
187806, 
187840, 
187880, 
187898, 
187932, 
187960, 
188000, 
188030, 
188043, 
188082, 
188116, 
188150, 
188188, 
188222, 
188242, 
188262, 
188282, 
188308, 
188346, 
188366, 
188394, 
188434, 
188469, 
188500, 
188548, 
188572, 
188594, 
188630, 
188661, 
188684, 
188704, 
188738, 
188776, 
188819, 
188844, 
188890, 
188912, 
188954, 
188982, 
189016, 
189044, 
189072, 
189092, 
189116, 
189138, 
189170, 
189216, 
189238, 
189280, 
189308, 
189338, 
189357, 
189400, 
189416, 
189458, 
189484, 
189506, 
189530, 
189562, 
189581, 
189606, 
189630, 
189654, 
189680, 
189710, 
189742, 
189768, 
189792, 
189816, 
189844, 
189868, 
189898, 
189914, 
189938, 
189964, 
189984, 
190028, 
190052, 
190080, 
190112, 
190142, 
190166, 
190198, 
190226, 
190248, 
190278, 
190308, 
190346, 
190368, 
190400, 
190444, 
190472, 
190498, 
190530, 
190544, 
190586, 
190610, 
190644, 
190678, 
190712, 
190744, 
190776, 
190806, 
190816, 
190838, 
190872, 
190900, 
190922, 
190954, 
190966, 
190992, 
191016, 
191042, 
191068, 
191094, 
191122, 
191140, 
191166, 
191202, 
191228, 
191256, 
191278, 
191311, 
191331, 
191366, 
191395, 
191430, 
191455, 
191482, 
191517, 
191538, 
191558, 
191586, 
191618, 
191638, 
191668, 
191688, 
191702, 
191724, 
191766, 
191786, 
191820, 
191841, 
191878, 
191930, 
191959, 
191988, 
192016, 
192036, 
192066, 
192098, 
192116, 
192154, 
192176, 
192208, 
192236, 
192266, 
192282, 
192314, 
192344, 
192362, 
192394, 
192414, 
192450, 
192467, 
192500, 
192540, 
192556, 
192591, 
192622, 
192646, 
192674, 
192696, 
192730, 
192772, 
192804, 
192818, 
192832, 
192862, 
192900, 
192926, 
192962, 
192986, 
193014, 
193047, 
193086, 
193120, 
193140, 
193172, 
193210, 
193240, 
193264, 
193301, 
193326, 
193358, 
193394, 
193428, 
193460, 
193482, 
193498, 
193522, 
193556, 
193576, 
193616, 
193658, 
193676, 
193714, 
193760, 
193780, 
193812, 
193841, 
193860, 
193884, 
193906, 
193922, 
193958, 
193996, 
194030, 
194048, 
194065, 
194092, 
194114, 
194130, 
194158, 
194188, 
194232, 
194244, 
194271, 
194316, 
194340, 
194370, 
194410, 
194447, 
194474, 
194496, 
194522, 
194558, 
194580, 
194618, 
194642, 
194666, 
194698, 
194744, 
194756, 
194788, 
194820, 
194860, 
194908, 
194932, 
194963, 
195002, 
195026, 
195048, 
195074, 
195106, 
195152, 
195186, 
195202, 
195232, 
195240, 
195258, 
195276, 
195300, 
195360, 
195382, 
195394, 
195416, 
195448, 
195471, 
195500, 
195528, 
195552, 
195572, 
195608, 
195652, 
195676, 
195694, 
195740, 
195778, 
195792, 
195835, 
195862, 
195902, 
195942, 
195981, 
196006, 
196028, 
196062, 
196082, 
196099, 
196128, 
196156, 
196192, 
196218, 
196241, 
196270, 
196292, 
196321, 
196380, 
196412, 
196438, 
196466, 
196492, 
196508, 
196524, 
196548, 
196585, 
196612, 
196644, 
196662, 
196700, 
196728, 
196768, 
196792, 
196818, 
196856, 
196892, 
196920, 
196940, 
196980, 
197026, 
197054, 
197076, 
197110, 
197130, 
197152, 
197200, 
197232, 
197270, 
197309, 
197336, 
197362, 
197388, 
197418, 
197430, 
197446, 
197476, 
197516, 
197540, 
197570, 
197598, 
197626, 
197648, 
197688, 
197723, 
197758, 
197792, 
197808, 
197830, 
197848, 
197868, 
197918, 
197956, 
197998, 
198028, 
198059, 
198106, 
198136, 
198156, 
198186, 
198206, 
198242, 
198272, 
198292, 
198328, 
198352, 
198393, 
198430, 
198458, 
198470, 
198500, 
198532, 
198555, 
198592, 
198616, 
198626, 
198670, 
198688, 
198714, 
198745, 
198774, 
198792, 
198822, 
198858, 
198882, 
198906, 
198949, 
198980, 
198996, 
199032, 
199054, 
199082, 
199106, 
199138, 
199158, 
199188, 
199222, 
199246, 
199280, 
199307, 
199328, 
199352, 
199380, 
199412, 
199428, 
199454, 
199488, 
199516, 
199535, 
199564, 
199584, 
199604, 
199630, 
199660, 
199693, 
199732, 
199754, 
199790, 
199810, 
199850, 
199876, 
199893, 
199926, 
199964, 
200008, 
200042, 
200068, 
200098, 
200129, 
200172, 
200210, 
200232, 
200272, 
200290, 
200320, 
200356, 
200392, 
200416, 
200440, 
200470, 
200504, 
200528, 
200548, 
200576, 
200606, 
200634, 
200662, 
200692, 
200708, 
200743, 
200774, 
200805, 
200834, 
200856, 
200880, 
200908, 
200940, 
200972, 
201008, 
201034, 
201054, 
201080, 
201100, 
201130, 
201163, 
201184, 
201208, 
201234, 
201276, 
201308, 
201348, 
201388, 
201417, 
201444, 
201484, 
201513, 
201543, 
201586, 
201624, 
201658, 
201683, 
201716, 
201748, 
201772, 
201790, 
201814, 
201838, 
201862, 
201886, 
201916, 
201945, 
201970, 
201989, 
202014, 
202042, 
202070, 
202096, 
202119, 
202148, 
202178, 
202206, 
202248, 
202276, 
202290, 
202308, 
202336, 
202376, 
202400, 
202418, 
202444, 
202478, 
202498, 
202518, 
202540, 
202566, 
202594, 
202622, 
202651, 
202694, 
202726, 
202754, 
202784, 
202808, 
202828, 
202852, 
202880, 
202911, 
202928, 
202938, 
202972, 
203006, 
203020, 
203046, 
203080, 
203106, 
203122, 
203144, 
203170, 
203202, 
203224, 
203258, 
203290, 
203326, 
203366, 
203398, 
203419, 
203444, 
203486, 
203512, 
203540, 
203570, 
203598, 
203618, 
203660, 
203694, 
203710, 
203734, 
203766, 
203796, 
203828, 
203865, 
203900, 
203932, 
203968, 
204002, 
204030, 
204048, 
204071, 
204114, 
204146, 
204176, 
204215, 
204242, 
204270, 
204300, 
204338, 
204370, 
204406, 
204424, 
204460, 
204504, 
204526, 
204564, 
204596, 
204630, 
204668, 
204710, 
204744, 
204774, 
204806, 
204835, 
204860, 
204892, 
204928, 
204976, 
205004, 
205039, 
205060, 
205086, 
205122, 
205170, 
205205, 
205237, 
205273, 
205315, 
205354, 
205386, 
205402, 
205432, 
205446, 
205470, 
205496, 
205512, 
205556, 
205586, 
205610, 
205638, 
205668, 
205685, 
205712, 
205742, 
205771, 
205814, 
205834, 
205867, 
205894, 
205918, 
205963, 
205982, 
206000, 
206022, 
206057, 
206082, 
206100, 
206115, 
206144, 
206166, 
206186, 
206219, 
206247, 
206288, 
206312, 
206346, 
206374, 
206394, 
206418, 
206438, 
206462, 
206486, 
206502, 
206546, 
206584, 
206617, 
206652, 
206689, 
206718, 
206733, 
206758, 
206786, 
206810, 
206834, 
206866, 
206894, 
206912, 
206950, 
206980, 
207004, 
207021, 
207052, 
207072, 
207102, 
207130, 
207176, 
207208, 
207233, 
207268, 
207292, 
207331, 
207366, 
207392, 
207422, 
207456, 
207482, 
207508, 
207536, 
207564, 
207588, 
207604, 
207634, 
207662, 
207696, 
207718, 
207756, 
207778, 
207832, 
207852, 
207894, 
207928, 
207954, 
207988, 
208030, 
208054, 
208092, 
208132, 
208164, 
208200, 
208218, 
208246, 
208284, 
208316, 
208353, 
208372, 
208400, 
208433, 
208452, 
208472, 
208513, 
208553, 
208584, 
208618, 
208654, 
208678, 
208702, 
208717, 
208738, 
208772, 
208806, 
208840, 
208862, 
208877, 
208920, 
208960, 
208980, 
209004, 
209032, 
209060, 
209080, 
209112, 
209164, 
209203, 
209226, 
209276, 
209307, 
209332, 
209370, 
209408, 
209440, 
209476, 
209505, 
209537, 
209558, 
209588, 
209612, 
209652, 
209674, 
209696, 
209715, 
209742, 
209774, 
209804, 
209860, 
209905, 
209946, 
209978, 
209995, 
210031, 
210070, 
210100, 
210122, 
210148, 
210182, 
210195, 
210210, 
210236, 
210257, 
210282, 
210302, 
210324, 
210340, 
210366, 
210392, 
210418, 
210456, 
210492, 
210517, 
210550, 
210578, 
210606, 
210624, 
210660, 
210690, 
210721, 
210754, 
210780, 
210806, 
210834, 
210844, 
210870, 
210912, 
210948, 
210983, 
210994, 
211023, 
211060, 
211078, 
211108, 
211136, 
211154, 
211189, 
211228, 
211266, 
211292, 
211324, 
211348, 
211374, 
211396, 
211416, 
211438, 
211460, 
211487, 
211536, 
211570, 
211600, 
211654, 
211676, 
211694, 
211730, 
211746, 
211776, 
211808, 
211830, 
211860, 
211907, 
211938, 
211959, 
211986, 
212010, 
212052, 
212078, 
212108, 
212118, 
212156, 
212186, 
212210, 
212250, 
212280, 
212314, 
212338, 
212358, 
212392, 
212419, 
212436, 
212466, 
212485, 
212512, 
212542, 
212552, 
212590, 
212620, 
212654, 
212690, 
212740, 
212774, 
212806, 
212832, 
212870, 
212896, 
212910, 
212928, 
212955, 
212976, 
213006, 
213036, 
213060, 
213090, 
213118, 
213158, 
213188, 
213212, 
213234, 
213274, 
213306, 
213334, 
213372, 
213402, 
213424, 
213462, 
213492, 
213528, 
213550, 
213574, 
213602, 
213638, 
213660, 
213678, 
213705, 
213740, 
213767, 
213804, 
213827, 
213854, 
213882, 
213924, 
213934, 
213966, 
214002, 
214026, 
214060, 
214087, 
214120, 
214158, 
214200, 
214228, 
214260, 
214292, 
214322, 
214346, 
214376, 
214399, 
214426, 
214443, 
214468, 
214507, 
214524, 
214558, 
214604, 
214616, 
214653, 
214698, 
214720, 
214749, 
214780, 
214804, 
214829, 
214854, 
214876, 
214922, 
214952, 
214974, 
215003, 
215020, 
215060, 
215082, 
215121, 
215148, 
215179, 
215216, 
215252, 
215276, 
215320, 
215348, 
215388, 
215422, 
215444, 
215470, 
215500, 
215536, 
215560, 
215596, 
215620, 
215653, 
215695, 
215716, 
215746, 
215770, 
215790, 
215806, 
215832, 
215854, 
215874, 
215910, 
215940, 
215964, 
215998, 
216020, 
216046, 
216085, 
216120, 
216154, 
216176, 
216204, 
216236, 
216264, 
216293, 
216312, 
216332, 
216356, 
216376, 
216416, 
216444, 
216468, 
216486, 
216510, 
216546, 
216568, 
216606, 
216650, 
216675, 
216700, 
216740, 
216792, 
216818, 
216854, 
216874, 
216906, 
216930, 
216964, 
216994, 
217025, 
217057, 
217094, 
217116, 
217138, 
217163, 
217192, 
217224, 
217238, 
217262, 
217296, 
217322, 
217362, 
217430, 
217466, 
217490, 
217532, 
217552, 
217592, 
217620, 
217650, 
217682, 
217698, 
217736, 
217768, 
217812, 
217834, 
217863, 
217896, 
217933, 
217958, 
217999, 
218020, 
218056, 
218102, 
218132, 
218150, 
218170, 
218198, 
218222, 
218259, 
218310, 
218344, 
218378, 
218400, 
218430, 
218458, 
218487, 
218514, 
218541, 
218562, 
218582, 
218604, 
218637, 
218668, 
218696, 
218716, 
218742, 
218776, 
218797, 
218833, 
218856, 
218873, 
218902, 
218926, 
218963, 
218994, 
219025, 
219046, 
219074, 
219106, 
219134, 
219150, 
219164, 
219198, 
219235, 
219256, 
219292, 
219316, 
219350, 
219386, 
219414, 
219472, 
219484, 
219506, 
219524, 
219562, 
219592, 
219616, 
219656, 
219686, 
219736, 
219768, 
219787, 
219814, 
219844, 
219856, 
219884, 
219908, 
219928, 
219950, 
219980, 
220004, 
220026, 
220064, 
220088, 
220114, 
220128, 
220156, 
220188, 
220232, 
220254, 
220278, 
220302, 
220328, 
220352, 
220376, 
220401, 
220445, 
220476, 
220502, 
220528, 
220560, 
220592, 
220629, 
220661, 
220684, 
220706, 
220744, 
220762, 
220783, 
220813, 
220831, 
220876, 
220904, 
220929, 
220970, 
221018, 
221040, 
221058, 
221089, 
221118, 
221148, 
221178, 
221196, 
221230, 
221258, 
221288, 
221316, 
221359, 
221380, 
221404, 
221434, 
221464, 
221506, 
221532, 
221556, 
221582, 
221608, 
221636, 
221662, 
221686, 
221718, 
221744, 
221778, 
221808, 
221848, 
221880, 
221926, 
221956, 
221978, 
222010, 
222040, 
222058, 
222074, 
222106, 
222142, 
222164, 
222195, 
222226, 
222264, 
222296, 
222321, 
222350, 
222376, 
222404, 
222440, 
222476, 
222506, 
222522, 
222544, 
222584, 
222617, 
222642, 
222672, 
222710, 
222742, 
222771, 
222806, 
222832, 
222883, 
222918, 
222948, 
222980, 
223008, 
223035, 
223074, 
223098, 
223134, 
223162, 
223192, 
223224, 
223238, 
223258, 
223286, 
223326, 
223354, 
223390, 
223416, 
223434, 
223468, 
223487, 
223512, 
223526, 
223550, 
223580, 
223594, 
223608, 
223624, 
223662, 
223696, 
223726, 
223772, 
223820, 
223853, 
223880, 
223910, 
223944, 
223966, 
223996, 
224021, 
224056, 
224094, 
224116, 
224142, 
224163, 
224186, 
224204, 
224240, 
224276, 
224302, 
224338, 
224366, 
224398, 
224424, 
224454, 
224492, 
224528, 
224560, 
224578, 
224610, 
224648, 
224680, 
224705, 
224732, 
224742, 
224784, 
224806, 
224842, 
224869, 
224906, 
224922, 
224948, 
225006, 
225032, 
225062, 
225098, 
225128, 
225160, 
225190, 
225224, 
225264, 
225285, 
225314, 
225350, 
225388, 
225414, 
225446, 
225468, 
225492, 
225510, 
225539, 
225580, 
225626, 
225668, 
225708, 
225742, 
225772, 
225806, 
225856, 
225880, 
225918, 
225950, 
225986, 
226008, 
226035, 
226070, 
226088, 
226126, 
226154, 
226198, 
226226, 
226254, 
226270, 
226302, 
226336, 
226362, 
226390, 
226418, 
226442, 
226475, 
226508, 
226529, 
226562, 
226599, 
226624, 
226653, 
226668, 
226684, 
226714, 
226742, 
226774, 
226794, 
226817, 
226846, 
226868, 
226898, 
226930, 
226954, 
226984, 
227012, 
227040, 
227066, 
227104, 
227136, 
227176, 
227208, 
227252, 
227272, 
227302, 
227334, 
227354, 
227380, 
227410, 
227440, 
227454, 
227496, 
227538, 
227578, 
227614, 
227634, 
227654, 
227678, 
227704, 
227732, 
227758, 
227780, 
227810, 
227849, 
227882, 
227910, 
227936, 
227983, 
228000, 
228020, 
228042, 
228066, 
228094, 
228126, 
228158, 
228180, 
228210, 
228240, 
228273, 
228294, 
228328, 
228358, 
228394, 
228427, 
228448, 
228470, 
228520, 
228542, 
228580, 
228610, 
228630, 
228640, 
228654, 
228686, 
228732, 
228766, 
228782, 
228820, 
228842, 
228880, 
228906, 
228916, 
228952, 
228999, 
229016, 
229040, 
229087, 
229128, 
229154, 
229176, 
229210, 
229250, 
229270, 
229288, 
229321, 
229348, 
229382, 
229413, 
229440, 
229469, 
229504, 
229534, 
229575, 
229612, 
229634, 
229670, 
229685, 
229738, 
229766, 
229788, 
229818, 
229840, 
229864, 
229902, 
229932, 
229960, 
229996, 
230026, 
230052, 
230094, 
230122, 
230154, 
230186, 
230220, 
230258, 
230276, 
230306, 
230326, 
230366, 
230391, 
230418, 
230428, 
230460, 
230492, 
230502, 
230536, 
230571, 
230604, 
230638, 
230658, 
230688, 
230740, 
230772, 
230802, 
230838, 
230872, 
230888, 
230922, 
230954, 
230993, 
231010, 
231031, 
231064, 
231097, 
231114, 
231142, 
231173, 
231204, 
231228, 
231258, 
231302, 
231324, 
231346, 
231372, 
231404, 
231450, 
231479, 
231513, 
231544, 
231570, 
231612, 
231648, 
231668, 
231702, 
231740, 
231782, 
231823, 
231846, 
231870, 
231904, 
231936, 
231956, 
231992, 
232034, 
232066, 
232086, 
232112, 
232139, 
232164, 
232197, 
232214, 
232244, 
232282, 
232310, 
232361, 
232398, 
232436, 
232464, 
232488, 
232516, 
232552, 
232570, 
232608, 
232640, 
232664, 
232692, 
232720, 
232754, 
232780, 
232810, 
232846, 
232865, 
232908, 
232930, 
232966, 
232992, 
233016, 
233029, 
233064, 
233076, 
233112, 
233138, 
233164, 
233192, 
233230, 
233266, 
233292, 
233329, 
233373, 
233396, 
233421, 
233448, 
233472, 
233498, 
233520, 
233550, 
233576, 
233600, 
233624, 
233646, 
233674, 
233716, 
233768, 
233785, 
233808, 
233846, 
233868, 
233905, 
233938, 
233970, 
234000, 
234024, 
234055, 
234068, 
234106, 
234124, 
234154, 
234181, 
234214, 
234238, 
234260, 
234298, 
234332, 
234356, 
234386, 
234407, 
234426, 
234452, 
234482, 
234498, 
234544, 
234568, 
234598, 
234611, 
234632, 
234652, 
234680, 
234708, 
234744, 
234770, 
234810, 
234848, 
234890, 
234916, 
234960, 
234998, 
235034, 
235064, 
235098, 
235128, 
235176, 
235193, 
235234, 
235252, 
235290, 
235324, 
235360, 
235386, 
235400, 
235424, 
235464, 
235494, 
235520, 
235574, 
235610, 
235640, 
235664, 
235696, 
235720, 
235742, 
235767, 
235798, 
235834, 
235857, 
235882, 
235908, 
235946, 
235988, 
236016, 
236050, 
236088, 
236134, 
236156, 
236176, 
236196, 
236223, 
236256, 
236276, 
236314, 
236330, 
236376, 
236400, 
236446, 
236492, 
236534, 
236564, 
236584, 
236612, 
236636, 
236670, 
236704, 
236732, 
236752, 
236792, 
236820, 
236848, 
236870, 
236900, 
236928, 
236962, 
236978, 
237005, 
237026, 
237056, 
237080, 
237102, 
237126, 
237147, 
237186, 
237214, 
237242, 
237272, 
237298, 
237320, 
237344, 
237388, 
237420, 
237446, 
237466, 
237495, 
237512, 
237528, 
237542, 
237562, 
237593, 
237626, 
237660, 
237694, 
237730, 
237756, 
237772, 
237798, 
237823, 
237846, 
237876, 
237895, 
237922, 
237945, 
237974, 
238010, 
238042, 
238086, 
238102, 
238136, 
238166, 
238186, 
238222, 
238246, 
238292, 
238338, 
238382, 
238406, 
238457, 
238470, 
238523, 
238554, 
238580, 
238604, 
238632, 
238677, 
238700, 
238722, 
238742, 
238772, 
238804, 
238844, 
238874, 
238898, 
238932, 
238958, 
238988, 
239006, 
239036, 
239068, 
239101, 
239136, 
239162, 
239186, 
239214, 
239242, 
239276, 
239284, 
239308, 
239336, 
239356, 
239399, 
239436, 
239462, 
239492, 
239526, 
239557, 
239606, 
239626, 
239656, 
239688, 
239734, 
239760, 
239786, 
239808, 
239828, 
239854, 
239883, 
239928, 
239958, 
239972, 
240001, 
240030, 
240052, 
240084, 
240116, 
240148, 
240182, 
240198, 
240243, 
240271, 
240298, 
240329, 
240376, 
240396, 
240434, 
240470, 
240509, 
240534, 
240562, 
240598, 
240624, 
240656, 
240704, 
240742, 
240774, 
240814, 
240836, 
240885, 
240920, 
240946, 
240968, 
241002, 
241052, 
241086, 
241124, 
241156, 
241173, 
241194, 
241238, 
241246, 
241266, 
241302, 
241330, 
241364, 
241402, 
241412, 
241440, 
241482, 
241522, 
241544, 
241572, 
241608, 
241628, 
241658, 
241682, 
241707, 
241738, 
241760, 
241774, 
241808, 
241842, 
241876, 
241898, 
241934, 
241954, 
241978, 
242014, 
242042, 
242086, 
242122, 
242143, 
242164, 
242184, 
242210, 
242234, 
242256, 
242290, 
242307, 
242338, 
242366, 
242400, 
242432, 
242462, 
242488, 
242510, 
242532, 
242556, 
242588, 
242618, 
242660, 
242686, 
242702, 
242724, 
242760, 
242780, 
242806, 
242832, 
242856, 
242888, 
242906, 
242936, 
242963, 
242983, 
243010, 
243028, 
243066, 
243101, 
243130, 
243161, 
243186, 
243200, 
243228, 
243256, 
243289, 
243332, 
243358, 
243386, 
243410, 
243446, 
243467, 
243488, 
243520, 
243540, 
243560, 
243588, 
243612, 
243639, 
243660, 
243686, 
243732, 
243750, 
243770, 
243790, 
243818, 
243838, 
243882, 
243922, 
243964, 
243984, 
244022, 
244046, 
244076, 
244088, 
244138, 
244162, 
244190, 
244218, 
244236, 
244258, 
244290, 
244306, 
244352, 
244372, 
244394, 
244418, 
244442, 
244468, 
244492, 
244516, 
244546, 
244574, 
244622, 
244645, 
244672, 
244682, 
244696, 
244720, 
244762, 
244804, 
244829, 
244846, 
244876, 
244914, 
244942, 
244984, 
245004, 
245028, 
245061, 
245106, 
245128, 
245152, 
245190, 
245228, 
245262, 
245276, 
245306, 
245326, 
245362, 
245392, 
245422, 
245446, 
245470, 
245490, 
245518, 
245542, 
245569, 
245606, 
245648, 
245676, 
245709, 
245734, 
245761, 
245783, 
245816, 
245862, 
245886, 
245922, 
245954, 
245970, 
246005, 
246030, 
246052, 
246076, 
246094, 
246121, 
246152, 
246176, 
246208, 
246222, 
246250, 
246270, 
246293, 
246320, 
246344, 
246378, 
246404, 
246438, 
246467, 
246498, 
246531, 
246554, 
246570, 
246598, 
246620, 
246666, 
246700, 
246730, 
246742, 
246767, 
246802, 
246834, 
246855, 
246898, 
246918, 
246940, 
246963, 
246996, 
247030, 
247062, 
247086, 
247140, 
247160, 
247200, 
247226, 
247246, 
247268, 
247276, 
247290, 
247307, 
247326, 
247354, 
247392, 
247418, 
247440, 
247476, 
247505, 
247534, 
247566, 
247591, 
247616, 
247642, 
247658, 
247690, 
247714, 
247728, 
247750, 
247782, 
247810, 
247838, 
247866, 
247904, 
247926, 
247946, 
247988, 
248020, 
248050, 
248076, 
248112, 
248142, 
248172, 
248182, 
248210, 
248232, 
248264, 
248285, 
248314, 
248342, 
248370, 
248396, 
248424, 
248450, 
248486, 
248521, 
248546, 
248564, 
248590, 
248626, 
248663, 
248700, 
248742, 
248795, 
248824, 
248849, 
248880, 
248908, 
248934, 
248960, 
248990, 
249022, 
249047, 
249092, 
249134, 
249164, 
249196, 
249220, 
249250, 
249294, 
249324, 
249350, 
249376, 
249410, 
249432, 
249460, 
249488, 
249522, 
249548, 
249572, 
249594, 
249614, 
249644, 
249674, 
249708, 
249726, 
249748, 
249783, 
249808, 
249838, 
249878, 
249902, 
249932, 
249970, 
250000, 
250048, 
250071, 
250112, 
250156, 
250194, 
250206, 
250222, 
250248, 
250270, 
250290, 
250318, 
250333, 
250357, 
250384, 
250416, 
250438, 
250456, 
250484, 
250511, 
250542, 
250582, 
250610, 
250634, 
250662, 
250702, 
250718, 
250750, 
250780, 
250810, 
250832, 
250862, 
250901, 
250918, 
250950, 
250976, 
251000, 
251020, 
251040, 
251060, 
251086, 
251119, 
251150, 
251164, 
251201, 
251230, 
251254, 
251278, 
251312, 
251334, 
251362, 
251388, 
251422, 
251443, 
251494, 
251538, 
251560, 
251576, 
251614, 
251656, 
251684, 
251714, 
251728, 
251760, 
251782, 
251824, 
251852, 
251882, 
251916, 
251948, 
251982, 
252012, 
252036, 
252054, 
252090, 
252122, 
252156, 
252178, 
252206, 
252224, 
252258, 
252286, 
252318, 
252340, 
252366, 
252398, 
252426, 
252462, 
252509, 
252538, 
252570, 
252602, 
252638, 
252672, 
252710, 
252730, 
252748, 
252780, 
252814, 
252840, 
252870, 
252898, 
252935, 
252974, 
253006, 
253034, 
253081, 
253106, 
253127, 
253147, 
253172, 
253192, 
253222, 
253254, 
253274, 
253296, 
253322, 
253358, 
253392, 
253424, 
253458, 
253502, 
253526, 
253556, 
253600, 
253628, 
253638, 
253668, 
253688, 
253716, 
253747, 
253768, 
253792, 
253827, 
253860, 
253896, 
253920, 
253948, 
253978, 
254000, 
254022, 
254048, 
254078, 
254106, 
254136, 
254150, 
254174, 
254208, 
254246, 
254279, 
254314, 
254346, 
254374, 
254418, 
254446, 
254480, 
254516, 
254542, 
254560, 
254590, 
254606, 
254626, 
254646, 
254666, 
254680, 
254701, 
254732, 
254756, 
254784, 
254808, 
254822, 
254856, 
254878, 
254913, 
254944, 
255008, 
255048, 
255076, 
255118, 
255153, 
255184, 
255222, 
255250, 
255290, 
255342, 
255364, 
255406, 
255438, 
255458, 
255482, 
255500, 
255534, 
255566, 
255598, 
255628, 
255656, 
255690, 
255736, 
255774, 
255794, 
255804, 
255840, 
255854, 
255868, 
255894, 
255918, 
255950, 
255970, 
255992, 
256014, 
256044, 
256060, 
256090, 
256120, 
256154, 
256190, 
256220, 
256247, 
256290, 
256322, 
256364, 
256375, 
256412, 
256448, 
256471, 
256508, 
256534, 
256558, 
256598, 
256618, 
256654, 
256666, 
256700, 
256744, 
256778, 
256802, 
256830, 
256848, 
256890, 
256919, 
256938, 
256960, 
257000, 
257022, 
257053, 
257074, 
257100, 
257136, 
257172, 
257194, 
257216, 
257254, 
257296, 
257308, 
257344, 
257372, 
257414, 
257452, 
257479, 
257514, 
257528, 
257568, 
257586, 
257626, 
257654, 
257668, 
257698, 
257734, 
257761, 
257790, 
257820, 
257854, 
257882, 
257920, 
257960, 
257983, 
258018, 
258038, 
258074, 
258084, 
258106, 
258136, 
258165, 
258186, 
258224, 
258262, 
258282, 
258308, 
258332, 
258354, 
258383, 
258421, 
258444, 
258468, 
258502, 
258534, 
258558, 
258576, 
258592, 
258621, 
258655, 
258695, 
258710, 
258733, 
258777, 
258820, 
258858, 
258880, 
258898, 
258932, 
258975, 
259002, 
259015, 
259047, 
259068, 
259096, 
259104, 
259146, 
259174, 
259198, 
259239, 
259264, 
259282, 
259308, 
259342, 
259364, 
259398, 
259420, 
259450, 
259470, 
259488, 
259512, 
259544, 
259592, 
259624, 
259654, 
259694, 
259738, 
259769, 
259808, 
259834, 
259874, 
259906, 
259930, 
259950, 
259971, 
260008, 
260026, 
260058, 
260078, 
260114, 
260148, 
260182, 
260202, 
260224, 
260270, 
260292, 
260314, 
260344, 
260368, 
260408, 
260462, 
260484, 
260520, 
260554, 
260583, 
260610, 
260636, 
260656, 
260680, 
260692, 
260724, 
260754, 
260784, 
260819, 
260846, 
260887, 
260924, 
260958, 
260987, 
261012, 
261032, 
261068, 
261100, 
261122, 
261150, 
261176, 
261218, 
261244, 
261272, 
261320, 
261344, 
261382, 
261418, 
261440, 
261464, 
261484, 
261506, 
261540, 
261563, 
261579, 
261620, 
261650, 
261670, 
261692, 
261716, 
261738, 
261780, 
261812, 
261836, 
261866, 
261900, 
261926, 
261960, 
261980, 
262010, 
262026, 
262050, 
262092, 
262116, 
262150, 
262170, 
262217, 
262249, 
262288, 
262308, 
262330, 
262376, 
262402, 
262440, 
262488, 
262520, 
262562, 
262596, 
262626, 
262662, 
262678, 
262716, 
262742, 
262766, 
262792, 
262818, 
262841, 
262870, 
262890, 
262910, 
262930, 
262968, 
263006, 
263032, 
263048, 
263066, 
263110, 
263154, 
263184, 
263224, 
263252, 
263276, 
263310, 
263342, 
263370, 
263392, 
263428, 
263459, 
263492, 
263520, 
263548, 
263594, 
263608, 
263632, 
263649, 
263668, 
263700, 
263726, 
263768, 
263810, 
263834, 
263848, 
263875, 
263902, 
263934, 
263962, 
263991, 
264028, 
264038, 
264070, 
264096, 
264126, 
264158, 
264191, 
264214, 
264244, 
264268, 
264302, 
264330, 
264348, 
264372, 
264402, 
264424, 
264458, 
264486, 
264518, 
264558, 
264580, 
264610, 
264648, 
264680, 
264712, 
264740, 
264758, 
264795, 
264816, 
264844, 
264866, 
264906, 
264950, 
264974, 
265000, 
265030, 
265048, 
265076, 
265122, 
265150, 
265168, 
265202, 
265240, 
265252, 
265282, 
265308, 
265344, 
265366, 
265398, 
265416, 
265427, 
265478, 
265506, 
265529, 
265562, 
265592, 
265628, 
265652, 
265676, 
265696, 
265719, 
265740, 
265768, 
265804, 
265836, 
265866, 
265892, 
265912, 
265948, 
265989, 
266025, 
266046, 
266084, 
266114, 
266140, 
266172, 
266196, 
266222, 
266246, 
266281, 
266302, 
266326, 
266352, 
266376, 
266398, 
266422, 
266450, 
266470, 
266498, 
266542, 
266562, 
266592, 
266634, 
266654, 
266680, 
266704, 
266728, 
266758, 
266778, 
266796, 
266828, 
266863, 
266880, 
266906, 
266924, 
266944, 
266968, 
266989, 
267010, 
267032, 
267056, 
267087, 
267121, 
267150, 
267178, 
267208, 
267238, 
267270, 
267294, 
267326, 
267360, 
267378, 
267418, 
267434, 
267474, 
267506, 
267530, 
267551, 
267586, 
267619, 
267642, 
267658, 
267692, 
267700, 
267750, 
267766, 
267810, 
267834, 
267875, 
267902, 
267920, 
267950, 
267981, 
268014, 
268036, 
268078, 
268098, 
268132, 
268154, 
268176, 
268206, 
268230, 
268257, 
268278, 
268300, 
268336, 
268356, 
268372, 
268396, 
268420, 
268432, 
268462, 
268503, 
268538, 
268556, 
268596, 
268628, 
268662, 
268702, 
268732, 
268756, 
268784, 
268814, 
268840, 
268866, 
268892, 
268925, 
268970, 
268988, 
269022, 
269040, 
269082, 
269115, 
269152, 
269194, 
269228, 
269258, 
269284, 
269316, 
269340, 
269372, 
269420, 
269444, 
269464, 
269496, 
269514, 
269560, 
269596, 
269621, 
269644, 
269672, 
269698, 
269722, 
269746, 
269772, 
269794, 
269818, 
269846, 
269862, 
269898, 
269932, 
269958, 
269980, 
270022, 
270057, 
270080, 
270116, 
270156, 
270180, 
270204, 
270246, 
270263, 
270290, 
270322, 
270346, 
270366, 
270392, 
270408, 
270448, 
270476, 
270500, 
270518, 
270544, 
270554, 
270588, 
270610, 
270644, 
270680, 
270710, 
270728, 
270750, 
270772, 
270810, 
270828, 
270846, 
270884, 
270902, 
270938, 
270964, 
270987, 
271010, 
271034, 
271053, 
271090, 
271132, 
271159, 
271204, 
271232, 
271258, 
271280, 
271332, 
271352, 
271372, 
271408, 
271438, 
271474, 
271490, 
271520, 
271550, 
271572, 
271582, 
271601, 
271632, 
271662, 
271676, 
271694, 
271712, 
271746, 
271778, 
271788, 
271812, 
271842, 
271874, 
271912, 
271934, 
271947, 
271986, 
272016, 
272034, 
272070, 
272128, 
272150, 
272168, 
272192, 
272216, 
272247, 
272274, 
272305, 
272342, 
272366, 
272404, 
272430, 
272460, 
272486, 
272514, 
272552, 
272588, 
272630, 
272660, 
272676, 
272706, 
272726, 
272757, 
272778, 
272822, 
272864, 
272888, 
272924, 
272969, 
272992, 
273010, 
273036, 
273060, 
273090, 
273114, 
273159, 
273186, 
273222, 
273248, 
273262, 
273301, 
273320, 
273348, 
273373, 
273399, 
273432, 
273464, 
273512, 
273550, 
273586, 
273606, 
273640, 
273673, 
273704, 
273728, 
273748, 
273768, 
273790, 
273817, 
273849, 
273880, 
273908, 
273934, 
273954, 
273978, 
274006, 
274036, 
274060, 
274096, 
274122, 
274152, 
274194, 
274216, 
274230, 
274267, 
274292, 
274322, 
274361, 
274392, 
274412, 
274432, 
274460, 
274488, 
274506, 
274538, 
274554, 
274579, 
274606, 
274646, 
274682, 
274700, 
274722, 
274746, 
274764, 
274790, 
274828, 
274865, 
274896, 
274920, 
274934, 
274954, 
274980, 
275004, 
275032, 
275076, 
275103, 
275136, 
275170, 
275184, 
275215, 
275244, 
275276, 
275300, 
275318, 
275347, 
275368, 
275397, 
275434, 
275488, 
275524, 
275559, 
275584, 
275600, 
275633, 
275666, 
275686, 
275705, 
275738, 
275772, 
275808, 
275836, 
275878, 
275915, 
275944, 
275984, 
276012, 
276042, 
276064, 
276086, 
276119, 
276152, 
276177, 
276200, 
276228, 
276230, 
276272, 
276315, 
276337, 
276364, 
276402, 
276426, 
276454, 
276474, 
276498, 
276524, 
276546, 
276566, 
276610, 
276636, 
276698, 
276716, 
276752, 
276784, 
276810, 
276840, 
276866, 
276886, 
276912, 
276942, 
276960, 
277004, 
277054, 
277078, 
277110, 
277146, 
277164, 
277186, 
277210, 
277252, 
277290, 
277334, 
277366, 
277398, 
277446, 
277474, 
277514, 
277546, 
277572, 
277603, 
277630, 
277672, 
277696, 
277706, 
277740, 
277764, 
277792, 
277826, 
277866, 
277899, 
277938, 
277972, 
278010, 
278044, 
278082, 
278118, 
278156, 
278192, 
278216, 
278250, 
278274, 
278298, 
278320, 
278351, 
278376, 
278398, 
278434, 
278456, 
278496, 
278530, 
278552, 
278574, 
278610, 
278640, 
278688, 
278728, 
278756, 
278772, 
278816, 
278842, 
278858, 
278892, 
278923, 
278966, 
278988, 
279008, 
279040, 
279058, 
279093, 
279128, 
279150, 
279174, 
279208, 
279256, 
279279, 
279316, 
279330, 
279359, 
279390, 
279430, 
279454, 
279486, 
279508, 
279540, 
279572, 
279606, 
279632, 
279662, 
279680, 
279715, 
279743, 
279780, 
279790, 
279828, 
279844, 
279878, 
279924, 
279944, 
279976, 
280012, 
280048, 
280082, 
280112, 
280126, 
280156, 
280180, 
280196, 
280228, 
280258, 
280288, 
280312, 
280346, 
280378, 
280418, 
280464, 
280481, 
280518, 
280552, 
280592, 
280614, 
280658, 
280686, 
280710, 
280728, 
280766, 
280788, 
280822, 
280860, 
280904, 
280932, 
280948, 
280966, 
281006, 
281036, 
281050, 
281074, 
281098, 
281130, 
281162, 
281192, 
281210, 
281236, 
281254, 
281282, 
281300, 
281313, 
281340, 
281362, 
281390, 
281417, 
281446, 
281464, 
281500, 
281528, 
281550, 
281570, 
281595, 
281629, 
281680, 
281708, 
281732, 
281753, 
281774, 
281798, 
281820, 
281846, 
281876, 
281888, 
281921, 
281938, 
281976, 
282004, 
282042, 
282069, 
282096, 
282146, 
282166, 
282186, 
282235, 
282266, 
282286, 
282300, 
282344, 
282362, 
282389, 
282424, 
282470, 
282504, 
282518, 
282541, 
282576, 
282612, 
282628, 
282694, 
282718, 
282756, 
282766, 
282794, 
282825, 
282862, 
282890, 
282910, 
282930, 
282950, 
282980, 
283012, 
283050, 
283084, 
283121, 
283162, 
283196, 
283236, 
283254, 
283292, 
283316, 
283344, 
283378, 
283406, 
283440, 
283476, 
283508, 
283542, 
283560, 
283578, 
283610, 
283644, 
283670, 
283698, 
283730, 
283756, 
283792, 
283825, 
283868, 
283890, 
283918, 
283948, 
283964, 
283988, 
284020, 
284053, 
284096, 
284120, 
284152, 
284187, 
284218, 
284258, 
284288, 
284336, 
284368, 
284396, 
284422, 
284448, 
284480, 
284506, 
284536, 
284574, 
284602, 
284629, 
284648, 
284680, 
284716, 
284752, 
284774, 
284807, 
284844, 
284871, 
284890, 
284932, 
284959, 
284994, 
285012, 
285018, 
285058, 
285076, 
285124, 
285158, 
285190, 
285229, 
285240, 
285272, 
285298, 
285328, 
285356, 
285376, 
285400, 
285445, 
285470, 
285504, 
285528, 
285564, 
285610, 
285630, 
285652, 
285678, 
285716, 
285744, 
285777, 
285796, 
285830, 
285846, 
285866, 
285891, 
285918, 
285950, 
285982, 
286018, 
286046, 
286086, 
286114, 
286155, 
286187, 
286216, 
286248, 
286282, 
286320, 
286356, 
286376, 
286396, 
286422, 
286452, 
286474, 
286510, 
286546, 
286612, 
286658, 
286674, 
286707, 
286734, 
286762, 
286806, 
286830, 
286858, 
286888, 
286906, 
286933, 
286958, 
286984, 
287018, 
287057, 
287088, 
287110, 
287146, 
287172, 
287204, 
287240, 
287274, 
287310, 
287350, 
287388, 
287418, 
287436, 
287470, 
287510, 
287546, 
287560, 
287594, 
287622, 
287654, 
287677, 
287699, 
287740, 
287774, 
287820, 
287864, 
287882, 
287910, 
287939, 
287966, 
287998, 
288024, 
288054, 
288078, 
288096, 
288128, 
288168, 
288192, 
288218, 
288234, 
288264, 
288290, 
288318, 
288340, 
288365, 
288404, 
288420, 
288456, 
288472, 
288508, 
288540, 
288560, 
288580, 
288608, 
288634, 
288664, 
288692, 
288720, 
288746, 
288778, 
288810, 
288844, 
288874, 
288902, 
288925, 
288966, 
288982, 
289023, 
289062, 
289104, 
289127, 
289156, 
289191, 
289204, 
289234, 
289273, 
289313, 
289338, 
289360, 
289382, 
289406, 
289430, 
289451, 
289480, 
289520, 
289560, 
289598, 
289615, 
289630, 
289656, 
289688, 
289722, 
289752, 
289770, 
289804, 
289837, 
289882, 
289892, 
289914, 
289934, 
289964, 
289990, 
290020, 
290046, 
290074, 
290106, 
290133, 
290162, 
290204, 
290236, 
290264, 
290299, 
290334, 
290372, 
290401, 
290422, 
290456, 
290479, 
290511, 
290554, 
290586, 
290612, 
290636, 
290666, 
290686, 
290708, 
290732, 
290766, 
290796, 
290818, 
290854, 
290888, 
290918, 
290950, 
290974, 
