213, 
369, 
488, 
572, 
652, 
733, 
795, 
859, 
936, 
1007, 
1066, 
1140, 
1202, 
1266, 
1323, 
1390, 
1436, 
1490, 
1548, 
1588, 
1633, 
1680, 
1737, 
1776, 
1826, 
1878, 
1930, 
1992, 
2035, 
2093, 
2141, 
2181, 
2228, 
2262, 
2305, 
2345, 
2398, 
2451, 
2494, 
2554, 
2608, 
2668, 
2719, 
2773, 
2832, 
2883, 
2958, 
3009, 
3042, 
3090, 
3138, 
3193, 
3235, 
3275, 
3322, 
3368, 
3420, 
3462, 
3513, 
3583, 
3634, 
3686, 
3728, 
3761, 
3799, 
3827, 
3862, 
3883, 
3901, 
3924, 
3941, 
3978, 
4007, 
4016, 
4028, 
4037, 
4058, 
4079, 
4105, 
4139, 
4156, 
4171, 
4183, 
4200, 
4225, 
4234, 
4247, 
4255, 
4268, 
4294, 
4316, 
4332, 
4351, 
4371, 
4411, 
4439, 
4477, 
4517, 
4542, 
4579, 
4594, 
4606, 
4620, 
4631, 
4637, 
4656, 
4679, 
4698, 
4709, 
4730, 
4747, 
4759, 
4777, 
4795, 
4809, 
4817, 
4833, 
4840, 
4847, 
4865, 
4880, 
4891, 
4899, 
4908, 
4916, 
4922, 
4927, 
4944, 
4961, 
4972, 
4986, 
5004, 
5019, 
5037, 
5053, 
5070, 
5084, 
5098, 
5117, 
5125, 
5133, 
5141, 
5158, 
5178, 
5198, 
5218, 
5233, 
5256, 
5272, 
5290, 
5310, 
5325, 
5348, 
5363, 
5378, 
5393, 
5407, 
5419, 
5432, 
5453, 
5481, 
5505, 
5522, 
5535, 
5544, 
5555, 
5563, 
5575, 
5591, 
5604, 
5617, 
5639, 
5654, 
5660, 
5675, 
5684, 
5699, 
5709, 
5720, 
5735, 
5763, 
5792, 
5813, 
5838, 
5863, 
5884, 
5900, 
5919, 
5933, 
5948, 
5962, 
5982, 
6018, 
6048, 
6073, 
6086, 
6096, 
6107, 
6121, 
6134, 
6143, 
6150, 
6159, 
6171, 
6190, 
6197, 
6206, 
6221, 
6233, 
6250, 
6270, 
6293, 
6313, 
6337, 
6360, 
6383, 
6405, 
6429, 
6443, 
6456, 
6471, 
6488, 
6493, 
6501, 
6513, 
6527, 
6534, 
6542, 
6556, 
6563, 
6581, 
6606, 
6626, 
6641, 
6655, 
6669, 
6690, 
6717, 
6731, 
6744, 
6759, 
6768, 
6777, 
6795, 
6807, 
6816, 
6834, 
6863, 
6881, 
6895, 
6905, 
6913, 
6924, 
6941, 
6956, 
6978, 
7014, 
7046, 
7067, 
7095, 
7125, 
7142, 
7160, 
7176, 
7186, 
7196, 
7203, 
7213, 
7228, 
7238, 
7248, 
7256, 
7263, 
7277, 
7287, 
7296, 
7305, 
7312, 
7329, 
7352, 
7360, 
7379, 
7398, 
7412, 
7425, 
7438, 
7458, 
7473, 
7497, 
7515, 
7540, 
7563, 
7577, 
7592, 
7593, 
7604, 
7620, 
7627, 
7640, 
7644, 
7657, 
7666, 
7686, 
7706, 
7723, 
7737, 
7747, 
7770, 
7790, 
7806, 
7830, 
7849, 
7878, 
7900, 
7939, 
7977, 
8007, 
8025, 
8042, 
8063, 
8075, 
8086, 
8092, 
8101, 
8107, 
8121, 
8134, 
8169, 
8192, 
8216, 
8241, 
8277, 
8305, 
8325, 
8339, 
8360, 
8387, 
8419, 
8445, 
8469, 
8492, 
8523, 
8541, 
8550, 
8558, 
8569, 
8581, 
8589, 
8596, 
8602, 
8614, 
8618, 
8636, 
8661, 
8675, 
8696, 
8715, 
8744, 
8779, 
8815, 
8867, 
8912, 
8967, 
9025, 
9060, 
9086, 
9110, 
9130, 
9146, 
9165, 
9175, 
9191, 
9205, 
9216, 
9222, 
9235, 
9247, 
9264, 
9287, 
9303, 
9323, 
9331, 
9341, 
9356, 
9379, 
9400, 
9429, 
9461, 
9497, 
9514, 
9536, 
9554, 
9575, 
9596, 
9617, 
9627, 
9652, 
9680, 
9706, 
9732, 
9767, 
9782, 
9797, 
9810, 
9821, 
9829, 
9841, 
9861, 
9880, 
9894, 
9911, 
9930, 
9952, 
9965, 
9983, 
10000, 
10011, 
10024, 
10045, 
10065, 
10078, 
10090, 
10102, 
10116, 
10145, 
10162, 
10170, 
10176, 
10184, 
10196, 
10215, 
10224, 
10235, 
10252, 
10269, 
10283, 
10295, 
10315, 
10331, 
10357, 
10371, 
10398, 
10409, 
10416, 
10430, 
10450, 
10467, 
10481, 
10503, 
10508, 
10518, 
10533, 
10547, 
10558, 
10560, 
10569, 
10586, 
10598, 
10615, 
10619, 
10629, 
10640, 
10647, 
10665, 
10681, 
10693, 
10707, 
10728, 
10744, 
10771, 
10781, 
10793, 
10811, 
10831, 
10853, 
10868, 
10887, 
10907, 
10926, 
10937, 
10954, 
10964, 
10976, 
10996, 
11015, 
11025, 
11037, 
11058, 
11070, 
11083, 
11093, 
11107, 
11116, 
11122, 
11139, 
11153, 
11165, 
11181, 
11197, 
11210, 
11223, 
11248, 
11267, 
11289, 
11317, 
11344, 
11363, 
11377, 
11391, 
11400, 
11413, 
11422, 
11433, 
11449, 
11464, 
11479, 
11497, 
11525, 
11555, 
11582, 
11608, 
11620, 
11635, 
11660, 
11673, 
11682, 
11693, 
11704, 
11720, 
11734, 
11744, 
11749, 
11760, 
11775, 
11795, 
11817, 
11844, 
11854, 
11869, 
11879, 
11894, 
11907, 
11916, 
11931, 
11943, 
11955, 
11973, 
11987, 
11997, 
12007, 
12014, 
12032, 
12051, 
12063, 
12073, 
12094, 
12107, 
12116, 
12127, 
12141, 
12158, 
12182, 
12203, 
12234, 
12266, 
12296, 
12316, 
12332, 
12347, 
12358, 
12368, 
12378, 
12399, 
12409, 
12419, 
12434, 
12445, 
12455, 
12471, 
12496, 
12516, 
12529, 
12537, 
12552, 
12563, 
12577, 
12589, 
12598, 
12607, 
12624, 
12638, 
12660, 
12681, 
12705, 
12737, 
12744, 
12748, 
12759, 
12779, 
12795, 
12807, 
12819, 
12842, 
12849, 
12855, 
12868, 
12874, 
12884, 
12896, 
12908, 
12925, 
12946, 
12968, 
12980, 
13001, 
13033, 
13052, 
13070, 
13099, 
13115, 
13129, 
13156, 
13172, 
13202, 
13223, 
13242, 
13256, 
13277, 
13284, 
13296, 
13317, 
13330, 
13340, 
13350, 
13368, 
13381, 
13388, 
13399, 
13409, 
13420, 
13432, 
13453, 
13477, 
13498, 
13510, 
13520, 
13530, 
13552, 
13571, 
13582, 
13597, 
13601, 
13610, 
13626, 
13645, 
13658, 
13677, 
13688, 
13708, 
13718, 
13740, 
13763, 
13782, 
13795, 
13808, 
13825, 
13850, 
13872, 
13889, 
13902, 
13924, 
13937, 
13953, 
13973, 
13988, 
13995, 
14014, 
14028, 
14044, 
14063, 
14079, 
14090, 
14102, 
14112, 
14126, 
14134, 
14136, 
14144, 
14154, 
14182, 
14200, 
14224, 
14244, 
14259, 
14279, 
14295, 
14309, 
14328, 
14347, 
14363, 
14381, 
14400, 
14412, 
14434, 
14454, 
14469, 
14487, 
14504, 
14527, 
14544, 
14559, 
14568, 
14579, 
14592, 
14605, 
14616, 
14638, 
14652, 
14663, 
14676, 
14715, 
14732, 
14740, 
14759, 
14772, 
14785, 
14795, 
14801, 
14807, 
14814, 
14827, 
14841, 
14856, 
14872, 
14892, 
14908, 
14926, 
14940, 
14957, 
14970, 
14986, 
15005, 
15022, 
15047, 
15076, 
15087, 
15108, 
15134, 
15149, 
15172, 
15188, 
15207, 
15233, 
15254, 
15268, 
15292, 
15312, 
15328, 
15343, 
15359, 
15375, 
15397, 
15412, 
15429, 
15443, 
15452, 
15459, 
15475, 
15498, 
15525, 
15544, 
15558, 
15575, 
15591, 
15610, 
15638, 
15652, 
15673, 
15691, 
15710, 
15722, 
15737, 
15746, 
15752, 
15756, 
15771, 
15785, 
15811, 
15838, 
15863, 
15882, 
15905, 
15919, 
15933, 
15949, 
15961, 
15975, 
15986, 
16001, 
16018, 
16024, 
16033, 
16050, 
16073, 
16097, 
16108, 
16119, 
16138, 
16154, 
16168, 
16189, 
16205, 
16219, 
16233, 
16247, 
16263, 
16270, 
16285, 
16307, 
16325, 
16346, 
16364, 
16388, 
16411, 
16424, 
16430, 
16443, 
16459, 
16467, 
16473, 
16478, 
16489, 
16503, 
16513, 
16521, 
16537, 
16552, 
16563, 
16569, 
16595, 
16612, 
16630, 
16650, 
16669, 
16690, 
16715, 
16738, 
16756, 
16777, 
16795, 
16828, 
16851, 
16861, 
16879, 
16910, 
16926, 
16938, 
16949, 
16973, 
17002, 
17029, 
17046, 
17062, 
17095, 
17128, 
17150, 
17178, 
17205, 
17226, 
17252, 
17269, 
17292, 
17307, 
17326, 
17331, 
17349, 
17361, 
17384, 
17409, 
17422, 
17438, 
17450, 
17461, 
17471, 
17481, 
17490, 
17495, 
17510, 
17524, 
17530, 
17549, 
17572, 
17604, 
17642, 
17677, 
17717, 
17752, 
17790, 
17817, 
17848, 
17871, 
17887, 
17892, 
17901, 
17907, 
17918, 
17940, 
17957, 
17978, 
17996, 
18003, 
18015, 
18028, 
18040, 
18059, 
18070, 
18088, 
18106, 
18118, 
18137, 
18157, 
18179, 
18204, 
18233, 
18258, 
18279, 
18296, 
18307, 
18323, 
18341, 
18357, 
18372, 
18381, 
18395, 
18404, 
18411, 
18419, 
18428, 
18442, 
18462, 
18479, 
18490, 
18498, 
18511, 
18531, 
18551, 
18564, 
18576, 
18582, 
18593, 
18606, 
18621, 
18636, 
18663, 
18692, 
18712, 
18730, 
18746, 
18766, 
18777, 
18790, 
18805, 
18822, 
18838, 
18858, 
18874, 
18888, 
18907, 
18921, 
18938, 
18958, 
18972, 
18988, 
19024, 
19048, 
19072, 
19094, 
19106, 
19119, 
19132, 
19151, 
19167, 
19174, 
19188, 
19196, 
19212, 
19227, 
19246, 
19262, 
19290, 
19310, 
19320, 
19328, 
19336, 
19340, 
19350, 
19359, 
19372, 
19386, 
19394, 
19411, 
