237, 
428, 
586, 
725, 
865, 
990, 
1117, 
1254, 
1376, 
1525, 
1665, 
1810, 
1971, 
2121, 
2232, 
2348, 
2471, 
2584, 
2717, 
2855, 
3006, 
3132, 
3254, 
3371, 
3486, 
3601, 
3671, 
3718, 
3768, 
3841, 
3920, 
3997, 
4096, 
4204, 
4303, 
4397, 
4500, 
4592, 
4690, 
4789, 
4874, 
4960, 
5050, 
5162, 
5285, 
5400, 
5513, 
5630, 
5728, 
5823, 
5947, 
6098, 
6239, 
6359, 
6469, 
6567, 
6666, 
6753, 
6870, 
6977, 
7089, 
7193, 
7280, 
7393, 
7502, 
7609, 
7685, 
7750, 
7851, 
7972, 
8114, 
8249, 
8370, 
8492, 
8635, 
8746, 
8849, 
8977, 
9094, 
9203, 
9313, 
9418, 
9522, 
9621, 
9735, 
9834, 
9936, 
10057, 
10178, 
10284, 
10387, 
10522, 
10634, 
10729, 
10820, 
10928, 
11061, 
11193, 
11309, 
11425, 
11503, 
11587, 
11683, 
11789, 
11907, 
12018, 
12167, 
12290, 
12406, 
12514, 
12628, 
12738, 
12818, 
12914, 
13012, 
13106, 
13200, 
13296, 
13409, 
13516, 
13664, 
13804, 
13915, 
14039, 
14153, 
14230, 
14295, 
14368, 
14468, 
14552, 
14630, 
14734, 
14847, 
14937, 
15008, 
15054, 
15116, 
15186, 
15260, 
15331, 
15407, 
15486, 
15554, 
15614, 
15671, 
15742, 
15818, 
15900, 
15987, 
16062, 
16135, 
16190, 
16244, 
16301, 
16378, 
16465, 
16555, 
16636, 
16715, 
16797, 
16878, 
16951, 
17025, 
17098, 
17167, 
17261, 
17357, 
17455, 
17550, 
17644, 
17741, 
17852, 
17967, 
18082, 
18169, 
18241, 
18320, 
18399, 
18479, 
18563, 
18656, 
18749, 
18820, 
18899, 
18982, 
19095, 
19212, 
19323, 
19453, 
19577, 
19730, 
19865, 
20008, 
20141, 
20296, 
20444, 
20588, 
20718, 
20831, 
20913, 
20998, 
21106, 
21223, 
21340, 
21455, 
21570, 
21676, 
21811, 
21946, 
22072, 
22185, 
22288, 
22377, 
22466, 
22574, 
22681, 
22788, 
22897, 
23019, 
23157, 
23273, 
23365, 
23451, 
23556, 
23662, 
23779, 
23904, 
24038, 
24148, 
24238, 
24330, 
24439, 
24543, 
24632, 
24727, 
24844, 
24948, 
25030, 
25113, 
25206, 
25278, 
25351, 
25440, 
25527, 
25610, 
25691, 
25809, 
25929, 
26038, 
26146, 
26232, 
26326, 
26420, 
26506, 
26644, 
26786, 
26948, 
27074, 
27243, 
27364, 
27475, 
27590, 
27683, 
27782, 
27875, 
27947, 
28028, 
28121, 
28210, 
28309, 
28401, 
28492, 
28589, 
28675, 
28755, 
28858, 
28969, 
29088, 
29212, 
29320, 
29437, 
29541, 
29637, 
29731, 
29812, 
29901, 
30037, 
30186, 
30309, 
30428, 
30527, 
30621, 
30724, 
30825, 
30918, 
31030, 
31138, 
31267, 
31369, 
31472, 
31606, 
31745, 
31855, 
31950, 
32066, 
32171, 
32290, 
32459, 
32569, 
32709, 
32843, 
32961, 
33069, 
33216, 
33388, 
33510, 
33637, 
33760, 
33870, 
33988, 
34123, 
34268, 
34381, 
34492, 
34619, 
34743, 
34854, 
34962, 
35107, 
35249, 
35375, 
35499, 
35653, 
35785, 
35907, 
36016, 
36108, 
36194, 
36306, 
36428, 
36534, 
36608, 
36685, 
36792, 
36876, 
36972, 
37078, 
37198, 
37330, 
37461, 
37582, 
37708, 
37832, 
37955, 
38106, 
38238, 
38367, 
38478, 
38583, 
38688, 
38810, 
38932, 
39055, 
39195, 
39345, 
39470, 
39574, 
39699, 
39827, 
39935, 
40062, 
40194, 
40319, 
40448, 
40589, 
40720, 
40841, 
40948, 
41076, 
41212, 
41319, 
41427, 
41527, 
41623, 
41725, 
41858, 
41979, 
42076, 
42174, 
42275, 
42379, 
42477, 
42590, 
42706, 
42819, 
42928, 
43028, 
43142, 
43289, 
43422, 
43575, 
43704, 
43815, 
43931, 
44041, 
44142, 
44251, 
44357, 
44473, 
44606, 
44737, 
44872, 
44996, 
45119, 
45246, 
45351, 
45487, 
45626, 
45767, 
45926, 
46065, 
46203, 
46352, 
46495, 
46620, 
46749, 
46858, 
46955, 
47052, 
47141, 
47257, 
47395, 
47523, 
47651, 
47782, 
47889, 
47993, 
48097, 
48194, 
48300, 
48408, 
48519, 
48620, 
48701, 
48776, 
48863, 
48944, 
49046, 
49149, 
49249, 
49340, 
49449, 
49564, 
49694, 
49831, 
49948, 
50053, 
50171, 
50272, 
50383, 
50476, 
50552, 
50641, 
50745, 
50838, 
50918, 
50989, 
51078, 
51191, 
51337, 
51436, 
51534, 
51625, 
51743, 
51846, 
51944, 
52053, 
52158, 
52254, 
52371, 
52505, 
52642, 
52767, 
52873, 
52986, 
53104, 
53219, 
53373, 
53512, 
53632, 
53763, 
53886, 
54013, 
54107, 
54207, 
54325, 
54405, 
54489, 
54589, 
54709, 
54831, 
54940, 
55034, 
55142, 
55271, 
55415, 
55552, 
55680, 
55793, 
55913, 
56041, 
56180, 
56335, 
56477, 
56603, 
56726, 
56849, 
56974, 
57108, 
57239, 
57389, 
57533, 
57678, 
57811, 
57932, 
58037, 
58151, 
58258, 
58388, 
58503, 
58640, 
58752, 
58851, 
58954, 
59072, 
59197, 
59330, 
59467, 
59597, 
59738, 
59856, 
59965, 
60081, 
60211, 
60351, 
60488, 
60597, 
60726, 
60830, 
60922, 
61037, 
61131, 
61241, 
61353, 
61458, 
61567, 
61694, 
61834, 
62007, 
62154, 
62276, 
62410, 
62532, 
62654, 
62768, 
62916, 
63046, 
63161, 
63266, 
63357, 
63451, 
63555, 
63694, 
63846, 
64002, 
64138, 
64279, 
64415, 
64548, 
64684, 
64801, 
64930, 
65068, 
65179, 
65263, 
65355, 
65464, 
65585, 
65704, 
65810, 
65936, 
66048, 
66163, 
66303, 
66425, 
66551, 
66680, 
66829, 
66972, 
67113, 
67232, 
67376, 
67482, 
67584, 
67660, 
67748, 
67851, 
67944, 
68030, 
68133, 
68241, 
68331, 
68424, 
68512, 
68610, 
68720, 
68856, 
68987, 
69115, 
69238, 
69350, 
69470, 
69596, 
69769, 
69929, 
70071, 
70218, 
70376, 
70541, 
70668, 
70789, 
70911, 
71037, 
71155, 
71260, 
71360, 
71457, 
71548, 
71630, 
71728, 
71831, 
71944, 
72052, 
72162, 
72253, 
72332, 
72420, 
72552, 
72656, 
72742, 
72854, 
72968, 
73096, 
73221, 
73334, 
73449, 
73572, 
73712, 
73827, 
73936, 
74062, 
74189, 
74303, 
74416, 
74520, 
74621, 
74715, 
74802, 
74931, 
75028, 
75138, 
75256, 
75369, 
75483, 
75608, 
75746, 
75886, 
76021, 
76160, 
76280, 
76381, 
76451, 
76529, 
76626, 
76697, 
76766, 
76838, 
76926, 
77004, 
77076, 
77155, 
77231, 
77293, 
77357, 
77440, 
77519, 
77608, 
77703, 
77783, 
77870, 
77951, 
78027, 
78099, 
78177, 
78255, 
78355, 
78464, 
78546, 
78636, 
78765, 
78884, 
79002, 
79109, 
79224, 
79344, 
79461, 
79578, 
79675, 
79790, 
79878, 
79958, 
80034, 
80101, 
80160, 
80217, 
80285, 
80369, 
80446, 
80514, 
80594, 
80698, 
80804, 
80909, 
80999, 
81077, 
81144, 
81229, 
81327, 
81406, 
81509, 
81618, 
81726, 
81822, 
81916, 
82017, 
82111, 
82202, 
82298, 
82404, 
82511, 
82636, 
82752, 
82871, 
82978, 
83095, 
83224, 
83339, 
83452, 
83561, 
83704, 
83838, 
83980, 
84094, 
84198, 
84312, 
84424, 
84544, 
84694, 
84827, 
84955, 
85081, 
85216, 
85329, 
85454, 
85585, 
85696, 
85824, 
85967, 
86112, 
86268, 
86418, 
86531, 
86650, 
86780, 
86895, 
87022, 
87130, 
87233, 
87351, 
87472, 
87591, 
87691, 
87773, 
87873, 
87982, 
88113, 
88268, 
88408, 
88529, 
88648, 
88743, 
88859, 
89013, 
89138, 
89253, 
89386, 
89543, 
89697, 
89842, 
89976, 
90088, 
90211, 
90319, 
90417, 
90490, 
90567, 
90651, 
90747, 
90856, 
90952, 
91072, 
91194, 
91283, 
91380, 
91487, 
91594, 
91721, 
91840, 
91968, 
92094, 
92196, 
92294, 
92371, 
92474, 
92551, 
92618, 
92685, 
92759, 
92848, 
92946, 
93031, 
93118, 
93219, 
93320, 
93407, 
93510, 
93634, 
93741, 
93850, 
93938, 
94017, 
94107, 
94215, 
94316, 
94422, 
94547, 
94659, 
94751, 
94843, 
94945, 
95039, 
95123, 
95228, 
95339, 
95456, 
95590, 
95730, 
95884, 
96028, 
96173, 
96298, 
96429, 
96554, 
96686, 
96812, 
96961, 
97113, 
97250, 
97368, 
97501, 
97648, 
97780, 
97894, 
98011, 
98140, 
98250, 
98374, 
98504, 
98620, 
98754, 
98911, 
99072, 
99215, 
99321, 
99418, 
99503, 
99576, 
99672, 
99770, 
99878, 
100000, 
100124, 
100261, 
100390, 
100493, 
100603, 
100731, 
100855, 
100983, 
101099, 
101237, 
101381, 
101513, 
101653, 
101798, 
101933, 
102068, 
102188, 
102309, 
102416, 
102506, 
102619, 
102741, 
102849, 
102965, 
103098, 
103215, 
103359, 
103478, 
103621, 
103744, 
103843, 
103959, 
104084, 
104203, 
104316, 
104437, 
104540, 
104641, 
104737, 
104819, 
104913, 
105026, 
105135, 
105243, 
105338, 
105454, 
105585, 
105717, 
105858, 
106004, 
106138, 
106271, 
106429, 
106566, 
106672, 
106788, 
106871, 
106962, 
107090, 
107220, 
107336, 
107425, 
107511, 
107619, 
107750, 
107860, 
107958, 
108051, 
108142, 
108236, 
108334, 
108453, 
108574, 
108688, 
108798, 
108905, 
109012, 
109116, 
109232, 
109344, 
109471, 
109590, 
109693, 
109790, 
109875, 
109945, 
110037, 
110125, 
110210, 
110298, 
110376, 
110472, 
110575, 
110685, 
110801, 
110892, 
110977, 
111067, 
111159, 
111268, 
111373, 
111486, 
111591, 
111704, 
111818, 
111922, 
112035, 
112151, 
112250, 
112356, 
112456, 
112550, 
112659, 
112762, 
112878, 
113005, 
113113, 
113231, 
113337, 
113459, 
113559, 
113657, 
113772, 
113904, 
114033, 
114144, 
114254, 
114349, 
114480, 
114603, 
114740, 
114873, 
115005, 
115153, 
115295, 
115422, 
115554, 
115668, 
115785, 
115912, 
116039, 
116165, 
116313, 
116478, 
116641, 
116782, 
116913, 
117039, 
117142, 
117234, 
117345, 
117454, 
117576, 
117705, 
117820, 
117945, 
118061, 
118178, 
118270, 
118363, 
118451, 
118547, 
118643, 
118747, 
118836, 
118939, 
119050, 
119154, 
119228, 
119305, 
119425, 
119560, 
119689, 
119807, 
119919, 
120020, 
120132, 
120282, 
120420, 
120552, 
120681, 
120810, 
120952, 
121114, 
121244, 
121345, 
121443, 
121534, 
121634, 
121716, 
121821, 
121942, 
122096, 
122227, 
122353, 
122465, 
122584, 
122699, 
122803, 
122897, 
122973, 
123063, 
123145, 
123230, 
123310, 
123371, 
123438, 
123515, 
123589, 
123656, 
123736, 
123833, 
123931, 
124013, 
124090, 
124150, 
124228, 
124316, 
124427, 
124528, 
124623, 
124714, 
124819, 
124945, 
125081, 
125188, 
125285, 
125377, 
125487, 
125590, 
125663, 
125735, 
125827, 
125919, 
126038, 
126164, 
126269, 
126352, 
126438, 
126549, 
126665, 
126775, 
126897, 
127036, 
127144, 
127265, 
127396, 
127534, 
127672, 
127837, 
127958, 
128068, 
128179, 
128285, 
128384, 
128487, 
128612, 
128718, 
128810, 
128893, 
128995, 
129104, 
129209, 
129340, 
129461, 
129581, 
129695, 
129801, 
129900, 
129994, 
130098, 
130181, 
130276, 
130367, 
130451, 
130538, 
130624, 
130718, 
130807, 
130875, 
130933, 
130999, 
131078, 
131140, 
131188, 
131256, 
131351, 
131463, 
131569, 
131659, 
131768, 
131869, 
131961, 
132049, 
132139, 
132225, 
132332, 
132427, 
132507, 
132581, 
132686, 
132821, 
132933, 
133052, 
133175, 
133275, 
133378, 
133494, 
133619, 
133741, 
133857, 
133991, 
134112, 
134238, 
134370, 
134497, 
134623, 
134759, 
134912, 
135054, 
135184, 
135329, 
135469, 
135595, 
135697, 
135812, 
135944, 
136089, 
136227, 
136380, 
136510, 
136628, 
136768, 
136910, 
137017, 
137124, 
137236, 
137340, 
137462, 
137562, 
137652, 
137733, 
137827, 
137940, 
138078, 
138223, 
138364, 
138507, 
138643, 
138809, 
138979, 
139108, 
139240, 
139381, 
139515, 
139636, 
139757, 
139903, 
140058, 
140183, 
140287, 
140394, 
140494, 
140617, 
140754, 
140880, 
141003, 
141134, 
141246, 
141350, 
141458, 
141579, 
141696, 
141820, 
141953, 
142099, 
142252, 
142389, 
142517, 
142636, 
142758, 
142876, 
143012, 
143165, 
143313, 
143451, 
143583, 
143710, 
143834, 
143984, 
144121, 
144235, 
144385, 
144524, 
144660, 
144810, 
144935, 
145047, 
145149, 
145278, 
145391, 
145513, 
145630, 
145747, 
145874, 
145993, 
146115, 
146233, 
146352, 
146459, 
146567, 
146682, 
146772, 
146856, 
146955, 
147049, 
147141, 
147225, 
147315, 
147407, 
147509, 
147598, 
147666, 
147748, 
147829, 
147908, 
147999, 
148092, 
148186, 
148284, 
148384, 
148491, 
148602, 
148712, 
148804, 
148875, 
148944, 
149026, 
149120, 
149181, 
149265, 
149371, 
149455, 
149546, 
149655, 
149777, 
149888, 
149996, 
150120, 
150229, 
150313, 
150394, 
150481, 
150576, 
150646, 
150702, 
150768, 
150851, 
150929, 
151005, 
151096, 
151199, 
151307, 
151442, 
151569, 
151699, 
151863, 
151975, 
152107, 
152239, 
152352, 
152462, 
152542, 
152616, 
152675, 
152736, 
152790, 
152863, 
152941, 
153026, 
153113, 
153233, 
153353, 
153445, 
153525, 
153595, 
153676, 
153757, 
153846, 
153937, 
154014, 
154093, 
154187, 
154273, 
154368, 
154477, 
154571, 
154660, 
154740, 
154839, 
154937, 
155015, 
155083, 
155149, 
155219, 
155298, 
155383, 
155467, 
155550, 
155637, 
155723, 
155805, 
155875, 
155957, 
156041, 
156124, 
156198, 
156260, 
156325, 
156399, 
156483, 
156575, 
156653, 
156737, 
156819, 
156909, 
156995, 
157087, 
157196, 
157302, 
157420, 
157534, 
157642, 
157743, 
157841, 
157940, 
158031, 
158115, 
158203, 
158297, 
158390, 
158496, 
158600, 
158694, 
158783, 
158865, 
158945, 
159034, 
159129, 
159209, 
159277, 
159339, 
159412, 
159491, 
159590, 
159703, 
159794, 
159899, 
159996, 
160100, 
160204, 
160302, 
160401, 
160501, 
160626, 
160725, 
160815, 
160912, 
161006, 
161093, 
161191, 
161314, 
161415, 
161508, 
161597, 
161683, 
161774, 
161867, 
161960, 
162048, 
162138, 
162232, 
162314, 
162413, 
162513, 
162625, 
162721, 
162838, 
162957, 
163086, 
163240, 
163378, 
163528, 
163654, 
163761, 
163887, 
164021, 
164157, 
164267, 
164389, 
164505, 
164631, 
164744, 
164851, 
164961, 
165077, 
165184, 
165309, 
165435, 
165573, 
165724, 
165876, 
166010, 
166144, 
166270, 
166385, 
166506, 
166648, 
166774, 
166911, 
167068, 
167220, 
167361, 
167491, 
167614, 
167746, 
167880, 
168013, 
168143, 
168271, 
168384, 
168486, 
168586, 
168676, 
168802, 
168947, 
169102, 
169247, 
169360, 
169474, 
169583, 
169716, 
169830, 
169923, 
170033, 
170162, 
170287, 
170400, 
170530, 
170645, 
170741, 
170841, 
170953, 
171071, 
171175, 
171273, 
171358, 
171458, 
171563, 
171663, 
171789, 
171918, 
172068, 
172174, 
172301, 
172434, 
172533, 
172637, 
172754, 
172865, 
172957, 
173048, 
173165, 
173272, 
173386, 
173485, 
173579, 
173672, 
173773, 
173905, 
174063, 
174210, 
174342, 
174457, 
174568, 
174693, 
174802, 
174901, 
174995, 
175099, 
175204, 
175280, 
175349, 
175425, 
175491, 
175574, 
175664, 
175774, 
175873, 
175974, 
176086, 
176192, 
176308, 
176424, 
176529, 
176639, 
176741, 
176835, 
176935, 
177055, 
177173, 
177259, 
177333, 
177396, 
177470, 
177559, 
177640, 
177711, 
177788, 
177885, 
177999, 
178115, 
178237, 
178343, 
178470, 
178603, 
178709, 
178807, 
178909, 
178992, 
179066, 
179131, 
179209, 
179300, 
179391, 
179478, 
179565, 
179667, 
179773, 
179883, 
179997, 
180116, 
180222, 
180323, 
180432, 
180549, 
180667, 
180790, 
180899, 
181018, 
181131, 
181253, 
181365, 
181500, 
181646, 
181782, 
181925, 
182053, 
182184, 
182292, 
182392, 
182479, 
182582, 
182682, 
182804, 
182938, 
183055, 
183177, 
183288, 
183403, 
183535, 
183647, 
183744, 
183852, 
183984, 
184080, 
184185, 
184301, 
184410, 
184554, 
184695, 
184808, 
184927, 
185052, 
185190, 
185350, 
185513, 
185657, 
185793, 
185915, 
186029, 
186163, 
186298, 
186432, 
186578, 
186722, 
186839, 
186985, 
187100, 
187244, 
187366, 
187498, 
187613, 
187725, 
187860, 
188014, 
188124, 
188225, 
188298, 
188378, 
188470, 
188581, 
188679, 
188760, 
188834, 
188902, 
188974, 
189059, 
189152, 
189242, 
189334, 
189410, 
189492, 
189576, 
189654, 
189744, 
189860, 
189984, 
190085, 
190180, 
190267, 
190355, 
190435, 
190521, 
190605, 
190681, 
190765, 
190865, 
190959, 
191038, 
191127, 
191235, 
191360, 
191471, 
191563, 
191685, 
191787, 
191883, 
191951, 
192041, 
192141, 
192231, 
192329, 
192431, 
192525, 
192633, 
192741, 
192844, 
192945, 
193044, 
193152, 
193245, 
193347, 
193453, 
193542, 
193652, 
193757, 
193864, 
193980, 
194089, 
194204, 
194297, 
194408, 
194525, 
194622, 
194720, 
194835, 
194941, 
195078, 
195193, 
195322, 
195463, 
195587, 
195735, 
195840, 
195937, 
196063, 
196173, 
196268, 
196375, 
196472, 
196584, 
196687, 
196786, 
196884, 
196988, 
197097, 
197222, 
197344, 
197472, 
197589, 
197695, 
197797, 
197902, 
198017, 
198141, 
198250, 
198365, 
198496, 
198628, 
198765, 
198888, 
199025, 
199140, 
199269, 
199407, 
199575, 
199708, 
199829, 
199953, 
200073, 
200213, 
200361, 
200497, 
200614, 
200722, 
200823, 
200934, 
201051, 
201173, 
201319, 
201469, 
201607, 
201735, 
201888, 
202004, 
202131, 
202260, 
202368, 
202499, 
202646, 
202786, 
202929, 
203078, 
203207, 
203356, 
203495, 
203625, 
203741, 
203854, 
203992, 
204129, 
204288, 
204444, 
204568, 
204665, 
204770, 
204876, 
204967, 
205042, 
205134, 
205220, 
205308, 
205400, 
205491, 
205582, 
205686, 
205803, 
205906, 
206032, 
206119, 
206220, 
206322, 
206426, 
206520, 
206605, 
206693, 
206798, 
206931, 
207055, 
207196, 
207346, 
207475, 
207605, 
207734, 
207858, 
208002, 
208116, 
208229, 
208342, 
208481, 
208628, 
208769, 
208915, 
209068, 
209211, 
209351, 
209493, 
209618, 
209726, 
209834, 
209938, 
210033, 
210133, 
210255, 
210404, 
210526, 
210659, 
210805, 
210928, 
211053, 
211157, 
211271, 
211369, 
211474, 
211583, 
211704, 
211833, 
211962, 
212089, 
212225, 
212350, 
212477, 
212612, 
212756, 
212871, 
212997, 
213113, 
213230, 
213362, 
213487, 
213599, 
213715, 
213823, 
213933, 
214031, 
214140, 
214223, 
214321, 
214417, 
214515, 
214625, 
214730, 
214830, 
214936, 
215029, 
215107, 
215201, 
215303, 
215422, 
215548, 
215668, 
215790, 
215902, 
215988, 
216070, 
216151, 
216218, 
216281, 
216349, 
216424, 
216477, 
216528, 
216597, 
216695, 
216797, 
216907, 
217015, 
217115, 
217223, 
217333, 
217437, 
217550, 
217642, 
217711, 
217782, 
217856, 
217942, 
218020, 
218100, 
218159, 
218222, 
218302, 
218388, 
218476, 
218584, 
218703, 
218822, 
218932, 
219048, 
219186, 
219309, 
219433, 
219564, 
219706, 
219825, 
219933, 
220059, 
220185, 
220312, 
220435, 
220545, 
220644, 
220736, 
220830, 
220930, 
221032, 
221131, 
221228, 
221349, 
221472, 
221593, 
221705, 
221806, 
221925, 
222048, 
222166, 
222308, 
222462, 
222557, 
222659, 
222772, 
222931, 
223054, 
223180, 
223293, 
223406, 
223513, 
223613, 
223732, 
223850, 
223984, 
224103, 
224231, 
224342, 
224468, 
224572, 
224666, 
224745, 
224872, 
224998, 
225107, 
225193, 
225307, 
225441, 
225558, 
225664, 
225791, 
225881, 
225974, 
226071, 
226178, 
226286, 
226421, 
226572, 
226685, 
226819, 
226928, 
227052, 
227169, 
227270, 
227369, 
227475, 
227591, 
227696, 
227814, 
227944, 
228068, 
228203, 
228341, 
228460, 
228558, 
228667, 
228757, 
228842, 
228948, 
229054, 
229151, 
229245, 
229332, 
229410, 
229477, 
229541, 
229601, 
229659, 
229715, 
229780, 
229866, 
229962, 
230044, 
230101, 
230156, 
230223, 
230286, 
230344, 
230433, 
230532, 
230639, 
230748, 
230838, 
230921, 
231003, 
231102, 
231195, 
231277, 
231361, 
231452, 
231530, 
231606, 
231685, 
231766, 
231843, 
231924, 
232012, 
232091, 
232149, 
232205, 
232253, 
232315, 
232378, 
232454, 
232517, 
232557, 
232607, 
232686, 
232757, 
232867, 
232987, 
233090, 
233198, 
233286, 
233378, 
233481, 
233589, 
233676, 
233801, 
233929, 
234054, 
234160, 
234263, 
234343, 
234439, 
234525, 
234610, 
234705, 
234823, 
234959, 
235097, 
235209, 
235330, 
235456, 
235568, 
235669, 
235782, 
235878, 
235950, 
236004, 
236078, 
236153, 
236225, 
236313, 
236397, 
236467, 
236535, 
236595, 
236671, 
236749, 
236807, 
236888, 
236959, 
237029, 
237127, 
237221, 
237294, 
237379, 
237472, 
237534, 
237610, 
237689, 
237782, 
237876, 
237943, 
238013, 
238077, 
238130, 
238174, 
238239, 
238309, 
238371, 
238454, 
238540, 
238638, 
238737, 
238845, 
238955, 
239069, 
239162, 
239239, 
239305, 
239373, 
239456, 
239545, 
239664, 
239785, 
239895, 
239990, 
240076, 
240161, 
240242, 
240359, 
240486, 
240602, 
240709, 
240828, 
240972, 
241082, 
241186, 
241285, 
241402, 
241521, 
241655, 
241790, 
241922, 
242052, 
242153, 
242268, 
242398, 
242532, 
242663, 
242781, 
242917, 
243033, 
243140, 
243253, 
243365, 
243478, 
243595, 
243711, 
243816, 
243887, 
243958, 
244020, 
244110, 
244208, 
244302, 
244407, 
244490, 
244562, 
244634, 
244721, 
244810, 
244909, 
244998, 
245077, 
245152, 
245227, 
245300, 
245364, 
245446, 
245534, 
245632, 
245718, 
245828, 
245941, 
246046, 
246157, 
246269, 
246379, 
246457, 
246546, 
246632, 
246727, 
246827, 
246914, 
247011, 
247098, 
247174, 
247261, 
247371, 
247497, 
247598, 
247702, 
247817, 
247929, 
248055, 
248182, 
248330, 
248460, 
248593, 
248722, 
248845, 
248959, 
249061, 
249139, 
249225, 
249314, 
249395, 
249464, 
249532, 
249598, 
249678, 
249764, 
249842, 
249921, 
249996, 
250090, 
250184, 
250276, 
250382, 
250492, 
250616, 
250713, 
250818, 
250914, 
250996, 
251083, 
251187, 
251312, 
251439, 
251562, 
251669, 
251778, 
251876, 
251975, 
252087, 
252216, 
252331, 
252441, 
252532, 
252618, 
252717, 
252801, 
252910, 
253032, 
253117, 
253200, 
253283, 
253380, 
253464, 
253538, 
253611, 
253693, 
253784, 
253874, 
253982, 
254087, 
254186, 
254279, 
254383, 
254513, 
254627, 
254731, 
254845, 
254969, 
255097, 
255217, 
255327, 
255420, 
255500, 
255585, 
255657, 
255742, 
255826, 
255891, 
255960, 
256030, 
256117, 
256227, 
256339, 
256447, 
256547, 
256647, 
256760, 
256903, 
257049, 
257166, 
257283, 
257419, 
257543, 
257651, 
257776, 
257895, 
258013, 
258126, 
258227, 
258315, 
258421, 
258526, 
258658, 
258772, 
258881, 
258975, 
259055, 
259151, 
259245, 
259337, 
259445, 
259556, 
259683, 
259809, 
259951, 
260073, 
260197, 
260326, 
260445, 
260563, 
260682, 
260795, 
260879, 
260984, 
261103, 
261226, 
261330, 
261425, 
261534, 
261659, 
261783, 
261906, 
262015, 
262119, 
262200, 
262283, 
262360, 
262445, 
262528, 
262620, 
262721, 
262838, 
262952, 
263058, 
263185, 
263303, 
263429, 
263542, 
263660, 
263769, 
263867, 
263951, 
264027, 
264093, 
264140, 
264185, 
264254, 
264322, 
264392, 
264475, 
264550, 
264610, 
264685, 
264776, 
264891, 
264999, 
265100, 
265218, 
265308, 
265392, 
265482, 
265589, 
265692, 
265792, 
265934, 
266069, 
266208, 
266322, 
266420, 
266519, 
266637, 
266736, 
266841, 
266944, 
267055, 
267154, 
267229, 
267303, 
267380, 
267463, 
267557, 
267646, 
267752, 
267857, 
267939, 
268029, 
268114, 
268223, 
268329, 
268455, 
268574, 
268711, 
268841, 
268964, 
269082, 
269195, 
269296, 
269380, 
269438, 
269490, 
269540, 
269593, 
269656, 
269743, 
269841, 
269927, 
270006, 
270093, 
270157, 
270216, 
270266, 
270317, 
270371, 
270435, 
270482, 
270545, 
270630, 
270724, 
270820, 
270918, 
270984, 
271068, 
271161, 
271267, 
271373, 
271491, 
271603, 
271722, 
271855, 
271967, 
272076, 
272174, 
272270, 
272377, 
272469, 
272530, 
272588, 
272662, 
272752, 
272838, 
272924, 
272995, 
273073, 
273153, 
273232, 
273292, 
273353, 
273435, 
273528, 
273596, 
273658, 
273733, 
273810, 
273888, 
273964, 
274032, 
274108, 
274197, 
274264, 
274331, 
274398, 
274461, 
274539, 
274632, 
274747, 
274869, 
274995, 
275118, 
275247, 
275363, 
275474, 
275567, 
275661, 
275753, 
275853, 
275952, 
276027, 
276090, 
276154, 
276227, 
276288, 
276364, 
276455, 
276549, 
276639, 
276731, 
276813, 
276877, 
276967, 
277065, 
277181, 
277297, 
277410, 
277551, 
277650, 
277764, 
277869, 
277960, 
278055, 
278159, 
278256, 
278366, 
278471, 
278572, 
278661, 
278758, 
278864, 
278974, 
279097, 
279235, 
279354, 
279468, 
279581, 
279667, 
279772, 
279880, 
280001, 
280117, 
280217, 
280322, 
280414, 
280531, 
280667, 
280788, 
280901, 
281001, 
281105, 
281199, 
281304, 
281409, 
281518, 
281620, 
281709, 
281826, 
281985, 
282123, 
282230, 
282319, 
282421, 
282557, 
282693, 
282809, 
282909, 
282994, 
283077, 
283169, 
283244, 
283298, 
283354, 
283418, 
283499, 
283593, 
283677, 
283758, 
283850, 
283941, 
284041, 
284142, 
284268, 
284395, 
284532, 
284683, 
284838, 
284969, 
285075, 
285168, 
285281, 
285399, 
285535, 
285658, 
285773, 
285888, 
286011, 
286142, 
286258, 
286369, 
286484, 
286592, 
286693, 
286806, 
286914, 
287044, 
287165, 
287298, 
287425, 
287547, 
287654, 
287780, 
287935, 
288069, 
288201, 
288306, 
288436, 
288562, 
288684, 
288822, 
288925, 
289028, 
289143, 
289284, 
289424, 
289551, 
289667, 
289790, 
289906, 
290026, 
290140, 
290250, 
290378, 
290483, 
290575, 
290679, 
290783, 
290899, 
291004, 
291108, 
291229, 
291366, 
291474, 
291593, 
291719, 
291842, 
291967, 
292103, 
292239, 
292371, 
292477, 
292583, 
292678, 
292773, 
292869, 
292971, 
293075, 
293176, 
293291, 
293406, 
293504, 
293600, 
293697, 
293784, 
293864, 
293943, 
294023, 
294112, 
294214, 
294314, 
294382, 
294472, 
294553, 
294641, 
294751, 
294845, 
294950, 
295046, 
295153, 
295238, 
295311, 
295370, 
295438, 
295514, 
295585, 
295657, 
295749, 
295839, 
295927, 
296032, 
296122, 
296229, 
296335, 
296451, 
296567, 
296677, 
296771, 
296870, 
296982, 
297087, 
297171, 
297260, 
297338, 
297413, 
297498, 
297574, 
297671, 
297771, 
297876, 
297983, 
298093, 
298206, 
298331, 
298439, 
298545, 
298649, 
298747, 
298861, 
298975, 
299076, 
299191, 
299315, 
299440, 
299564, 
299672, 
299788, 
299894, 
300019, 
300144, 
300276, 
300378, 
300493, 
300597, 
300714, 
300826, 
300918, 
301009, 
301114, 
301231, 
301351, 
301486, 
301621, 
301748, 
301867, 
301993, 
302120, 
302240, 
302387, 
302514, 
302632, 
302790, 
302939, 
303092, 
303255, 
303429, 
303582, 
303696, 
303831, 
303953, 
304081, 
304209, 
304310, 
304405, 
304514, 
304595, 
304684, 
304777, 
304862, 
304964, 
305103, 
305229, 
305328, 
305431, 
305542, 
305667, 
305804, 
305917, 
306032, 
306126, 
306233, 
306351, 
306463, 
306579, 
306678, 
306787, 
306918, 
307050, 
307167, 
307283, 
307395, 
307519, 
307629, 
307751, 
307866, 
307978, 
308071, 
308170, 
308264, 
308380, 
308527, 
308667, 
308796, 
308939, 
309060, 
309190, 
309324, 
309411, 
309526, 
309664, 
309812, 
309953, 
310092, 
310227, 
310366, 
310529, 
310661, 
310791, 
310926, 
311081, 
311255, 
311420, 
311580, 
311736, 
311878, 
312011, 
312148, 
312267, 
312419, 
312560, 
312688, 
312797, 
312919, 
313030, 
313160, 
313287, 
313423, 
313549, 
313667, 
313791, 
313871, 
313962, 
314067, 
314158, 
314242, 
314330, 
314418, 
314495, 
314563, 
314637, 
314734, 
314830, 
314917, 
315005, 
315083, 
315183, 
315275, 
315354, 
315420, 
315498, 
315602, 
315700, 
315799, 
315905, 
316003, 
316077, 
316159, 
316234, 
316307, 
316403, 
316513, 
316626, 
316734, 
316843, 
316963, 
317070, 
317154, 
317249, 
317345, 
317446, 
317565, 
317665, 
317768, 
317873, 
317994, 
318111, 
318225, 
318336, 
318458, 
318599, 
318743, 
318878, 
319021, 
319140, 
319236, 
319344, 
319464, 
319591, 
319722, 
319857, 
319973, 
320077, 
320188, 
320301, 
320413, 
320530, 
320647, 
320772, 
320905, 
321049, 
321196, 
321319, 
321436, 
321517, 
321621, 
321741, 
321884, 
322013, 
322148, 
322269, 
322383, 
322491, 
322584, 
322676, 
322785, 
322903, 
323015, 
323122, 
323236, 
323334, 
323437, 
323544, 
323661, 
323784, 
323913, 
324021, 
324130, 
324230, 
324337, 
324455, 
324560, 
324651, 
324759, 
324880, 
325023, 
325146, 
325275, 
325386, 
325479, 
325569, 
325666, 
325778, 
325882, 
326002, 
326111, 
326209, 
326314, 
326423, 
326550, 
326664, 
326808, 
326939, 
327078, 
327206, 
327292, 
327354, 
327425, 
327506, 
327609, 
327725, 
327825, 
327932, 
328052, 
328174, 
328280, 
328375, 
328478, 
328585, 
328701, 
328798, 
328947, 
329076, 
329157, 
329242, 
329320, 
329401, 
329498, 
329581, 
329672, 
329766, 
329854, 
329967, 
330070, 
330169, 
330270, 
330348, 
330425, 
330503, 
330598, 
330702, 
330806, 
330894, 
330984, 
331077, 
331173, 
331284, 
331407, 
331510, 
331599, 
331695, 
331791, 
331895, 
332005, 
332121, 
332252, 
332369, 
332475, 
332575, 
332683, 
332797, 
332904, 
333010, 
333101, 
333183, 
333273, 
333372, 
333486, 
333578, 
333700, 
333815, 
333949, 
334054, 
334131, 
334206, 
334283, 
334380, 
334506, 
334603, 
334722, 
334837, 
334982, 
335107, 
335226, 
335338, 
335453, 
335562, 
335663, 
335755, 
335861, 
335968, 
336072, 
336162, 
336286, 
336391, 
336530, 
336659, 
336761, 
336871, 
336970, 
337089, 
337212, 
337324, 
337405, 
337484, 
337579, 
337679, 
337778, 
337893, 
338029, 
338162, 
338289, 
338416, 
338534, 
338650, 
338763, 
338875, 
338984, 
339072, 
339160, 
339275, 
339384, 
339493, 
339607, 
339729, 
339845, 
339970, 
340064, 
340137, 
340207, 
340306, 
340399, 
340472, 
340553, 
340655, 
340769, 
340877, 
340996, 
341099, 
341215, 
341355, 
341483, 
341587, 
341693, 
341820, 
341925, 
342037, 
342144, 
342247, 
342343, 
342431, 
342549, 
342652, 
342752, 
342847, 
342949, 
343078, 
343187, 
343278, 
343377, 
343477, 
343573, 
343663, 
343738, 
343808, 
343874, 
343927, 
343990, 
344054, 
344123, 
344206, 
344287, 
344366, 
344441, 
344516, 
344577, 
344640, 
344706, 
344770, 
344854, 
344957, 
345057, 
345165, 
345251, 
345341, 
345435, 
345530, 
345620, 
345722, 
345831, 
345926, 
346024, 
346106, 
346201, 
346293, 
346382, 
346467, 
346553, 
346648, 
346753, 
346849, 
346927, 
346995, 
347079, 
347159, 
347266, 
347364, 
347478, 
347590, 
347697, 
347810, 
347912, 
348022, 
348132, 
348223, 
348340, 
348435, 
348525, 
348629, 
348759, 
348877, 
348970, 
349076, 
349164, 
349260, 
349350, 
349427, 
349492, 
349556, 
349637, 
349724, 
349809, 
349913, 
350019, 
350130, 
350218, 
350309, 
350386, 
350475, 
350561, 
350643, 
350718, 
350780, 
350839, 
350894, 
350955, 
351021, 
351071, 
351125, 
351196, 
351288, 
351412, 
351515, 
351603, 
351692, 
351781, 
351867, 
351951, 
352037, 
352126, 
352213, 
352286, 
352356, 
352433, 
352538, 
352624, 
352701, 
352807, 
352885, 
352994, 
353116, 
353253, 
353390, 
353527, 
353664, 
353774, 
353892, 
354010, 
354127, 
354249, 
354365, 
354466, 
354554, 
354658, 
354770, 
354884, 
355001, 
355128, 
355271, 
355399, 
355523, 
355644, 
355755, 
355860, 
355982, 
356100, 
356210, 
356329, 
356429, 
356522, 
356638, 
356765, 
356880, 
356998, 
357099, 
357197, 
357284, 
357391, 
357506, 
357604, 
357712, 
357803, 
357896, 
357992, 
358078, 
358183, 
358311, 
358414, 
358505, 
358606, 
358710, 
358826, 
358940, 
359034, 
359135, 
359221, 
359307, 
359381, 
359451, 
359526, 
359609, 
359717, 
359828, 
359918, 
359988, 
360069, 
360169, 
360278, 
360368, 
360453, 
360539, 
360631, 
360718, 
360790, 
360871, 
360952, 
361049, 
361150, 
361253, 
361353, 
361443, 
361521, 
361621, 
361712, 
361801, 
361893, 
361989, 
362073, 
362145, 
362215, 
362302, 
362405, 
362559, 
362697, 
362834, 
362983, 
363110, 
363248, 
363386, 
363520, 
363664, 
363800, 
363922, 
364040, 
364157, 
364266, 
364403, 
364547, 
364695, 
364806, 
364935, 
365069, 
365179, 
365292, 
365400, 
365511, 
365627, 
365727, 
365835, 
365955, 
366062, 
366144, 
366207, 
366275, 
366353, 
366440, 
366533, 
366639, 
366731, 
366816, 
366912, 
367028, 
367146, 
367287, 
367417, 
367548, 
367670, 
367783, 
367888, 
368005, 
368105, 
368217, 
368329, 
368421, 
368517, 
368594, 
368694, 
368811, 
368925, 
369051, 
369175, 
369297, 
369397, 
369511, 
369636, 
369758, 
369882, 
369995, 
370074, 
370150, 
370221, 
370298, 
370404, 
370510, 
370598, 
370698, 
370804, 
370903, 
370985, 
371063, 
371130, 
371210, 
371280, 
371361, 
371468, 
371557, 
371655, 
371742, 
371825, 
371885, 
371958, 
372041, 
372136, 
372223, 
372301, 
372376, 
372443, 
372527, 
372629, 
372732, 
372839, 
372935, 
373032, 
373104, 
373183, 
373261, 
373342, 
373437, 
373547, 
373664, 
373764, 
373850, 
373933, 
374022, 
374123, 
374245, 
374349, 
374469, 
374585, 
374688, 
374792, 
374896, 
374981, 
375062, 
375155, 
375249, 
375342, 
375446, 
375575, 
375699, 
375811, 
375939, 
376041, 
376150, 
376263, 
376361, 
376447, 
376529, 
376648, 
376749, 
376849, 
376937, 
377044, 
377144, 
377230, 
377341, 
377441, 
377562, 
377715, 
377847, 
377997, 
378138, 
378288, 
378411, 
378508, 
378609, 
378710, 
378830, 
378945, 
379062, 
379182, 
379293, 
379409, 
379539, 
379643, 
379754, 
379862, 
379970, 
380093, 
380227, 
380358, 
380500, 
380631, 
380755, 
380876, 
380993, 
381113, 
381224, 
381322, 
381424, 
381495, 
381561, 
381630, 
381731, 
381841, 
381960, 
382087, 
382213, 
382339, 
382462, 
382590, 
382711, 
382829, 
382950, 
383039, 
383128, 
383223, 
383328, 
383436, 
383556, 
383671, 
383777, 
383895, 
384043, 
384177, 
384302, 
384419, 
384534, 
384630, 
384702, 
384776, 
384850, 
384913, 
385000, 
385068, 
385136, 
385220, 
385295, 
385350, 
385413, 
385473, 
385560, 
385641, 
385728, 
385800, 
385876, 
385965, 
386074, 
386177, 
386269, 
386368, 
386471, 
386570, 
386655, 
386751, 
386856, 
386941, 
387015, 
387080, 
387148, 
387222, 
387321, 
387431, 
387527, 
387640, 
387768, 
387904, 
388014, 
388132, 
388235, 
388346, 
388454, 
388561, 
388677, 
388780, 
388889, 
388992, 
389094, 
389204, 
389314, 
389451, 
389570, 
389688, 
389810, 
389953, 
390073, 
390202, 
390330, 
390473, 
390598, 
390737, 
390901, 
391069, 
391203, 
391338, 
391480, 
391619, 
391748, 
391863, 
391978, 
392110, 
392233, 
392328, 
392457, 
392592, 
392712, 
392838, 
392960, 
393072, 
393188, 
393306, 
393396, 
393484, 
393599, 
393697, 
393785, 
393880, 
393991, 
394108, 
394233, 
394351, 
394448, 
394563, 
394688, 
394807, 
394923, 
395060, 
395181, 
395296, 
395432, 
395553, 
395696, 
395855, 
396023, 
396166, 
396307, 
396459, 
396603, 
396727, 
396860, 
397011, 
397149, 
397288, 
397426, 
397535, 
397657, 
397790, 
397904, 
398032, 
398138, 
398246, 
398341, 
398433, 
398513, 
398608, 
398717, 
398841, 
398967, 
399083, 
399216, 
399367, 
399525, 
399663, 
399801, 
399960, 
400085, 
400211, 
400334, 
400498, 
400641, 
400776, 
400927, 
401061, 
401196, 
401314, 
401425, 
401539, 
401654, 
401785, 
401925, 
402045, 
402173, 
402311, 
402440, 
402565, 
402681, 
402815, 
402949, 
403082, 
403207, 
403299, 
403399, 
403512, 
403610, 
403712, 
403818, 
403940, 
404061, 
404193, 
404319, 
404428, 
404531, 
404647, 
404767, 
404872, 
404981, 
405110, 
405255, 
405385, 
405501, 
405608, 
405709, 
405806, 
405914, 
406018, 
406130, 
406251, 
406345, 
406437, 
406537, 
406624, 
406746, 
406862, 
406962, 
407071, 
407171, 
407260, 
407364, 
407442, 
407526, 
407615, 
407697, 
407799, 
407915, 
408026, 
408141, 
408276, 
408401, 
408518, 
408644, 
408788, 
408961, 
409102, 
409214, 
409312, 
409442, 
409574, 
409695, 
409814, 
409929, 
410022, 
410137, 
410263, 
410373, 
410496, 
410600, 
410748, 
410913, 
411055, 
411182, 
411301, 
411452, 
411588, 
411715, 
411829, 
411960, 
412059, 
412165, 
412300, 
412427, 
412558, 
412672, 
412803, 
412939, 
413090, 
413227, 
413371, 
413537, 
413690, 
413801, 
413881, 
413963, 
414057, 
414145, 
414220, 
414304, 
414399, 
414480, 
414581, 
414695, 
414804, 
414922, 
415019, 
415106, 
415214, 
415334, 
415432, 
415512, 
415592, 
415683, 
415763, 
415839, 
415925, 
416012, 
416135, 
416238, 
416315, 
416399, 
416485, 
416579, 
416692, 
416820, 
416964, 
417088, 
417210, 
417337, 
417465, 
417588, 
417706, 
417815, 
417909, 
418009, 
418095, 
418201, 
418292, 
418364, 
418434, 
418513, 
418573, 
418627, 
418688, 
418759, 
418859, 
418968, 
419076, 
419193, 
419318, 
419449, 
419525, 
419638, 
419751, 
419859, 
419989, 
420103, 
420240, 
420374, 
420527, 
420659, 
420788, 
420915, 
421028, 
421135, 
421239, 
421338, 
421442, 
421566, 
421684, 
421820, 
421966, 
422129, 
422263, 
422378, 
422501, 
422656, 
422788, 
422914, 
423036, 
423149, 
423268, 
423379, 
423507, 
423640, 
423757, 
423856, 
423958, 
424059, 
424182, 
424314, 
424439, 
424557, 
424683, 
424828, 
424972, 
425091, 
425199, 
425308, 
425410, 
425531, 
425653, 
425775, 
425924, 
426062, 
426214, 
426342, 
426475, 
426606, 
426753, 
426855, 
426950, 
427041, 
427128, 
427238, 
427352, 
427476, 
427617, 
427762, 
427904, 
428026, 
428141, 
428263, 
428398, 
428525, 
428647, 
428766, 
428900, 
429015, 
429118, 
429227, 
429331, 
429454, 
429579, 
429714, 
429831, 
429956, 
430084, 
430216, 
430348, 
430462, 
430566, 
430667, 
430741, 
430799, 
430872, 
430955, 
431047, 
431138, 
431252, 
431376, 
431509, 
431629, 
431763, 
431898, 
431997, 
432088, 
432171, 
432280, 
432391, 
432484, 
432581, 
432689, 
432779, 
432878, 
432997, 
433103, 
433221, 
433352, 
433475, 
433592, 
433698, 
433792, 
433894, 
433994, 
434094, 
434203, 
434300, 
434403, 
434507, 
434625, 
434738, 
434856, 
434976, 
435090, 
435225, 
435333, 
435432, 
435537, 
435652, 
435770, 
435894, 
436007, 
436115, 
436249, 
436369, 
436467, 
436565, 
436700, 
436831, 
436961, 
437053, 
437122, 
437184, 
437246, 
437297, 
437356, 
437426, 
437486, 
437544, 
437619, 
437718, 
437802, 
437897, 
438009, 
438107, 
438210, 
438325, 
438436, 
438547, 
438672, 
438788, 
438905, 
439010, 
439150, 
439282, 
439416, 
439521, 
439620, 
439735, 
439835, 
439930, 
440051, 
440154, 
440243, 
440332, 
440430, 
440515, 
440619, 
440716, 
440830, 
440947, 
441073, 
441205, 
441336, 
441449, 
441570, 
441691, 
441805, 
441937, 
442076, 
442167, 
442268, 
442395, 
442510, 
442600, 
442677, 
442785, 
442868, 
442960, 
443069, 
443190, 
443316, 
443440, 
443543, 
443646, 
443743, 
443840, 
443955, 
444080, 
444218, 
444333, 
444454, 
444562, 
444675, 
444789, 
444914, 
445029, 
445125, 
445222, 
445302, 
445383, 
445458, 
445528, 
445608, 
445682, 
445745, 
445819, 
445919, 
446018, 
446105, 
446212, 
446306, 
446399, 
446498, 
446601, 
446673, 
446727, 
446785, 
446856, 
446936, 
447042, 
447142, 
447226, 
447306, 
447400, 
447498, 
447596, 
447694, 
447784, 
447898, 
448015, 
448149, 
448272, 
448369, 
448469, 
448572, 
448679, 
448800, 
448922, 
449059, 
449214, 
449361, 
449522, 
449668, 
449848, 
450013, 
450190, 
450339, 
450480, 
450593, 
450712, 
450831, 
450925, 
451042, 
451165, 
451268, 
451367, 
451471, 
451567, 
451652, 
451729, 
451798, 
451874, 
451980, 
452069, 
452138, 
452215, 
452317, 
452423, 
452536, 
452646, 
452772, 
452867, 
452948, 
453025, 
453100, 
453158, 
453215, 
453306, 
453397, 
453471, 
453559, 
453657, 
453773, 
453893, 
453998, 
454094, 
454190, 
454296, 
454403, 
454509, 
454613, 
454713, 
454813, 
454941, 
455084, 
455191, 
455308, 
455419, 
455512, 
455612, 
455695, 
455770, 
455849, 
455938, 
456039, 
456174, 
456281, 
456371, 
456478, 
456574, 
456686, 
456812, 
456940, 
457061, 
457200, 
457352, 
457486, 
457618, 
457718, 
457859, 
457998, 
458110, 
458209, 
458320, 
458427, 
458552, 
458689, 
458832, 
458969, 
459060, 
459140, 
459254, 
459368, 
459500, 
459636, 
459746, 
459879, 
459998, 
460111, 
460238, 
460384, 
460510, 
460673, 
460812, 
460947, 
461076, 
461215, 
461359, 
461503, 
461627, 
461757, 
461907, 
462035, 
462164, 
462281, 
462422, 
462534, 
462650, 
462802, 
462917, 
463023, 
463150, 
463263, 
463373, 
463483, 
463588, 
463719, 
463853, 
463978, 
464104, 
464227, 
464413, 
464553, 
464675, 
464783, 
464903, 
465045, 
465163, 
465283, 
465401, 
465524, 
465633, 
465740, 
465840, 
465933, 
466047, 
466178, 
466327, 
466446, 
466554, 
466660, 
466752, 
466849, 
466954, 
467057, 
467166, 
467297, 
467439, 
467544, 
467644, 
467738, 
467828, 
467921, 
468004, 
468070, 
468160, 
468257, 
468352, 
468435, 
468519, 
468594, 
468668, 
468749, 
468861, 
468972, 
469098, 
469210, 
469356, 
469452, 
469559, 
469689, 
469838, 
469957, 
470077, 
470223, 
470377, 
470503, 
470592, 
470673, 
470774, 
470885, 
471003, 
471111, 
471236, 
471357, 
471461, 
471600, 
471733, 
471867, 
471988, 
472097, 
472221, 
472337, 
472464, 
472579, 
472708, 
472807, 
472898, 
473000, 
473107, 
473218, 
473341, 
473441, 
473549, 
473649, 
473756, 
473858, 
473948, 
474052, 
474148, 
474260, 
474375, 
474491, 
474604, 
474706, 
474828, 
474944, 
475059, 
475157, 
475250, 
475336, 
475427, 
475547, 
475654, 
475770, 
475881, 
476015, 
476157, 
476284, 
476435, 
476560, 
476695, 
476822, 
476913, 
477039, 
477158, 
477297, 
477428, 
477548, 
477667, 
477798, 
477910, 
478036, 
478168, 
478289, 
478413, 
478536, 
478661, 
478782, 
478888, 
478981, 
479091, 
479188, 
479284, 
479380, 
479502, 
479618, 
479693, 
479754, 
479811, 
479870, 
479929, 
480001, 
480080, 
480157, 
480223, 
480297, 
480365, 
480443, 
480539, 
480659, 
480756, 
480856, 
480962, 
481045, 
481121, 
481192, 
481261, 
481338, 
481427, 
481545, 
481666, 
481782, 
481891, 
482020, 
482127, 
482224, 
482315, 
482408, 
482506, 
482635, 
482749, 
482860, 
482971, 
483092, 
483208, 
483326, 
483456, 
483566, 
483701, 
483861, 
483988, 
484102, 
484216, 
484335, 
484431, 
484534, 
484634, 
484723, 
484822, 
484896, 
484969, 
485024, 
485083, 
485159, 
485242, 
485332, 
485432, 
485552, 
485692, 
485817, 
485928, 
486035, 
486132, 
486230, 
486336, 
486451, 
486558, 
486662, 
486750, 
486841, 
486953, 
487074, 
487187, 
487293, 
487401, 
487499, 
487607, 
487684, 
487773, 
487857, 
487912, 
487962, 
488012, 
488076, 
488155, 
488221, 
488293, 
488369, 
488461, 
488563, 
488674, 
488791, 
488912, 
489026, 
489128, 
489215, 
489293, 
489377, 
489473, 
489571, 
489662, 
489754, 
489827, 
489890, 
489957, 
490058, 
490179, 
490298, 
490427, 
490521, 
490628, 
490719, 
490796, 
490884, 
490983, 
491062, 
491161, 
491264, 
491361, 
491447, 
491525, 
491598, 
491670, 
491747, 
491828, 
491908, 
492022, 
492129, 
492234, 
492358, 
492479, 
492589, 
492718, 
492826, 
492952, 
493054, 
493161, 
493255, 
493353, 
493466, 
493581, 
493670, 
493781, 
493888, 
493977, 
494078, 
494211, 
494317, 
494432, 
494550, 
494683, 
494818, 
494947, 
495102, 
495231, 
495365, 
495478, 
495597, 
495698, 
495809, 
495949, 
496098, 
496252, 
496400, 
496527, 
496648, 
496794, 
496928, 
497056, 
497194, 
497352, 
497492, 
497637, 
497770, 
497920, 
498068, 
498196, 
498335, 
498453, 
498619, 
498770, 
498901, 
499048, 
499180, 
499298, 
499420, 
499525, 
499655, 
499766, 
499891, 
500018, 
500138, 
500257, 
500376, 
500496, 
500637, 
500774, 
500896, 
501013, 
501123, 
501231, 
501357, 
501467, 
501572, 
501671, 
501790, 
501941, 
502089, 
502220, 
502354, 
502474, 
502588, 
502708, 
502836, 
503004, 
503128, 
503268, 
503395, 
503503, 
503602, 
503712, 
503812, 
503955, 
504104, 
504252, 
504369, 
504483, 
504622, 
504751, 
504885, 
505002, 
505113, 
505223, 
505366, 
505498, 
505621, 
505722, 
505849, 
505960, 
506069, 
506193, 
506289, 
506373, 
506459, 
506551, 
506628, 
506716, 
506800, 
506893, 
506995, 
507115, 
507231, 
507353, 
507490, 
507574, 
507660, 
507754, 
507831, 
507904, 
507975, 
508050, 
508133, 
508221, 
508304, 
508392, 
508489, 
508585, 
508672, 
508759, 
508852, 
508949, 
509027, 
509108, 
509202, 
509309, 
509393, 
509474, 
509543, 
509627, 
509711, 
509806, 
509903, 
509990, 
510069, 
510154, 
510256, 
510360, 
510464, 
510576, 
510701, 
510822, 
510954, 
511054, 
511159, 
511296, 
511437, 
511582, 
511704, 
511812, 
511927, 
512048, 
512155, 
512278, 
512394, 
512517, 
512639, 
512786, 
512916, 
513028, 
513131, 
513239, 
513332, 
513436, 
513534, 
513628, 
513715, 
513804, 
513922, 
514044, 
514166, 
514281, 
514381, 
514471, 
514562, 
514673, 
514778, 
514910, 
515033, 
515180, 
515329, 
515461, 
515579, 
515680, 
515791, 
515901, 
516005, 
516115, 
516245, 
516366, 
516458, 
516551, 
516669, 
516802, 
516904, 
516992, 
517121, 
517216, 
517310, 
517428, 
517538, 
517633, 
517741, 
517837, 
517935, 
518026, 
518113, 
518191, 
518263, 
518321, 
518397, 
518480, 
518564, 
518661, 
518776, 
518878, 
518981, 
519098, 
519215, 
519331, 
519453, 
519574, 
519711, 
519834, 
519945, 
520070, 
520172, 
520279, 
520378, 
520493, 
520616, 
520759, 
520886, 
521005, 
521138, 
521262, 
521401, 
521523, 
521637, 
521743, 
521847, 
521955, 
522059, 
522148, 
522249, 
522370, 
522514, 
522648, 
522762, 
522888, 
523005, 
523086, 
523185, 
523305, 
523435, 
523549, 
523661, 
523749, 
523833, 
523938, 
524055, 
524190, 
524340, 
524495, 
524651, 
524791, 
524926, 
525048, 
525194, 
525325, 
525447, 
525551, 
525685, 
525838, 
525988, 
526134, 
526246, 
526361, 
526475, 
526604, 
526744, 
526874, 
527006, 
527142, 
527268, 
527400, 
527540, 
527682, 
527805, 
527925, 
528060, 
528194, 
528330, 
528466, 
528600, 
528719, 
528857, 
528969, 
529073, 
529175, 
529273, 
529364, 
529461, 
529551, 
529641, 
529723, 
529793, 
529880, 
529969, 
530058, 
530170, 
530276, 
530380, 
530502, 
530657, 
530801, 
530927, 
531053, 
531175, 
531295, 
531444, 
531589, 
531704, 
531797, 
531905, 
532019, 
532132, 
532235, 
532336, 
532449, 
532541, 
532627, 
532719, 
532815, 
532897, 
532940, 
532981, 
533034, 
533099, 
533179, 
533267, 
533352, 
533442, 
533526, 
533606, 
533692, 
533783, 
533865, 
533960, 
534041, 
534135, 
534222, 
534323, 
534412, 
534510, 
534609, 
534735, 
534840, 
534957, 
535067, 
535158, 
535234, 
535305, 
535387, 
535475, 
535563, 
535657, 
535760, 
535848, 
535934, 
536007, 
536080, 
536136, 
536189, 
536251, 
536313, 
536380, 
536471, 
536545, 
536608, 
536661, 
536721, 
536785, 
536853, 
536924, 
537034, 
537144, 
537234, 
537311, 
537380, 
537463, 
537543, 
537601, 
537668, 
537747, 
537829, 
537914, 
538006, 
538111, 
538224, 
538344, 
538450, 
538515, 
538584, 
538662, 
538746, 
538824, 
538900, 
538965, 
539035, 
539160, 
539289, 
539417, 
539547, 
539683, 
539790, 
539894, 
539985, 
540087, 
540181, 
540301, 
540431, 
540546, 
540664, 
540785, 
540897, 
541005, 
541129, 
541250, 
541369, 
541508, 
541633, 
541764, 
541885, 
541986, 
542107, 
542235, 
542374, 
542503, 
542639, 
542790, 
542933, 
543056, 
543168, 
543277, 
543381, 
543500, 
543639, 
543769, 
543880, 
544005, 
544114, 
544223, 
544374, 
544512, 
544635, 
544777, 
544887, 
545005, 
545133, 
545245, 
545354, 
545460, 
545577, 
545689, 
545808, 
545919, 
546050, 
546157, 
546265, 
546367, 
546480, 
546572, 
546674, 
546789, 
546915, 
547015, 
547122, 
547240, 
547362, 
547474, 
547580, 
547691, 
547788, 
547867, 
547952, 
548024, 
548081, 
548161, 
548224, 
548288, 
548359, 
548452, 
548534, 
548627, 
548706, 
548779, 
548861, 
548944, 
549039, 
549160, 
549290, 
549404, 
549535, 
549649, 
549752, 
549857, 
549982, 
550106, 
550223, 
550337, 
550449, 
550577, 
550707, 
550827, 
550935, 
551046, 
551174, 
551309, 
551436, 
551540, 
551639, 
551748, 
551857, 
551978, 
552086, 
552192, 
552282, 
552363, 
552452, 
552532, 
552626, 
552725, 
552846, 
552956, 
553064, 
553152, 
553238, 
553333, 
553441, 
553541, 
553622, 
553712, 
553802, 
553883, 
553980, 
554089, 
554214, 
554361, 
554502, 
554624, 
554732, 
554835, 
554955, 
555060, 
555181, 
555285, 
555400, 
555520, 
555622, 
555724, 
555841, 
555961, 
556072, 
556193, 
556320, 
556442, 
556582, 
556696, 
556814, 
556938, 
557072, 
557219, 
557371, 
557521, 
557649, 
557784, 
557924, 
558050, 
558175, 
558318, 
558450, 
558568, 
558667, 
558812, 
558927, 
559024, 
559134, 
559225, 
559322, 
559429, 
559522, 
559611, 
559701, 
559788, 
559893, 
559995, 
560074, 
560181, 
560308, 
560431, 
560545, 
560639, 
560728, 
560858, 
560968, 
561066, 
561155, 
561235, 
561319, 
561379, 
561435, 
561493, 
561573, 
561672, 
561763, 
561851, 
561958, 
562072, 
562170, 
562255, 
562352, 
562462, 
562570, 
562685, 
562787, 
562893, 
562979, 
563065, 
563158, 
563249, 
563360, 
563463, 
563567, 
563649, 
563731, 
563822, 
563903, 
564007, 
564124, 
564264, 
564397, 
564514, 
564624, 
564727, 
564845, 
564968, 
565090, 
565230, 
565347, 
565454, 
565573, 
565725, 
565859, 
565997, 
566129, 
566268, 
566373, 
566471, 
566545, 
566604, 
566669, 
566758, 
566858, 
566954, 
567055, 
567163, 
567266, 
567359, 
567464, 
567578, 
567675, 
567765, 
567852, 
567938, 
568043, 
568180, 
568321, 
568444, 
568535, 
568652, 
568763, 
568875, 
569006, 
569120, 
569228, 
569323, 
569425, 
569526, 
569656, 
569773, 
569875, 
569982, 
570086, 
570195, 
570307, 
570413, 
570515, 
570626, 
570758, 
570876, 
570997, 
571088, 
571186, 
571291, 
571381, 
571476, 
571581, 
571682, 
571776, 
571888, 
572004, 
572136, 
572290, 
572427, 
572566, 
572695, 
572815, 
572918, 
573021, 
573128, 
573228, 
573339, 
573442, 
573533, 
573629, 
573762, 
573889, 
573986, 
574077, 
574155, 
574249, 
574334, 
574394, 
574457, 
574519, 
574571, 
574637, 
574709, 
574784, 
574873, 
574978, 
575066, 
575132, 
575206, 
575296, 
575391, 
575506, 
575616, 
575709, 
575810, 
575915, 
576020, 
576162, 
576290, 
576418, 
576558, 
576693, 
576834, 
576969, 
577106, 
577251, 
577371, 
577491, 
577609, 
577756, 
577906, 
578032, 
578149, 
578277, 
578404, 
578514, 
578627, 
578754, 
578863, 
578951, 
579041, 
579140, 
579234, 
579336, 
579450, 
579577, 
579689, 
579794, 
579905, 
580004, 
580089, 
580176, 
580265, 
580386, 
580497, 
580618, 
580743, 
580844, 
580940, 
581037, 
581137, 
581230, 
581306, 
581375, 
581452, 
581529, 
581630, 
581733, 
581812, 
581891, 
581976, 
582056, 
582136, 
582224, 
582326, 
582414, 
582496, 
582575, 
582669, 
582775, 
582903, 
583040, 
583187, 
583285, 
583353, 
583425, 
583515, 
583643, 
583785, 
583957, 
584094, 
584240, 
584378, 
584507, 
584641, 
584773, 
584899, 
585034, 
585163, 
585289, 
585420, 
585548, 
585646, 
585754, 
585863, 
585962, 
586101, 
586228, 
586363, 
586485, 
586597, 
586703, 
586817, 
586939, 
587056, 
587189, 
587339, 
587451, 
587566, 
587694, 
587839, 
587967, 
588089, 
588210, 
588329, 
588448, 
588542, 
588642, 
588760, 
588870, 
589001, 
589127, 
589258, 
589380, 
589510, 
589645, 
589775, 
589917, 
590081, 
590232, 
590371, 
590508, 
590623, 
590732, 
590845, 
590969, 
591083, 
591211, 
591340, 
591462, 
591580, 
591692, 
591768, 
591836, 
591933, 
592059, 
592191, 
592335, 
592492, 
592630, 
592758, 
592850, 
592953, 
593055, 
593150, 
593251, 
593357, 
593486, 
593589, 
593665, 
593753, 
593845, 
593940, 
594035, 
594132, 
594231, 
594311, 
594406, 
594504, 
594595, 
594699, 
594814, 
594956, 
595079, 
595205, 
595364, 
595480, 
595589, 
595672, 
595743, 
595815, 
595882, 
595962, 
596043, 
596115, 
596194, 
596278, 
596353, 
596450, 
596568, 
596679, 
596792, 
596920, 
597083, 
597232, 
597369, 
597526, 
597644, 
597756, 
597868, 
597977, 
598103, 
598239, 
598365, 
598510, 
598649, 
598790, 
598925, 
599041, 
599154, 
599278, 
599411, 
599534, 
599654, 
599776, 
599897, 
600008, 
600127, 
600244, 
600358, 
600462, 
600584, 
600683, 
600774, 
600913, 
601033, 
601166, 
601289, 
601422, 
601549, 
601677, 
601787, 
601949, 
602095, 
602216, 
602348, 
602476, 
602584, 
602700, 
602794, 
602905, 
603028, 
603153, 
603275, 
603374, 
603505, 
603618, 
603733, 
603853, 
603973, 
604082, 
604189, 
604295, 
604379, 
604466, 
604575, 
604685, 
604796, 
604914, 
604997, 
605082, 
605185, 
605274, 
605355, 
605438, 
605518, 
605589, 
605675, 
605746, 
605822, 
605893, 
605963, 
606057, 
606154, 
606254, 
606368, 
606474, 
606562, 
606656, 
606748, 
606835, 
606910, 
606994, 
607081, 
607161, 
607252, 
607341, 
607438, 
607518, 
607614, 
607724, 
607823, 
607909, 
607989, 
608095, 
608174, 
608263, 
608356, 
608460, 
608570, 
608682, 
608790, 
608900, 
609022, 
609134, 
609271, 
609432, 
609580, 
609745, 
609881, 
610001, 
610122, 
610226, 
610343, 
610474, 
610620, 
610754, 
610874, 
610971, 
611072, 
611173, 
611291, 
611425, 
611557, 
611684, 
611814, 
611962, 
612105, 
612251, 
612389, 
612502, 
612626, 
612736, 
612830, 
612921, 
613019, 
613121, 
613225, 
613319, 
613429, 
613532, 
613641, 
613732, 
613798, 
613873, 
613969, 
614077, 
614155, 
614230, 
614307, 
614392, 
614480, 
614571, 
614667, 
614740, 
614807, 
614901, 
615025, 
615133, 
615242, 
615366, 
615476, 
615588, 
615700, 
615801, 
615914, 
616018, 
616156, 
616303, 
616429, 
616525, 
616636, 
616740, 
616858, 
616989, 
617116, 
617257, 
617371, 
617476, 
617581, 
617705, 
617848, 
617992, 
618126, 
618236, 
618360, 
618466, 
618574, 
618691, 
618804, 
618923, 
619067, 
619213, 
619388, 
619543, 
619667, 
619780, 
619886, 
619982, 
620073, 
620183, 
620295, 
620395, 
620505, 
620606, 
620707, 
620800, 
620900, 
621005, 
621123, 
621220, 
621326, 
621434, 
621570, 
621715, 
621859, 
621977, 
622109, 
622267, 
622423, 
622566, 
622713, 
622853, 
622969, 
623075, 
623190, 
623313, 
623419, 
623499, 
623582, 
623666, 
623750, 
623818, 
623892, 
623971, 
624068, 
624188, 
624297, 
624403, 
624497, 
624581, 
624683, 
624791, 
624907, 
625012, 
625109, 
625212, 
625311, 
625410, 
625531, 
625626, 
625721, 
625815, 
625930, 
626034, 
626148, 
626244, 
626363, 
626483, 
626607, 
626735, 
626842, 
626933, 
627053, 
627200, 
627337, 
627456, 
627577, 
627697, 
627807, 
627920, 
628042, 
628155, 
628257, 
628371, 
628492, 
628612, 
628713, 
628817, 
628911, 
629020, 
629155, 
629287, 
629395, 
629508, 
629619, 
629745, 
629880, 
629995, 
630112, 
630224, 
630336, 
630464, 
630581, 
630704, 
630824, 
630934, 
631052, 
631158, 
631262, 
631370, 
631493, 
631606, 
631736, 
631871, 
631999, 
632099, 
632194, 
632285, 
632394, 
632506, 
632612, 
632738, 
632874, 
632986, 
633087, 
633205, 
633320, 
633417, 
633512, 
633627, 
633747, 
633842, 
633928, 
634006, 
634067, 
634137, 
634193, 
634235, 
634307, 
634398, 
634490, 
634573, 
634659, 
634764, 
634898, 
635018, 
635134, 
635241, 
635341, 
635476, 
635621, 
635759, 
635859, 
635966, 
636093, 
636203, 
636320, 
636450, 
636591, 
636714, 
636832, 
636943, 
637059, 
637208, 
637336, 
637475, 
637604, 
637724, 
637843, 
637944, 
638047, 
638156, 
638266, 
638371, 
638493, 
638594, 
638677, 
638769, 
638871, 
638964, 
639061, 
639193, 
639325, 
639454, 
639566, 
639672, 
639806, 
639937, 
640037, 
640138, 
640264, 
640375, 
640493, 
640612, 
640758, 
640860, 
640979, 
641106, 
641256, 
641411, 
641555, 
641710, 
641828, 
641942, 
642070, 
642211, 
642338, 
642478, 
642616, 
642740, 
642856, 
642999, 
643140, 
643274, 
643408, 
643545, 
643664, 
643796, 
643928, 
644051, 
644160, 
644289, 
644392, 
644519, 
644644, 
644756, 
644879, 
645001, 
645121, 
645246, 
645345, 
645458, 
645571, 
645689, 
645793, 
645900, 
645986, 
646066, 
646150, 
646247, 
646328, 
646415, 
646493, 
646596, 
646683, 
646775, 
646860, 
646968, 
647071, 
647194, 
647320, 
647463, 
647570, 
647717, 
647843, 
647965, 
648083, 
648217, 
648354, 
648499, 
648648, 
648775, 
648923, 
649063, 
649226, 
649384, 
649525, 
649682, 
649814, 
649937, 
650058, 
650187, 
650296, 
650414, 
650521, 
650630, 
650763, 
650879, 
650995, 
651119, 
651238, 
651347, 
651461, 
651559, 
651670, 
651786, 
651895, 
652027, 
652144, 
652261, 
652374, 
652511, 
652655, 
652809, 
652903, 
652992, 
653094, 
653193, 
653319, 
653454, 
653576, 
653678, 
653776, 
653892, 
653999, 
654079, 
654168, 
654265, 
654351, 
654441, 
654561, 
654680, 
654780, 
654893, 
655004, 
655104, 
655206, 
655319, 
655434, 
655564, 
655686, 
655816, 
655938, 
656042, 
656139, 
656235, 
656346, 
656458, 
656587, 
656696, 
656791, 
656857, 
656938, 
657034, 
657111, 
657190, 
657280, 
657358, 
657448, 
657523, 
657619, 
657760, 
657903, 
658021, 
658142, 
658276, 
658387, 
658528, 
658660, 
658800, 
658928, 
659085, 
659225, 
659349, 
659459, 
659562, 
659653, 
659757, 
659858, 
659950, 
660058, 
660187, 
660346, 
660480, 
660626, 
660757, 
660872, 
660988, 
661099, 
661201, 
661290, 
661397, 
661490, 
661608, 
661727, 
661820, 
661924, 
662052, 
662181, 
662324, 
662463, 
662607, 
662745, 
662895, 
663024, 
663122, 
663215, 
663322, 
663446, 
663578, 
663662, 
663756, 
663846, 
663949, 
664056, 
664164, 
664262, 
664362, 
664477, 
664598, 
664719, 
664862, 
665023, 
665173, 
665310, 
665432, 
665587, 
665734, 
665859, 
665981, 
666084, 
666195, 
666303, 
666395, 
666502, 
666611, 
666740, 
666853, 
666972, 
667076, 
667177, 
667267, 
667347, 
667428, 
667499, 
667590, 
667687, 
667778, 
667871, 
667959, 
668045, 
668136, 
668220, 
668298, 
668383, 
668490, 
668587, 
668670, 
668748, 
668834, 
668940, 
669046, 
669144, 
669234, 
669319, 
669406, 
669503, 
669581, 
669656, 
669739, 
669816, 
669893, 
669985, 
670091, 
670203, 
670304, 
670390, 
670489, 
670590, 
670704, 
670821, 
670947, 
671047, 
671138, 
671225, 
671322, 
671425, 
671537, 
671634, 
671726, 
671827, 
671902, 
671958, 
672026, 
672098, 
672183, 
672270, 
672351, 
672447, 
672528, 
672591, 
672668, 
672746, 
672836, 
672930, 
673044, 
673138, 
673229, 
673320, 
673421, 
673512, 
673605, 
673695, 
673771, 
673845, 
673937, 
674017, 
674103, 
674200, 
674299, 
674380, 
674467, 
674560, 
674669, 
674767, 
674846, 
674939, 
675039, 
675133, 
675240, 
675366, 
675478, 
675576, 
675662, 
675742, 
675815, 
675885, 
675989, 
676085, 
676186, 
676286, 
676382, 
676494, 
676597, 
676704, 
676808, 
676933, 
677050, 
677168, 
677264, 
677361, 
677466, 
677549, 
677621, 
677708, 
677792, 
677872, 
677950, 
678027, 
678095, 
678180, 
678275, 
678398, 
678519, 
678615, 
678716, 
678832, 
678966, 
679074, 
679176, 
679267, 
679374, 
679483, 
679586, 
679695, 
679807, 
679919, 
680037, 
680157, 
680284, 
680407, 
680514, 
680635, 
680753, 
680876, 
681023, 
681148, 
681303, 
681423, 
681540, 
681660, 
681792, 
681912, 
682033, 
682131, 
682214, 
682294, 
682392, 
682502, 
682627, 
682747, 
682848, 
682919, 
682984, 
683058, 
683147, 
683263, 
683358, 
683457, 
683560, 
683660, 
683782, 
683905, 
684031, 
684143, 
684235, 
684320, 
684415, 
684511, 
684640, 
684742, 
684845, 
684957, 
685048, 
685148, 
685249, 
685345, 
685437, 
685515, 
685589, 
685671, 
685782, 
685893, 
685991, 
686080, 
686176, 
686280, 
686403, 
686550, 
686675, 
686795, 
686906, 
687004, 
687087, 
687183, 
687276, 
687380, 
687473, 
687595, 
687702, 
687847, 
687998, 
688127, 
688232, 
688349, 
688469, 
688576, 
688683, 
688787, 
688893, 
688992, 
689106, 
689243, 
689381, 
689526, 
689657, 
689803, 
689961, 
690095, 
690241, 
690374, 
690514, 
690665, 
690806, 
690944, 
691065, 
691170, 
691286, 
691391, 
691467, 
691567, 
691691, 
691828, 
691968, 
692112, 
692270, 
692410, 
692536, 
692640, 
692752, 
692885, 
693009, 
693133, 
693264, 
693383, 
693493, 
693613, 
693724, 
693824, 
693927, 
694007, 
694075, 
694136, 
694213, 
694295, 
694383, 
694482, 
694577, 
694703, 
694819, 
694917, 
695014, 
695122, 
695223, 
695362, 
695464, 
695582, 
695735, 
695879, 
696007, 
696108, 
696213, 
696337, 
696451, 
696565, 
696666, 
696789, 
696915, 
697081, 
697232, 
697380, 
697520, 
697663, 
697753, 
697859, 
697987, 
698077, 
698188, 
698282, 
698390, 
698536, 
698667, 
698781, 
698913, 
699021, 
699140, 
699268, 
699399, 
699523, 
699627, 
699747, 
699836, 
699932, 
700018, 
700133, 
700240, 
700353, 
700511, 
700691, 
700833, 
700951, 
701060, 
701166, 
701279, 
701381, 
701510, 
701640, 
701769, 
701882, 
701987, 
702076, 
702148, 
702222, 
702307, 
702401, 
702504, 
702609, 
702737, 
702847, 
702956, 
703065, 
703161, 
703261, 
703369, 
703476, 
703593, 
703716, 
703828, 
703956, 
704064, 
704187, 
704329, 
704459, 
704616, 
704752, 
704874, 
704996, 
705101, 
705179, 
705274, 
705360, 
705448, 
705540, 
705642, 
705752, 
705869, 
705983, 
706068, 
706142, 
706221, 
706302, 
706378, 
706445, 
706500, 
706561, 
706624, 
706692, 
706764, 
706806, 
706856, 
706925, 
707012, 
707103, 
707193, 
707278, 
707362, 
707462, 
707555, 
707658, 
707760, 
707868, 
708000, 
708100, 
708176, 
708240, 
708334, 
708454, 
708585, 
708695, 
708789, 
708893, 
708974, 
709050, 
709147, 
709263, 
709357, 
709424, 
709475, 
709542, 
709619, 
709702, 
709801, 
709908, 
710008, 
710135, 
710276, 
710382, 
710473, 
710547, 
710641, 
710732, 
710831, 
710931, 
711015, 
711084, 
711153, 
711203, 
711249, 
711297, 
711344, 
711424, 
711529, 
711673, 
711814, 
711940, 
712063, 
712191, 
712298, 
712422, 
712554, 
712664, 
712760, 
712882, 
712985, 
713065, 
713164, 
713279, 
713409, 
713512, 
713616, 
713714, 
713799, 
713894, 
714012, 
714118, 
714221, 
714342, 
714474, 
714611, 
714711, 
714811, 
714924, 
715025, 
715108, 
715177, 
715253, 
715330, 
715400, 
715466, 
715519, 
715581, 
715659, 
715734, 
715811, 
715894, 
715984, 
716065, 
716156, 
716273, 
716397, 
716512, 
716630, 
716741, 
716838, 
716932, 
717023, 
717110, 
717202, 
717285, 
717373, 
717471, 
717557, 
717653, 
717750, 
717860, 
717963, 
718072, 
718177, 
718273, 
718394, 
718502, 
718578, 
718647, 
718722, 
718796, 
718857, 
718942, 
719031, 
719106, 
719185, 
719263, 
719346, 
719417, 
719514, 
719581, 
719640, 
719737, 
719841, 
719948, 
720066, 
720177, 
720269, 
720343, 
720428, 
720520, 
720605, 
720689, 
720781, 
720874, 
720963, 
721048, 
721136, 
721222, 
721294, 
721385, 
721471, 
721539, 
721627, 
721726, 
721830, 
721912, 
721983, 
722057, 
722151, 
722257, 
722384, 
722501, 
722617, 
722698, 
722779, 
722869, 
722985, 
723107, 
723218, 
723299, 
723372, 
723454, 
723544, 
723637, 
723750, 
723863, 
723976, 
724101, 
724214, 
724305, 
724412, 
724503, 
724604, 
724700, 
724795, 
724893, 
724995, 
725108, 
725205, 
725300, 
725392, 
725506, 
725649, 
725776, 
725926, 
726047, 
726161, 
726272, 
726370, 
726480, 
726582, 
726698, 
726794, 
726897, 
726993, 
727115, 
727236, 
727363, 
727498, 
727633, 
727756, 
727877, 
728002, 
728120, 
728240, 
728373, 
728467, 
728546, 
728650, 
728746, 
728837, 
728945, 
729070, 
729213, 
729345, 
729480, 
729609, 
729725, 
729844, 
729981, 
730101, 
730193, 
730284, 
730398, 
730511, 
730615, 
730705, 
730790, 
730886, 
730967, 
731028, 
731084, 
731158, 
731242, 
731320, 
731396, 
731486, 
731578, 
731690, 
731797, 
731913, 
732018, 
732098, 
732179, 
732282, 
732376, 
732477, 
732566, 
732637, 
732721, 
732809, 
732903, 
733021, 
733130, 
733220, 
733313, 
733394, 
733471, 
733534, 
733590, 
733657, 
733730, 
733809, 
733903, 
734012, 
734105, 
734205, 
734327, 
734449, 
734572, 
734695, 
734833, 
734999, 
735133, 
735242, 
735376, 
735502, 
735624, 
735756, 
735891, 
736008, 
736128, 
736244, 
736359, 
736479, 
736605, 
736719, 
736838, 
736972, 
737095, 
737216, 
737348, 
737453, 
737577, 
737719, 
737864, 
738016, 
738134, 
738258, 
738395, 
738541, 
738675, 
738796, 
738916, 
739044, 
739174, 
739308, 
739430, 
739546, 
739664, 
739778, 
739899, 
740027, 
740138, 
740237, 
740316, 
740386, 
740480, 
740635, 
740776, 
740895, 
741029, 
741148, 
741268, 
741379, 
741492, 
741598, 
741689, 
741807, 
741950, 
742096, 
742230, 
742377, 
742502, 
742626, 
742744, 
742857, 
742966, 
743070, 
743191, 
743304, 
743394, 
743488, 
743600, 
743699, 
743799, 
743906, 
744021, 
744118, 
744221, 
744326, 
744434, 
744543, 
744637, 
744735, 
744838, 
744924, 
745033, 
745156, 
745278, 
745406, 
745518, 
745642, 
745760, 
745866, 
746006, 
746138, 
746256, 
746359, 
746471, 
746614, 
746729, 
746843, 
746966, 
747087, 
747185, 
747292, 
747435, 
747565, 
747705, 
747860, 
747997, 
748116, 
748211, 
748308, 
748366, 
748446, 
748546, 
748645, 
748769, 
748902, 
749016, 
749125, 
749225, 
749327, 
749445, 
749554, 
749653, 
749761, 
749897, 
750042, 
750210, 
750333, 
750460, 
750606, 
750739, 
750854, 
750958, 
751091, 
751212, 
751372, 
751480, 
751601, 
751733, 
751861, 
751981, 
752104, 
752212, 
752320, 
752437, 
752553, 
752669, 
752800, 
752915, 
753027, 
753125, 
753212, 
753310, 
753409, 
753493, 
753573, 
753636, 
753731, 
753840, 
753956, 
754058, 
754179, 
754287, 
754395, 
754514, 
754653, 
754784, 
754916, 
755059, 
755181, 
755350, 
755497, 
755656, 
755793, 
755924, 
756071, 
756228, 
756369, 
756515, 
756654, 
756805, 
756926, 
757027, 
757118, 
757212, 
757316, 
757429, 
757549, 
757671, 
757818, 
757953, 
758055, 
758155, 
758252, 
758356, 
758459, 
758559, 
758648, 
758729, 
758832, 
758930, 
759023, 
759115, 
759227, 
759354, 
759473, 
759581, 
759695, 
759830, 
759938, 
760052, 
760160, 
760291, 
760414, 
760525, 
760625, 
760717, 
760818, 
760917, 
761016, 
761106, 
761192, 
761267, 
761345, 
761436, 
761529, 
761647, 
761739, 
761848, 
761975, 
762089, 
762211, 
762315, 
762431, 
762531, 
762640, 
762737, 
762822, 
762906, 
763004, 
763122, 
763230, 
763352, 
763474, 
763590, 
763706, 
763834, 
763967, 
764105, 
764223, 
764325, 
764439, 
764565, 
764692, 
764806, 
764924, 
765034, 
765167, 
765282, 
765386, 
765489, 
765582, 
765676, 
765774, 
765883, 
765986, 
766085, 
766168, 
766260, 
766347, 
766424, 
766522, 
766621, 
766710, 
766796, 
766877, 
766936, 
767006, 
767119, 
767266, 
767397, 
767518, 
767635, 
767720, 
767784, 
767856, 
767940, 
768012, 
768082, 
768158, 
768243, 
768344, 
768434, 
768528, 
768620, 
768693, 
768749, 
768808, 
768888, 
768969, 
769049, 
769116, 
769203, 
769292, 
769357, 
769419, 
769488, 
769574, 
769666, 
769780, 
769898, 
770026, 
770141, 
770248, 
770339, 
770433, 
770512, 
770602, 
770702, 
770787, 
770854, 
770944, 
771048, 
771150, 
771261, 
771354, 
771421, 
771486, 
771564, 
771630, 
771705, 
771783, 
771873, 
771978, 
772059, 
772123, 
772205, 
772314, 
772411, 
772505, 
772597, 
772692, 
772770, 
772824, 
772876, 
772937, 
773005, 
773060, 
773120, 
773196, 
773287, 
773402, 
773506, 
773596, 
773700, 
773809, 
773902, 
773978, 
774074, 
774176, 
774276, 
774375, 
774476, 
774560, 
774635, 
774708, 
774766, 
774832, 
774902, 
774992, 
775074, 
775156, 
775238, 
775309, 
775376, 
775435, 
775494, 
775568, 
775650, 
775721, 
775788, 
775859, 
775956, 
776042, 
776135, 
776256, 
776373, 
776486, 
776587, 
776699, 
776794, 
776881, 
776982, 
777087, 
777205, 
777345, 
777509, 
777669, 
777830, 
777980, 
778102, 
778219, 
778351, 
778495, 
778625, 
778737, 
778844, 
778993, 
779114, 
779234, 
779345, 
779452, 
779558, 
779671, 
779780, 
779901, 
780016, 
780126, 
780270, 
780407, 
780525, 
780647, 
780765, 
780883, 
781001, 
781122, 
781250, 
781358, 
781463, 
781582, 
781699, 
781814, 
781939, 
782062, 
782191, 
782305, 
782421, 
782558, 
782672, 
782780, 
782897, 
783013, 
783112, 
783189, 
783254, 
783332, 
783432, 
783525, 
783609, 
783684, 
783748, 
783812, 
783883, 
783990, 
784099, 
784206, 
784305, 
784404, 
784517, 
784636, 
784737, 
784855, 
784977, 
785115, 
785234, 
785317, 
785421, 
785522, 
785622, 
785723, 
785819, 
785926, 
786025, 
786122, 
786219, 
786316, 
786430, 
786553, 
786681, 
786789, 
786891, 
786999, 
787116, 
787208, 
787294, 
787393, 
787490, 
787582, 
787665, 
787750, 
787833, 
787912, 
787980, 
788062, 
788169, 
788250, 
788321, 
788377, 
788431, 
788472, 
788511, 
788558, 
788618, 
788689, 
788773, 
788871, 
788965, 
789061, 
789164, 
789259, 
789348, 
789424, 
789515, 
789622, 
789720, 
789814, 
789899, 
790000, 
790111, 
790223, 
790334, 
790468, 
790593, 
790732, 
790859, 
790972, 
791079, 
791199, 
791320, 
791431, 
791545, 
791651, 
791769, 
791868, 
791983, 
792089, 
792195, 
792334, 
792465, 
792617, 
792754, 
792860, 
792980, 
793079, 
793189, 
793322, 
793454, 
793578, 
793701, 
793845, 
793972, 
794108, 
794241, 
794349, 
794467, 
794588, 
794710, 
794840, 
794992, 
795131, 
795260, 
795361, 
795457, 
795559, 
795660, 
795774, 
795858, 
795929, 
796034, 
796167, 
796293, 
796390, 
796482, 
796584, 
796684, 
796809, 
796935, 
797049, 
797168, 
797286, 
797418, 
797546, 
797663, 
797787, 
797912, 
798022, 
798129, 
798284, 
798434, 
798582, 
798724, 
798875, 
799015, 
799158, 
799303, 
799442, 
799571, 
799692, 
799830, 
799948, 
800065, 
800184, 
800310, 
800423, 
800528, 
800614, 
800696, 
800796, 
800903, 
801021, 
801149, 
801264, 
801366, 
801442, 
801531, 
801626, 
801712, 
801830, 
801966, 
802059, 
802152, 
802241, 
802316, 
802403, 
802502, 
802628, 
802746, 
802886, 
803023, 
803164, 
803306, 
803431, 
803565, 
803688, 
803819, 
803920, 
804020, 
804120, 
804233, 
804341, 
804441, 
804532, 
804632, 
804738, 
804867, 
805019, 
805163, 
805305, 
805434, 
805546, 
805635, 
805740, 
805848, 
805958, 
806072, 
806155, 
806244, 
806366, 
806476, 
806616, 
806748, 
806883, 
807019, 
807159, 
807272, 
807391, 
807534, 
807668, 
807787, 
807900, 
808011, 
808136, 
808249, 
808367, 
808521, 
808678, 
808838, 
808978, 
809093, 
809201, 
809325, 
809440, 
809535, 
809627, 
809719, 
809831, 
809939, 
810038, 
810159, 
810272, 
810368, 
810492, 
810654, 
810775, 
810919, 
811035, 
811143, 
811262, 
811399, 
811530, 
811652, 
811760, 
811867, 
811979, 
812079, 
812175, 
812290, 
812409, 
812523, 
812664, 
812792, 
812922, 
813048, 
813164, 
813279, 
813439, 
813573, 
813759, 
813917, 
814055, 
814227, 
814395, 
814543, 
814709, 
814877, 
815003, 
815143, 
815292, 
815469, 
815632, 
815767, 
815915, 
816047, 
816187, 
816275, 
816357, 
816470, 
816588, 
816705, 
816801, 
816897, 
817010, 
817124, 
817249, 
817388, 
817518, 
817634, 
817744, 
817873, 
817983, 
818094, 
818212, 
818340, 
818463, 
818564, 
818667, 
818773, 
818879, 
818999, 
819122, 
819247, 
819398, 
819538, 
819677, 
819812, 
819949, 
820102, 
820251, 
820390, 
820510, 
820624, 
820737, 
820885, 
821016, 
821151, 
821298, 
821422, 
821563, 
821689, 
821814, 
821934, 
822025, 
822117, 
822223, 
822338, 
822455, 
822588, 
822733, 
822876, 
822982, 
823087, 
823191, 
823300, 
823409, 
823521, 
823614, 
823707, 
823816, 
823933, 
824065, 
824163, 
824273, 
824383, 
824514, 
824643, 
824769, 
824896, 
825014, 
825128, 
825250, 
825364, 
825489, 
825630, 
825768, 
825905, 
826018, 
826120, 
826240, 
826354, 
826462, 
826576, 
826710, 
826820, 
826943, 
827081, 
827208, 
827338, 
827485, 
827629, 
827748, 
827872, 
827995, 
828143, 
828288, 
828435, 
828562, 
828697, 
828815, 
828923, 
829045, 
829172, 
829295, 
829412, 
829518, 
829621, 
829743, 
829840, 
829938, 
830062, 
830176, 
830275, 
830368, 
830479, 
830579, 
830681, 
830802, 
830904, 
830997, 
831088, 
831193, 
831322, 
831461, 
831571, 
831680, 
831777, 
831861, 
831952, 
832046, 
832144, 
832234, 
832314, 
832387, 
832465, 
832541, 
832639, 
832752, 
832847, 
832945, 
833059, 
833169, 
833274, 
833376, 
833488, 
833624, 
833761, 
833895, 
834010, 
834118, 
834205, 
834299, 
834420, 
834529, 
834638, 
834757, 
834879, 
834972, 
835043, 
835126, 
835206, 
835293, 
835391, 
835517, 
835656, 
835790, 
835894, 
835998, 
836089, 
836202, 
836314, 
836412, 
836506, 
836591, 
836675, 
836777, 
836862, 
836926, 
836997, 
837076, 
837142, 
837214, 
837305, 
837391, 
837477, 
837555, 
837645, 
837760, 
837899, 
838019, 
838129, 
838214, 
838302, 
838405, 
838502, 
838623, 
838739, 
838852, 
838942, 
839027, 
839126, 
839227, 
839331, 
839441, 
839534, 
839650, 
839785, 
839911, 
840029, 
840144, 
840282, 
840416, 
840537, 
840687, 
840827, 
840948, 
841055, 
841190, 
841339, 
841478, 
841616, 
841736, 
841870, 
842012, 
842157, 
842268, 
842376, 
842484, 
842592, 
842695, 
842785, 
842862, 
842951, 
843054, 
843173, 
843285, 
843426, 
843551, 
843666, 
843768, 
843890, 
843983, 
844090, 
844193, 
844297, 
844397, 
844501, 
844610, 
844737, 
844885, 
845007, 
845117, 
845247, 
845384, 
845518, 
845661, 
845805, 
845944, 
846082, 
846192, 
846316, 
846453, 
846577, 
846710, 
846833, 
846945, 
847076, 
847194, 
847314, 
847435, 
847584, 
847702, 
847808, 
847922, 
848047, 
848135, 
848220, 
848302, 
848396, 
848519, 
848633, 
848751, 
848863, 
848983, 
849093, 
849217, 
849319, 
849427, 
849529, 
849616, 
849722, 
849841, 
849933, 
850025, 
850123, 
850212, 
850324, 
850415, 
850518, 
850611, 
850718, 
850843, 
850962, 
851068, 
851173, 
851304, 
851440, 
851579, 
851688, 
851793, 
851894, 
851999, 
852103, 
852207, 
852308, 
852424, 
852567, 
852699, 
852815, 
852948, 
853124, 
853272, 
853415, 
853569, 
853695, 
853823, 
853951, 
854080, 
854212, 
854329, 
854435, 
854551, 
854667, 
854791, 
854901, 
854997, 
855082, 
855174, 
855262, 
855344, 
855408, 
855473, 
855550, 
855653, 
855746, 
855821, 
855913, 
856016, 
856139, 
856286, 
856419, 
856552, 
856678, 
856807, 
856914, 
857032, 
857176, 
857317, 
857432, 
857550, 
857645, 
857748, 
857852, 
857971, 
858103, 
858222, 
858364, 
858462, 
858568, 
858663, 
858776, 
858893, 
859000, 
859117, 
859226, 
859338, 
859458, 
859582, 
859708, 
859831, 
859951, 
860049, 
860138, 
860232, 
860328, 
860416, 
860511, 
860649, 
860763, 
860868, 
860974, 
861080, 
861180, 
861269, 
861355, 
861430, 
861487, 
861542, 
861625, 
861725, 
861823, 
861933, 
862050, 
862157, 
862271, 
862389, 
862523, 
862638, 
862747, 
862841, 
862927, 
863023, 
863118, 
863226, 
863326, 
863423, 
863503, 
863580, 
863687, 
863796, 
863904, 
864010, 
864111, 
864198, 
864300, 
864440, 
864561, 
864704, 
864825, 
864939, 
865067, 
865205, 
865332, 
865464, 
865593, 
865724, 
865839, 
865951, 
866067, 
866169, 
866264, 
866373, 
866488, 
866587, 
866679, 
866791, 
866903, 
867027, 
867136, 
867248, 
867367, 
867513, 
867660, 
867780, 
867929, 
868055, 
868183, 
868301, 
868442, 
868556, 
868673, 
868808, 
868912, 
869019, 
869133, 
869263, 
869420, 
869573, 
869704, 
869812, 
869936, 
870069, 
870195, 
870314, 
870462, 
870589, 
870729, 
870848, 
870946, 
871044, 
871133, 
871228, 
871314, 
871388, 
871454, 
871509, 
871561, 
871637, 
871712, 
871793, 
871879, 
871969, 
872083, 
872197, 
872317, 
872406, 
872496, 
872589, 
872673, 
872776, 
872905, 
873015, 
873086, 
873162, 
873263, 
873325, 
873394, 
873480, 
873577, 
873674, 
873766, 
873841, 
873916, 
873999, 
874104, 
874240, 
874370, 
874490, 
874591, 
874697, 
874815, 
874935, 
875060, 
875186, 
875297, 
875381, 
875475, 
875586, 
875718, 
875856, 
876002, 
876111, 
876202, 
876307, 
876407, 
876513, 
876646, 
876758, 
876859, 
876969, 
877104, 
877239, 
877370, 
877499, 
877634, 
877746, 
877836, 
877939, 
878055, 
878183, 
878325, 
878455, 
878617, 
878761, 
878886, 
879000, 
879103, 
879225, 
879349, 
879461, 
879585, 
879707, 
879834, 
879965, 
880070, 
880178, 
880305, 
880427, 
880549, 
880657, 
880742, 
880859, 
880975, 
881077, 
881161, 
881288, 
881427, 
881565, 
881693, 
881827, 
881935, 
882065, 
882178, 
882291, 
882434, 
882571, 
882705, 
882889, 
883048, 
883176, 
883307, 
883439, 
883564, 
883687, 
883801, 
883933, 
884065, 
884200, 
884329, 
884469, 
884597, 
884734, 
884874, 
884999, 
885123, 
885232, 
885348, 
885465, 
885602, 
885723, 
885847, 
885969, 
886077, 
886180, 
886272, 
886372, 
886461, 
886579, 
886693, 
886812, 
886959, 
887112, 
887248, 
887382, 
887502, 
887623, 
887757, 
887867, 
887991, 
888127, 
888259, 
888400, 
888542, 
888666, 
888779, 
888906, 
889032, 
889137, 
889247, 
889399, 
889534, 
889681, 
889781, 
889893, 
890015, 
890134, 
890231, 
890340, 
890441, 
890544, 
890662, 
890789, 
890906, 
891027, 
891129, 
891239, 
891347, 
891469, 
891586, 
891704, 
891824, 
891945, 
892070, 
892174, 
892281, 
892397, 
892515, 
892625, 
892735, 
892826, 
892906, 
892993, 
893086, 
893179, 
893274, 
893363, 
893447, 
893527, 
893608, 
893698, 
893782, 
893865, 
893953, 
894044, 
894136, 
894240, 
894345, 
894454, 
894520, 
894598, 
894673, 
894748, 
894814, 
894892, 
894994, 
895111, 
895213, 
895330, 
895435, 
895543, 
895651, 
895756, 
895843, 
895943, 
896035, 
896132, 
896229, 
896334, 
896453, 
896559, 
896660, 
896766, 
896884, 
896994, 
897073, 
897148, 
897226, 
897309, 
897402, 
897491, 
897586, 
897681, 
897771, 
897864, 
897952, 
898034, 
898106, 
898177, 
898249, 
898328, 
898413, 
898499, 
898603, 
898714, 
898826, 
898934, 
899035, 
899159, 
899276, 
899387, 
899520, 
899644, 
899796, 
899936, 
900066, 
900170, 
900289, 
900410, 
900522, 
900657, 
900790, 
900922, 
901066, 
901199, 
901355, 
901498, 
901658, 
901792, 
901923, 
902069, 
902175, 
902270, 
902388, 
902531, 
902652, 
902789, 
902932, 
903051, 
903165, 
903263, 
903364, 
903457, 
903561, 
903678, 
903806, 
903931, 
904036, 
904133, 
904241, 
904348, 
904439, 
904535, 
904631, 
904706, 
904797, 
904887, 
904976, 
905079, 
905175, 
905278, 
905375, 
905493, 
905594, 
905691, 
905788, 
905876, 
905978, 
906070, 
906156, 
906246, 
906339, 
906437, 
906524, 
906627, 
906730, 
906834, 
906928, 
907029, 
907102, 
907208, 
907318, 
907406, 
907478, 
907553, 
907604, 
907671, 
907751, 
907823, 
907891, 
907963, 
908027, 
908089, 
908145, 
908203, 
908278, 
908370, 
908468, 
908576, 
908697, 
908823, 
908951, 
909075, 
909198, 
909317, 
909416, 
909521, 
909636, 
909737, 
909853, 
909965, 
910087, 
910194, 
910277, 
910357, 
910464, 
910546, 
910642, 
910743, 
910831, 
910938, 
911031, 
911141, 
911248, 
911349, 
911464, 
911574, 
911686, 
911807, 
911929, 
912022, 
912121, 
912209, 
912276, 
912356, 
912431, 
912507, 
912570, 
912637, 
912697, 
912763, 
912838, 
912921, 
913002, 
913101, 
913188, 
913267, 
913334, 
913380, 
913437, 
913492, 
913566, 
913675, 
913791, 
913891, 
913961, 
914005, 
914049, 
914097, 
914158, 
914232, 
914304, 
914427, 
914529, 
914635, 
914724, 
914816, 
914900, 
915001, 
915107, 
915206, 
915317, 
915409, 
915500, 
915577, 
915652, 
915737, 
915822, 
915898, 
915971, 
916071, 
916163, 
916258, 
916358, 
916454, 
916549, 
916638, 
916721, 
916805, 
916893, 
916962, 
917048, 
917162, 
917263, 
917352, 
917446, 
917566, 
917688, 
917820, 
917948, 
918064, 
918179, 
918274, 
918369, 
918470, 
918581, 
918694, 
918810, 
918938, 
919075, 
919200, 
919323, 
919449, 
919573, 
919688, 
919830, 
919968, 
920090, 
920210, 
920314, 
920425, 
920549, 
920665, 
920795, 
920917, 
921044, 
921190, 
921310, 
921423, 
921533, 
921621, 
921705, 
921779, 
921870, 
921962, 
922084, 
922206, 
922305, 
922396, 
922503, 
922608, 
922708, 
922824, 
922950, 
923078, 
923194, 
923307, 
923436, 
923558, 
923687, 
923798, 
923897, 
924002, 
924121, 
924244, 
924366, 
924491, 
924611, 
924727, 
924857, 
925011, 
925142, 
925267, 
925369, 
925473, 
925583, 
925678, 
925800, 
925901, 
926016, 
926147, 
926280, 
926419, 
926561, 
926693, 
926828, 
926969, 
927094, 
927234, 
927357, 
927471, 
927589, 
927701, 
927811, 
927927, 
928052, 
928195, 
928329, 
928449, 
928548, 
928668, 
928770, 
928870, 
928972, 
929098, 
929226, 
929357, 
929483, 
929601, 
929714, 
929837, 
929944, 
930060, 
930201, 
930329, 
930457, 
930582, 
930686, 
930790, 
930900, 
930998, 
931085, 
931184, 
931281, 
931378, 
931463, 
931581, 
931717, 
931864, 
931982, 
932127, 
932273, 
932381, 
932482, 
932586, 
932687, 
932812, 
932915, 
933021, 
933122, 
933224, 
933343, 
933460, 
933584, 
933696, 
933805, 
933886, 
933981, 
934072, 
934182, 
934302, 
934409, 
934511, 
934613, 
934708, 
934800, 
934889, 
934977, 
935078, 
935177, 
935268, 
935365, 
935470, 
935597, 
935705, 
935808, 
935929, 
936041, 
936128, 
936236, 
936329, 
936440, 
936549, 
936656, 
936751, 
936838, 
936937, 
937030, 
937131, 
937248, 
937339, 
937463, 
937633, 
937808, 
937964, 
938080, 
938194, 
938316, 
938418, 
938521, 
938618, 
938710, 
938814, 
938935, 
939042, 
939139, 
939227, 
939320, 
939428, 
939555, 
939663, 
939786, 
939890, 
940006, 
940118, 
940247, 
940374, 
940504, 
940638, 
940782, 
940915, 
941033, 
941154, 
941299, 
941424, 
941560, 
941692, 
941813, 
941915, 
942023, 
942135, 
942250, 
942382, 
942512, 
942670, 
942815, 
942948, 
943081, 
943217, 
943359, 
943490, 
943593, 
943689, 
943762, 
943854, 
943947, 
944061, 
944159, 
944254, 
944337, 
944422, 
944517, 
944636, 
944724, 
944803, 
944884, 
944989, 
945088, 
945178, 
945274, 
945369, 
945455, 
945572, 
945655, 
945728, 
945808, 
945894, 
945984, 
946093, 
946202, 
946338, 
946494, 
946651, 
946763, 
946881, 
947011, 
947134, 
947257, 
947392, 
947536, 
947705, 
947839, 
947977, 
948100, 
948224, 
948358, 
948508, 
948632, 
948756, 
948901, 
949062, 
949194, 
949316, 
949440, 
949556, 
949663, 
949768, 
949854, 
949942, 
950047, 
950160, 
950274, 
950382, 
950512, 
950631, 
950750, 
950893, 
951030, 
951169, 
951271, 
951382, 
951486, 
951576, 
951664, 
951738, 
951794, 
951849, 
951906, 
951967, 
952040, 
952126, 
952211, 
952290, 
952363, 
952426, 
952487, 
952558, 
952650, 
952757, 
952869, 
952957, 
953031, 
953129, 
953216, 
953323, 
953422, 
953514, 
953601, 
953673, 
953751, 
953836, 
953902, 
953966, 
954036, 
954129, 
954259, 
954366, 
954473, 
954605, 
954734, 
954840, 
954974, 
955114, 
955247, 
955363, 
955499, 
955619, 
955727, 
955832, 
955941, 
956028, 
956110, 
956185, 
956284, 
956361, 
956422, 
956523, 
956624, 
956712, 
956784, 
956859, 
956941, 
957035, 
957122, 
957210, 
957298, 
957387, 
957495, 
957601, 
957691, 
957775, 
957873, 
957979, 
958083, 
958187, 
958287, 
958386, 
958503, 
958626, 
958760, 
958864, 
958974, 
959085, 
959220, 
959357, 
959489, 
959620, 
959771, 
959949, 
960132, 
960261, 
960394, 
960516, 
960639, 
960781, 
960916, 
961037, 
961139, 
961245, 
961385, 
961522, 
961651, 
961763, 
961868, 
961959, 
962049, 
962143, 
962255, 
962358, 
962479, 
962581, 
962671, 
962756, 
962838, 
962921, 
962996, 
963081, 
963179, 
963267, 
963339, 
963411, 
963484, 
963566, 
963648, 
963722, 
963810, 
963900, 
964018, 
964112, 
964198, 
964308, 
964411, 
964508, 
964613, 
964716, 
964817, 
964926, 
965043, 
965133, 
965201, 
965272, 
965351, 
965439, 
965534, 
965628, 
965721, 
965820, 
965917, 
966026, 
966139, 
966250, 
966344, 
966427, 
966530, 
966648, 
966754, 
966849, 
966931, 
967022, 
967121, 
967233, 
967328, 
967432, 
967539, 
967651, 
967762, 
967877, 
967994, 
968117, 
968267, 
968393, 
968516, 
968608, 
968712, 
968803, 
968891, 
968975, 
969090, 
969223, 
969342, 
969467, 
969588, 
969700, 
969805, 
969894, 
969968, 
970056, 
970144, 
970239, 
970345, 
970453, 
970558, 
970724, 
970851, 
970991, 
971127, 
971268, 
971420, 
971547, 
971672, 
971769, 
971892, 
972018, 
972127, 
972241, 
972360, 
972475, 
972585, 
972685, 
972801, 
972927, 
973068, 
973189, 
973320, 
973435, 
973535, 
973646, 
973752, 
973848, 
973953, 
974054, 
974148, 
974246, 
974333, 
974404, 
974479, 
974579, 
974675, 
974766, 
974859, 
974926, 
974968, 
975030, 
975103, 
975203, 
975309, 
975408, 
975464, 
975516, 
975565, 
975617, 
975690, 
975766, 
975831, 
975898, 
975991, 
976100, 
976212, 
976325, 
976403, 
976494, 
976580, 
976656, 
976730, 
976805, 
976879, 
976976, 
977062, 
977137, 
977212, 
977300, 
977384, 
977484, 
977574, 
977659, 
977728, 
977798, 
977892, 
977998, 
978117, 
978221, 
978323, 
978433, 
978540, 
978673, 
978808, 
978932, 
979064, 
979199, 
979331, 
979467, 
979596, 
979748, 
979893, 
980030, 
980176, 
980314, 
980445, 
980570, 
980708, 
980842, 
980971, 
981088, 
981189, 
981275, 
981378, 
981498, 
981624, 
981749, 
981846, 
981948, 
982093, 
982235, 
982354, 
982451, 
982575, 
982690, 
982809, 
982910, 
983008, 
983101, 
983217, 
983335, 
983445, 
983549, 
983644, 
983740, 
983829, 
983898, 
983939, 
983986, 
984062, 
984151, 
984229, 
984320, 
984411, 
984498, 
984589, 
984684, 
984773, 
984855, 
984955, 
985055, 
985158, 
985248, 
985339, 
985442, 
985544, 
985638, 
985735, 
985829, 
985932, 
986037, 
986154, 
986258, 
986371, 
986495, 
986624, 
986729, 
986841, 
986947, 
987041, 
987153, 
987273, 
987373, 
987483, 
987591, 
987712, 
987824, 
987930, 
988059, 
988187, 
988330, 
988436, 
988553, 
988676, 
988775, 
988852, 
988933, 
989030, 
989131, 
989217, 
989297, 
989408, 
989523, 
989628, 
989725, 
989817, 
989888, 
989949, 
990034, 
990126, 
990201, 
990268, 
990344, 
990421, 
990497, 
990570, 
990644, 
990718, 
990815, 
990913, 
991039, 
991162, 
991275, 
991374, 
991481, 
991606, 
991742, 
991864, 
991973, 
992112, 
992259, 
992389, 
992510, 
992645, 
992779, 
992908, 
993044, 
993164, 
993276, 
993398, 
993509, 
993630, 
993762, 
993868, 
993978, 
994086, 
994192, 
994313, 
994434, 
994555, 
994672, 
994784, 
994904, 
995025, 
995137, 
995228, 
995323, 
995427, 
995543, 
995656, 
995800, 
995943, 
996082, 
996185, 
996281, 
996398, 
996525, 
996663, 
996795, 
996900, 
996992, 
997103, 
997207, 
997328, 
997429, 
997534, 
997665, 
997797, 
997943, 
998067, 
998183, 
998295, 
998418, 
998549, 
998674, 
998783, 
998883, 
998990, 
999110, 
999225, 
999334, 
999428, 
999507, 
999593, 
999705, 
999816, 
999918, 
1000021, 
1000123, 
1000229, 
1000343, 
1000495, 
1000590, 
1000685, 
1000778, 
1000872, 
1000960, 
1001052, 
1001154, 
1001261, 
1001363, 
1001487, 
1001619, 
1001713, 
1001811, 
1001917, 
1002050, 
1002179, 
1002292, 
1002424, 
1002573, 
1002682, 
1002812, 
1002923, 
1003039, 
1003158, 
1003274, 
1003379, 
1003488, 
1003583, 
1003657, 
1003766, 
1003884, 
1003970, 
1004046, 
1004138, 
1004241, 
1004337, 
1004425, 
1004511, 
1004616, 
1004712, 
1004812, 
1004893, 
1004992, 
1005072, 
1005151, 
1005237, 
1005326, 
1005411, 
1005503, 
1005580, 
1005643, 
1005730, 
1005838, 
1005950, 
1006062, 
1006184, 
1006309, 
1006420, 
1006539, 
1006655, 
1006752, 
1006823, 
1006899, 
1006991, 
1007080, 
1007174, 
1007285, 
1007397, 
1007488, 
1007571, 
1007670, 
1007766, 
1007860, 
1007951, 
1008039, 
1008129, 
1008223, 
1008320, 
1008421, 
1008521, 
1008621, 
1008723, 
1008827, 
1008914, 
1008990, 
1009083, 
1009164, 
1009236, 
1009316, 
1009383, 
1009427, 
1009466, 
1009530, 
1009611, 
1009689, 
1009773, 
1009877, 
1010011, 
1010141, 
1010237, 
1010360, 
1010465, 
1010584, 
1010709, 
1010831, 
1010963, 
1011108, 
1011243, 
1011370, 
1011505, 
1011611, 
1011722, 
1011847, 
1011968, 
1012096, 
1012238, 
1012371, 
1012511, 
1012639, 
1012765, 
1012889, 
1013002, 
1013107, 
1013208, 
1013325, 
1013464, 
1013593, 
1013733, 
1013854, 
1013997, 
1014125, 
1014234, 
1014352, 
1014457, 
1014572, 
1014690, 
1014786, 
1014901, 
1015027, 
1015149, 
1015269, 
1015411, 
1015542, 
1015633, 
1015722, 
1015815, 
1015928, 
1016043, 
1016165, 
1016295, 
1016436, 
1016584, 
1016721, 
1016823, 
1016933, 
1017057, 
1017162, 
1017277, 
1017356, 
1017446, 
1017534, 
1017618, 
1017721, 
1017813, 
1017897, 
1017977, 
1018066, 
1018168, 
1018267, 
1018352, 
1018442, 
1018542, 
1018644, 
1018743, 
1018837, 
1018934, 
1019035, 
1019140, 
1019251, 
1019373, 
1019501, 
1019626, 
1019749, 
1019883, 
1020012, 
1020144, 
1020250, 
1020364, 
1020482, 
1020586, 
1020703, 
1020804, 
1020905, 
1021005, 
1021152, 
1021276, 
1021396, 
1021529, 
1021613, 
1021698, 
1021797, 
1021880, 
1021988, 
1022102, 
1022201, 
1022307, 
1022401, 
1022487, 
1022601, 
1022722, 
1022847, 
1022984, 
1023116, 
1023259, 
1023387, 
1023518, 
1023632, 
1023751, 
1023848, 
1023951, 
1024068, 
1024173, 
1024286, 
1024397, 
1024520, 
1024631, 
1024736, 
1024854, 
1024970, 
1025093, 
1025200, 
1025308, 
1025409, 
1025500, 
1025590, 
1025676, 
1025758, 
1025852, 
1025962, 
1026082, 
1026173, 
1026291, 
1026391, 
1026467, 
1026576, 
1026670, 
1026753, 
1026829, 
1026920, 
1027002, 
1027107, 
1027225, 
1027328, 
1027449, 
1027561, 
1027696, 
1027817, 
1027950, 
1028075, 
1028204, 
1028329, 
1028459, 
1028590, 
1028732, 
1028859, 
1028986, 
1029100, 
1029223, 
1029345, 
1029475, 
1029588, 
1029697, 
1029803, 
1029910, 
1029990, 
1030125, 
1030275, 
1030387, 
1030526, 
1030647, 
1030770, 
1030904, 
1031049, 
1031167, 
1031300, 
1031427, 
1031587, 
1031723, 
1031846, 
1031972, 
1032103, 
1032234, 
1032365, 
1032484, 
1032605, 
1032697, 
1032787, 
1032884, 
1032987, 
1033080, 
1033175, 
1033277, 
1033354, 
1033417, 
1033483, 
1033549, 
1033635, 
1033729, 
1033830, 
1033929, 
1034001, 
1034096, 
1034206, 
1034329, 
1034428, 
1034508, 
1034596, 
1034697, 
1034815, 
1034948, 
1035089, 
1035214, 
1035319, 
1035429, 
1035547, 
1035669, 
1035788, 
1035911, 
1036063, 
1036206, 
1036312, 
1036422, 
1036512, 
1036607, 
1036694, 
1036794, 
1036898, 
1036982, 
1037072, 
1037166, 
1037254, 
1037352, 
1037445, 
1037531, 
1037632, 
1037722, 
1037820, 
1037924, 
1038018, 
1038120, 
1038220, 
1038331, 
1038441, 
1038565, 
1038689, 
1038800, 
1038898, 
1039001, 
1039093, 
1039206, 
1039342, 
1039461, 
1039576, 
1039702, 
1039820, 
1039949, 
1040079, 
1040205, 
1040316, 
1040445, 
1040581, 
1040727, 
1040864, 
1040996, 
1041137, 
1041276, 
1041408, 
1041538, 
1041645, 
1041748, 
1041839, 
1041942, 
1042054, 
1042169, 
1042278, 
1042367, 
1042462, 
1042573, 
1042708, 
1042826, 
1042919, 
1042997, 
1043076, 
1043162, 
1043250, 
1043338, 
1043416, 
1043492, 
1043553, 
1043621, 
1043683, 
1043754, 
1043830, 
1043902, 
1043966, 
1044031, 
1044108, 
1044192, 
1044282, 
1044375, 
1044482, 
1044570, 
1044641, 
1044711, 
1044770, 
1044826, 
1044889, 
1044944, 
1045008, 
1045053, 
1045099, 
1045158, 
1045218, 
1045278, 
1045349, 
1045434, 
1045517, 
1045597, 
1045689, 
1045786, 
1045904, 
1046012, 
1046135, 
1046237, 
1046334, 
1046443, 
1046555, 
1046655, 
1046754, 
1046864, 
1046963, 
1047046, 
1047145, 
1047261, 
1047380, 
1047492, 
1047587, 
1047686, 
1047780, 
1047920, 
1048055, 
1048204, 
1048347, 
1048497, 
1048627, 
1048752, 
1048867, 
1048994, 
1049119, 
1049238, 
1049340, 
1049455, 
1049564, 
1049664, 
1049769, 
1049863, 
1049968, 
1050059, 
1050144, 
1050257, 
1050370, 
1050477, 
1050589, 
1050676, 
1050751, 
1050825, 
1050907, 
1051012, 
1051122, 
1051224, 
1051331, 
1051424, 
1051528, 
1051638, 
1051745, 
1051863, 
1051997, 
1052135, 
1052253, 
1052354, 
1052454, 
1052532, 
1052626, 
1052756, 
1052902, 
1053058, 
1053171, 
1053291, 
1053410, 
1053546, 
1053682, 
1053806, 
1053914, 
1054019, 
1054124, 
1054259, 
1054386, 
1054481, 
1054562, 
1054660, 
1054754, 
1054853, 
1054967, 
1055062, 
1055145, 
1055235, 
1055355, 
1055444, 
1055537, 
1055629, 
1055764, 
1055872, 
1055961, 
1056057, 
1056140, 
1056237, 
1056371, 
1056482, 
1056581, 
1056701, 
1056819, 
1056940, 
1057064, 
1057195, 
1057332, 
1057458, 
1057572, 
1057687, 
1057809, 
1057944, 
1058056, 
1058154, 
1058244, 
1058342, 
1058421, 
1058521, 
1058607, 
1058690, 
1058771, 
1058840, 
1058910, 
1058990, 
1059087, 
1059194, 
1059301, 
1059397, 
1059499, 
1059607, 
1059742, 
1059887, 
1060003, 
1060126, 
1060289, 
1060413, 
1060524, 
1060632, 
1060744, 
1060871, 
1060999, 
1061113, 
1061264, 
1061419, 
1061547, 
1061682, 
1061826, 
1061989, 
1062135, 
1062256, 
1062379, 
1062498, 
1062613, 
1062722, 
1062840, 
1062951, 
1063057, 
1063180, 
1063306, 
1063407, 
1063504, 
1063605, 
1063713, 
1063824, 
1063913, 
1064012, 
1064100, 
1064186, 
1064292, 
1064411, 
1064535, 
1064651, 
1064759, 
1064886, 
1065018, 
1065142, 
1065262, 
1065379, 
1065493, 
1065588, 
1065673, 
1065761, 
1065855, 
1065956, 
1066077, 
1066191, 
1066298, 
1066398, 
1066497, 
1066607, 
1066711, 
1066817, 
1066936, 
1067068, 
1067191, 
1067316, 
1067458, 
1067586, 
1067704, 
1067822, 
1067948, 
1068061, 
1068155, 
1068267, 
1068392, 
1068512, 
1068624, 
1068736, 
1068820, 
1068887, 
1068960, 
1069034, 
1069097, 
1069162, 
1069235, 
1069320, 
1069416, 
1069519, 
1069630, 
1069751, 
1069895, 
1070022, 
1070149, 
1070260, 
1070392, 
1070548, 
1070683, 
1070814, 
1070984, 
1071134, 
1071263, 
1071407, 
1071576, 
1071726, 
1071849, 
1071957, 
1072072, 
1072206, 
1072317, 
1072426, 
1072537, 
1072676, 
1072776, 
1072879, 
1072992, 
1073092, 
1073187, 
1073295, 
1073446, 
1073584, 
1073709, 
1073839, 
1073978, 
1074092, 
1074222, 
1074331, 
1074468, 
1074594, 
1074718, 
1074855, 
1074999, 
1075127, 
1075245, 
1075330, 
1075426, 
1075532, 
1075635, 
1075741, 
1075852, 
1075966, 
1076117, 
1076251, 
1076367, 
1076478, 
1076603, 
1076757, 
1076886, 
1077008, 
1077119, 
1077230, 
1077324, 
1077449, 
1077552, 
1077677, 
1077790, 
1077914, 
1078017, 
1078119, 
1078221, 
1078316, 
1078394, 
1078477, 
1078567, 
1078645, 
1078733, 
1078832, 
1078945, 
1079063, 
1079182, 
1079285, 
1079377, 
1079484, 
1079601, 
1079748, 
1079894, 
1080012, 
1080122, 
1080249, 
1080356, 
1080467, 
1080603, 
1080724, 
1080839, 
1080928, 
1081012, 
