233, 
437, 
641, 
815, 
999, 
1170, 
1355, 
1531, 
1705, 
1879, 
2050, 
2209, 
2379, 
2565, 
2746, 
2942, 
3127, 
3299, 
3469, 
3623, 
3815, 
3984, 
4159, 
4321, 
4477, 
4644, 
4820, 
5010, 
5177, 
5341, 
5503, 
5658, 
5790, 
5939, 
6094, 
6246, 
6407, 
6608, 
6772, 
6932, 
7117, 
7281, 
7455, 
7644, 
7822, 
8018, 
8211, 
8393, 
8577, 
8739, 
8883, 
9044, 
9195, 
9339, 
9480, 
9624, 
9730, 
9876, 
10006, 
10170, 
10324, 
10501, 
10684, 
10817, 
10974, 
11127, 
11293, 
11405, 
11524, 
11668, 
11825, 
11986, 
12130, 
12274, 
12432, 
12587, 
12733, 
12880, 
13000, 
13156, 
13331, 
13526, 
13669, 
13831, 
13969, 
14115, 
14257, 
14365, 
14472, 
14599, 
14738, 
14891, 
15035, 
15154, 
15268, 
15417, 
15551, 
15702, 
15855, 
16010, 
16168, 
16315, 
16455, 
16602, 
16759, 
16915, 
17080, 
17223, 
17372, 
17512, 
17669, 
17816, 
17967, 
18119, 
18267, 
18427, 
18591, 
18754, 
18919, 
19046, 
19186, 
19316, 
19482, 
19632, 
19786, 
19951, 
20132, 
20291, 
20448, 
20590, 
20758, 
20938, 
21128, 
21295, 
21460, 
21603, 
21745, 
21896, 
22047, 
22205, 
22357, 
22508, 
22654, 
22802, 
22931, 
23067, 
23210, 
23361, 
23493, 
23631, 
23776, 
23931, 
24097, 
24266, 
24433, 
24595, 
24764, 
24936, 
25087, 
25248, 
25413, 
25581, 
25759, 
25918, 
26066, 
26230, 
26400, 
26575, 
26737, 
26898, 
27060, 
27238, 
27388, 
27532, 
27667, 
27812, 
27946, 
28092, 
28235, 
28365, 
28520, 
28675, 
28814, 
28952, 
29104, 
29266, 
29431, 
29579, 
29753, 
29911, 
30065, 
30203, 
30339, 
30490, 
30614, 
30765, 
30893, 
31022, 
31193, 
31339, 
31474, 
31619, 
31771, 
31903, 
32042, 
32184, 
32323, 
32451, 
32586, 
32720, 
32874, 
33034, 
33179, 
33292, 
33423, 
33579, 
33705, 
33863, 
34021, 
34201, 
34371, 
34522, 
34699, 
34877, 
35044, 
35195, 
35347, 
35499, 
35649, 
35769, 
35894, 
36032, 
36179, 
36316, 
36464, 
36614, 
36768, 
36910, 
37019, 
37139, 
37269, 
37416, 
37577, 
37757, 
37906, 
38064, 
38221, 
38370, 
38539, 
38740, 
38936, 
39110, 
39288, 
39487, 
39658, 
39839, 
40023, 
40161, 
40308, 
40488, 
40647, 
40788, 
40934, 
41081, 
41271, 
41450, 
41597, 
41750, 
41915, 
42080, 
42234, 
42406, 
42563, 
42734, 
42899, 
43073, 
43216, 
43387, 
43536, 
43689, 
43833, 
43997, 
44162, 
44339, 
44501, 
44651, 
44782, 
44930, 
45085, 
45246, 
45405, 
45583, 
45740, 
45888, 
46064, 
46239, 
46414, 
46570, 
46740, 
46906, 
47071, 
47238, 
47419, 
47575, 
47753, 
47897, 
48061, 
48227, 
48400, 
48541, 
48674, 
48801, 
48948, 
49116, 
49274, 
49455, 
49612, 
49764, 
49927, 
50102, 
50285, 
50454, 
50607, 
50753, 
50910, 
51073, 
51236, 
51375, 
51540, 
51706, 
51847, 
52033, 
52184, 
52354, 
52513, 
52695, 
52863, 
53058, 
53230, 
53382, 
53550, 
53699, 
53816, 
53955, 
54085, 
54238, 
54398, 
54578, 
54740, 
54892, 
55058, 
55230, 
55389, 
55537, 
55699, 
55876, 
56036, 
56217, 
56370, 
56532, 
56678, 
56836, 
57008, 
57184, 
57362, 
57519, 
57657, 
57822, 
57970, 
58101, 
58240, 
58396, 
58556, 
58719, 
58876, 
59031, 
59179, 
59311, 
59461, 
59605, 
59767, 
59940, 
60088, 
60224, 
60401, 
60557, 
60728, 
60870, 
61040, 
61235, 
61429, 
61606, 
61747, 
61912, 
62059, 
62274, 
62451, 
62614, 
62786, 
62954, 
63116, 
63277, 
63445, 
63603, 
63747, 
63878, 
64013, 
64186, 
64349, 
64502, 
64666, 
64820, 
64947, 
65075, 
65220, 
65374, 
65504, 
65666, 
65820, 
65964, 
66096, 
66237, 
66391, 
66537, 
66710, 
66870, 
67022, 
67180, 
67358, 
67531, 
67690, 
67853, 
68005, 
68133, 
68272, 
68401, 
68514, 
68657, 
68807, 
68953, 
69093, 
69262, 
69419, 
69599, 
69755, 
69918, 
70088, 
70260, 
70434, 
70615, 
70786, 
70946, 
71140, 
71331, 
71510, 
71676, 
71841, 
71995, 
72139, 
72278, 
72422, 
72580, 
72748, 
72870, 
73023, 
73164, 
73311, 
73472, 
73630, 
73815, 
73987, 
74183, 
74336, 
74489, 
74674, 
74825, 
74957, 
75083, 
75245, 
75405, 
75542, 
75716, 
75847, 
76011, 
76177, 
76343, 
76494, 
76645, 
76789, 
76909, 
77055, 
77174, 
77330, 
77461, 
77615, 
77773, 
77922, 
78058, 
78233, 
78416, 
78569, 
78720, 
78889, 
79053, 
79209, 
79390, 
79559, 
79745, 
79898, 
80067, 
80233, 
80387, 
80536, 
80680, 
80837, 
80991, 
81156, 
81329, 
81476, 
81636, 
81787, 
81931, 
82093, 
82249, 
82406, 
82563, 
82744, 
82915, 
83100, 
83268, 
83435, 
83586, 
83780, 
83954, 
84104, 
84292, 
84483, 
84668, 
84847, 
85025, 
85196, 
85366, 
85532, 
85696, 
85858, 
86046, 
86231, 
86432, 
86596, 
86735, 
86899, 
87064, 
87212, 
87358, 
87504, 
87660, 
87810, 
87969, 
88127, 
88287, 
88449, 
88604, 
88776, 
88938, 
89120, 
89299, 
89499, 
89669, 
89849, 
90026, 
90196, 
90354, 
90534, 
90700, 
90877, 
91033, 
91187, 
91328, 
91475, 
91622, 
91770, 
91924, 
92096, 
92242, 
92417, 
92566, 
92680, 
92816, 
92962, 
93111, 
93264, 
93429, 
93597, 
93753, 
93930, 
94112, 
94275, 
94429, 
94585, 
94723, 
94883, 
95011, 
95161, 
95304, 
95485, 
95650, 
95810, 
95954, 
96112, 
96276, 
96410, 
96559, 
96736, 
96915, 
97068, 
97203, 
97365, 
97531, 
97687, 
97831, 
97975, 
98117, 
98289, 
98426, 
98562, 
98688, 
98824, 
98956, 
99120, 
99295, 
99455, 
99655, 
99838, 
100019, 
100204, 
100384, 
100535, 
100700, 
100867, 
101040, 
101199, 
101330, 
101515, 
101706, 
101882, 
102045, 
102216, 
102379, 
102539, 
102708, 
102876, 
103031, 
103223, 
103388, 
103578, 
103742, 
103884, 
104052, 
104181, 
104293, 
104400, 
104524, 
104652, 
104782, 
104919, 
105048, 
105200, 
105326, 
105455, 
105595, 
105753, 
105921, 
106082, 
106274, 
106447, 
106610, 
106787, 
106955, 
107119, 
107280, 
107422, 
107564, 
107721, 
107885, 
108021, 
108155, 
108294, 
108440, 
108600, 
108747, 
108878, 
109019, 
109155, 
109316, 
109460, 
109633, 
109784, 
109906, 
110064, 
110199, 
110312, 
110436, 
110590, 
110737, 
110887, 
110998, 
111124, 
111220, 
111349, 
111498, 
111649, 
111791, 
111924, 
112064, 
112194, 
112330, 
112435, 
112543, 
112653, 
112754, 
112874, 
112998, 
113134, 
113288, 
113427, 
113566, 
113713, 
113882, 
114035, 
114191, 
114347, 
114485, 
114631, 
114790, 
114935, 
115070, 
115209, 
115340, 
115481, 
115631, 
115790, 
115934, 
116087, 
116242, 
116388, 
116532, 
116696, 
116853, 
117029, 
117201, 
117366, 
117522, 
117677, 
117838, 
117989, 
118141, 
118282, 
118423, 
118586, 
118761, 
118944, 
119132, 
119296, 
119443, 
119595, 
119770, 
119940, 
120099, 
120251, 
120434, 
120599, 
120759, 
120894, 
121063, 
121223, 
121358, 
121513, 
121648, 
121789, 
121891, 
122032, 
122198, 
122349, 
122498, 
122649, 
122803, 
122942, 
123100, 
123251, 
123393, 
123562, 
123725, 
123897, 
124059, 
124202, 
124346, 
124488, 
124652, 
124816, 
124995, 
125161, 
125345, 
125501, 
125682, 
125863, 
126039, 
126210, 
126376, 
126529, 
126712, 
126884, 
127053, 
127228, 
127389, 
127531, 
127696, 
127856, 
128040, 
128200, 
128373, 
128544, 
128718, 
128895, 
129054, 
129208, 
129347, 
129499, 
129638, 
129798, 
129961, 
130122, 
130270, 
130422, 
130567, 
130729, 
130885, 
131045, 
131236, 
131412, 
131587, 
131744, 
131917, 
132092, 
132255, 
132416, 
132573, 
132738, 
132897, 
133052, 
133245, 
133405, 
133572, 
133739, 
133897, 
134061, 
134227, 
134378, 
134549, 
134695, 
134835, 
134995, 
135144, 
135291, 
135428, 
135563, 
135698, 
135841, 
135981, 
136128, 
136273, 
136429, 
136563, 
136693, 
136845, 
137012, 
137188, 
137338, 
137493, 
137638, 
137799, 
137982, 
138153, 
138309, 
138484, 
138663, 
138814, 
138966, 
139137, 
139287, 
139433, 
139602, 
139786, 
139950, 
140133, 
140296, 
140491, 
140661, 
140815, 
140975, 
141139, 
141298, 
141444, 
141595, 
141780, 
141919, 
142063, 
142235, 
142410, 
142590, 
142778, 
142933, 
143104, 
143276, 
143467, 
143633, 
143790, 
143936, 
144082, 
144224, 
144338, 
144462, 
144580, 
144725, 
144897, 
145058, 
145218, 
145362, 
145495, 
145631, 
145766, 
145907, 
146055, 
146246, 
146414, 
146591, 
146771, 
146944, 
147113, 
147274, 
147451, 
147622, 
147777, 
147966, 
148132, 
148311, 
148470, 
148612, 
148769, 
148921, 
149090, 
149253, 
149432, 
149606, 
149785, 
149944, 
150110, 
150272, 
150429, 
150606, 
150794, 
150945, 
151107, 
151293, 
151459, 
151621, 
151806, 
151982, 
152142, 
152303, 
152461, 
152637, 
152805, 
152966, 
153133, 
153300, 
153474, 
153645, 
153806, 
153988, 
154140, 
154287, 
154455, 
154607, 
154749, 
154878, 
155025, 
155163, 
155302, 
155439, 
155605, 
155737, 
155873, 
156034, 
156171, 
156292, 
156429, 
156583, 
156734, 
156873, 
157025, 
157214, 
