200, 
307, 
395, 
478, 
534, 
601, 
672, 
753, 
812, 
876, 
923, 
962, 
1010, 
1043, 
1088, 
1116, 
1140, 
1187, 
1222, 
1265, 
1308, 
1344, 
1380, 
1411, 
1448, 
1487, 
1520, 
1552, 
1597, 
1644, 
1683, 
1734, 
1776, 
1817, 
1855, 
1895, 
1930, 
1958, 
1991, 
2041, 
2079, 
2112, 
2145, 
2192, 
2228, 
2275, 
2317, 
2356, 
2387, 
2439, 
2475, 
2527, 
2559, 
2604, 
2637, 
2683, 
2724, 
2754, 
2789, 
2818, 
2849, 
2868, 
2895, 
2925, 
2962, 
3001, 
3038, 
3073, 
3118, 
3143, 
3174, 
3206, 
3233, 
3271, 
3310, 
3342, 
3381, 
3416, 
3449, 
3481, 
3518, 
3543, 
3576, 
3613, 
3656, 
3689, 
3735, 
3757, 
3783, 
3809, 
3858, 
3906, 
3936, 
3963, 
3990, 
4026, 
4059, 
4086, 
4127, 
4160, 
4184, 
4208, 
4224, 
4254, 
4302, 
4342, 
4395, 
4451, 
4491, 
4541, 
4585, 
4632, 
4671, 
4702, 
4727, 
4763, 
4786, 
4809, 
4841, 
4872, 
4910, 
4933, 
4962, 
4991, 
5023, 
5066, 
5104, 
5139, 
5169, 
5199, 
5243, 
5280, 
5311, 
5330, 
5363, 
5401, 
5436, 
5477, 
5513, 
5542, 
5572, 
5606, 
5635, 
5666, 
5705, 
5744, 
5775, 
5812, 
5850, 
5888, 
5925, 
5955, 
5983, 
6018, 
6053, 
6080, 
6121, 
6154, 
6189, 
6225, 
6254, 
6278, 
6306, 
6340, 
6382, 
6416, 
6446, 
6482, 
6521, 
6553, 
6585, 
6618, 
6652, 
6682, 
6715, 
6739, 
6759, 
6791, 
6825, 
6853, 
6887, 
6916, 
6945, 
6977, 
7010, 
7037, 
7080, 
7105, 
7140, 
7171, 
7194, 
7214, 
7238, 
7267, 
7297, 
7329, 
7368, 
7395, 
7420, 
7448, 
7475, 
7498, 
7528, 
7551, 
7574, 
7591, 
7618, 
7639, 
7671, 
7702, 
7731, 
7761, 
7793, 
7820, 
7855, 
7875, 
7899, 
7916, 
7947, 
7973, 
8006, 
8037, 
8064, 
8087, 
8116, 
8142, 
8185, 
8212, 
8237, 
8268, 
8298, 
8332, 
8355, 
8389, 
8424, 
8447, 
8469, 
8503, 
8535, 
8559, 
8591, 
8624, 
8653, 
8680, 
8699, 
8722, 
8748, 
8764, 
8786, 
8824, 
8852, 
8887, 
8921, 
8955, 
8991, 
9034, 
9085, 
9128, 
9171, 
9205, 
9248, 
9284, 
9326, 
9353, 
9385, 
9418, 
9443, 
9477, 
9513, 
9541, 
9563, 
9608, 
9651, 
9680, 
9706, 
9721, 
9761, 
9795, 
9820, 
9849, 
9885, 
9920, 
9952, 
9989, 
10012, 
10043, 
10071, 
10096, 
10126, 
10155, 
10185, 
10203, 
10225, 
10251, 
10280, 
10306, 
10332, 
10354, 
10369, 
10392, 
10424, 
10447, 
10463, 
10486, 
10507, 
10514, 
10527, 
10542, 
10555, 
10567, 
10570, 
10573, 
10575, 
10576, 
10579, 
10582, 
10583, 
10585, 
10589, 
10590, 
10591, 
10594, 
10596, 
10598, 
10600, 
10602, 
10604, 
10607, 
10611, 
10613, 
10614, 
10619, 
10621, 
10622, 
10624, 
10626, 
10629, 
10631, 
10640, 
10641, 
10645, 
10652, 
10653, 
10654, 
10655, 
10663, 
10674, 
10681, 
10686, 
10690, 
10691, 
10693, 
10696, 
10701, 
10705, 
10706, 
10707, 
10711, 
10713, 
10715, 
10717, 
10719, 
10724, 
10728, 
10729, 
10735, 
10741, 
10744, 
10748, 
10752, 
10757, 
10759, 
10763, 
10764, 
10765, 
10769, 
10773, 
10774, 
10779, 
10781, 
10783, 
10786, 
10789, 
10792, 
10794, 
10796, 
10796, 
10800, 
10803, 
10804, 
10805, 
10807, 
10812, 
10816, 
10818, 
10820, 
10821, 
10823, 
10827, 
10828, 
10829, 
10832, 
10837, 
10838, 
10839, 
10845, 
10848, 
10855, 
10857, 
10859, 
10862, 
10865, 
10869, 
10871, 
10874, 
10875, 
10880, 
10885, 
10890, 
10892, 
10897, 
10901, 
10902, 
10904, 
10908, 
10908, 
10908, 
10913, 
10915, 
10917, 
10920, 
10927, 
10935, 
10941, 
10944, 
10948, 
10952, 
10957, 
10961, 
10964, 
10968, 
10973, 
10976, 
10978, 
10984, 
10987, 
10989, 
10992, 
10993, 
10995, 
10996, 
10998, 
10999, 
11000, 
11003, 
11003, 
11006, 
11011, 
11015, 
11026, 
11030, 
11031, 
11036, 
11036, 
11037, 
11038, 
11039, 
11039, 
11042, 
11049, 
11053, 
11053, 
11056, 
11060, 
11064, 
11071, 
11080, 
11084, 
11087, 
11091, 
11096, 
11101, 
11101, 
11103, 
11106, 
11115, 
11119, 
11128, 
11130, 
11134, 
11140, 
11143, 
11148, 
11156, 
11159, 
11161, 
11166, 
11174, 
11177, 
11182, 
11188, 
11191, 
11193, 
11198, 
11201, 
11207, 
11209, 
11212, 
11220, 
11225, 
11233, 
11236, 
11238, 
11240, 
11243, 
11250, 
11254, 
11256, 
11262, 
11263, 
11263, 
11263, 
11263, 
11265, 
11271, 
11276, 
11279, 
11284, 
11290, 
11292, 
11295, 
11298, 
11304, 
11311, 
11318, 
11320, 
11324, 
11327, 
11332, 
11338, 
11345, 
11347, 
11349, 
11353, 
11356, 
11362, 
11368, 
11373, 
11379, 
11383, 
11385, 
11386, 
11389, 
11392, 
11397, 
11399, 
11401, 
11407, 
11412, 
11421, 
11425, 
11430, 
11432, 
11433, 
11434, 
11437, 
11443, 
11447, 
11456, 
11459, 
11464, 
11472, 
11474, 
11480, 
11484, 
11488, 
11490, 
11501, 
11504, 
11506, 
11508, 
11514, 
11521, 
11524, 
11527, 
11531, 
11534, 
11540, 
11544, 
11546, 
11547, 
11548, 
11551, 
11556, 
11561, 
11564, 
11566, 
11571, 
11576, 
11583, 
11586, 
11587, 
11592, 
11597, 
11600, 
11602, 
11603, 
11607, 
11613, 
11614, 
11616, 
11619, 
11626, 
11631, 
11633, 
11638, 
11641, 
11644, 
11647, 
11647, 
11650, 
11654, 
11660, 
11663, 
11667, 
11669, 
11673, 
11678, 
11680, 
11685, 
11687, 
11692, 
11696, 
11703, 
11709, 
11711, 
11711, 
11711, 
11711, 
11713, 
11721, 
11729, 
11732, 
11735, 
11739, 
11739, 
11742, 
11750, 
11755, 
11757, 
11759, 
11761, 
11767, 
11773, 
11777, 
11782, 
11785, 
11787, 
11787, 
11789, 
11793, 
11795, 
11801, 
11807, 
11807, 
11807, 
11808, 
11811, 
11813, 
11815, 
11816, 
11822, 
11829, 
11831, 
11834, 
11837, 
11837, 
11838, 
11839, 
11841, 
11841, 
11841, 
11842, 
11845, 
11849, 
11851, 
11853, 
11854, 
11855, 
11858, 
11866, 
11869, 
11873, 
11878, 
11881, 
11883, 
11884, 
11886, 
11887, 
11890, 
11890, 
11895, 
11899, 
11902, 
11902, 
11905, 
11911, 
11913, 
11917, 
11920, 
11925, 
11931, 
11940, 
11944, 
11945, 
11948, 
11950, 
11957, 
11960, 
11963, 
11964, 
11966, 
11968, 
11972, 
11978, 
11984, 
11992, 
11999, 
12003, 
12006, 
12008, 
12010, 
12010, 
12012, 
12015, 
12017, 
12021, 
12026, 
12028, 
12029, 
12030, 
12035, 
12036, 
12037, 
12041, 
12042, 
12045, 
12052, 
12060, 
12061, 
12066, 
12078, 
12094, 
12096, 
12101, 
12101, 
12102, 
12105, 
12107, 
12110, 
12115, 
12120, 
12125, 
12136, 
12137, 
12140, 
12143, 
12143, 
12144, 
12144, 
12146, 
12149, 
12151, 
12153, 
12153, 
12155, 
12162, 
12166, 
12184, 
12190, 
12194, 
12200, 
12203, 
12206, 
12208, 
12210, 
12211, 
12211, 
12211, 
12211, 
12217, 
12218, 
12224, 
12231, 
12234, 
12237, 
12243, 
12246, 
12251, 
12262, 
12270, 
12274, 
12279, 
12281, 
12282, 
12285, 
12289, 
12297, 
12302, 
12304, 
12306, 
12310, 
12312, 
12314, 
12316, 
12316, 
12318, 
12321, 
12332, 
12338, 
12344, 
12347, 
12349, 
12350, 
12354, 
12362, 
12366, 
12373, 
12376, 
12378, 
12380, 
12382, 
12382, 
12385, 
12387, 
12391, 
12392, 
12394, 
12394, 
12395, 
12395, 
12397, 
12399, 
12399, 
12401, 
12401, 
12403, 
12405, 
12407, 
12410, 
12411, 
12413, 
12413, 
12413, 
12413, 
12418, 
12421, 
12422, 
12425, 
12428, 
12431, 
12433, 
12434, 
12436, 
12437, 
12448, 
12449, 
12449, 
12452, 
12452, 
12453, 
12453, 
12456, 
12465, 
12471, 
12473, 
12476, 
12479, 
12481, 
12485, 
12486, 
12487, 
12493, 
12497, 
12498, 
12501, 
12504, 
12506, 
12508, 
12516, 
12522, 
12528, 
12534, 
12544, 
12548, 
12549, 
12551, 
12555, 
12558, 
12561, 
12567, 
12568, 
12575, 
12579, 
12583, 
12588, 
12596, 
12600, 
12604, 
12605, 
12612, 
12612, 
12613, 
12618, 
12618, 
12621, 
12623, 
12625, 
12625, 
12630, 
12632, 
12637, 
12638, 
12641, 
12645, 
12647, 
12647, 
12648, 
12651, 
12651, 
12653, 
12657, 
12657, 
12657, 
12657, 
12661, 
12667, 
12670, 
12674, 
12674, 
12680, 
12687, 
12693, 
12695, 
12697, 
12705, 
12710, 
12712, 
12717, 
12718, 
12721, 
12728, 
12740, 
12749, 
12754, 
12757, 
12763, 
12766, 
12771, 
12775, 
12776, 
12781, 
12785, 
12786, 
12791, 
12792, 
12795, 
12796, 
12798, 
12801, 
12805, 
12807, 
12809, 
12809, 
12809, 
12814, 
12818, 
12825, 
12829, 
12829, 
12831, 
12831, 
12832, 
12836, 
12838, 
12847, 
12847, 
12847, 
12847, 
12847, 
12849, 
12856, 
12859, 
12865, 
12874, 
12881, 
12884, 
12886, 
12892, 
12900, 
12904, 
