205, 
325, 
408, 
498, 
575, 
640, 
691, 
739, 
788, 
832, 
880, 
917, 
952, 
979, 
1014, 
1045, 
1077, 
1107, 
1139, 
1171, 
1215, 
1245, 
1266, 
1290, 
1323, 
1367, 
1391, 
1410, 
1429, 
1444, 
1457, 
1467, 
1489, 
1502, 
1511, 
1520, 
1529, 
1536, 
1542, 
1543, 
1544, 
1546, 
1546, 
1546, 
1546, 
1546, 
1547, 
1547, 
1548, 
1551, 
1551, 
1552, 
1552, 
1552, 
1552, 
1552, 
1552, 
1553, 
1555, 
1556, 
1556, 
1556, 
1558, 
1558, 
1558, 
1558, 
1558, 
1558, 
1559, 
1559, 
1560, 
1560, 
1560, 
1560, 
1560, 
1560, 
1561, 
1563, 
1565, 
1565, 
1566, 
1567, 
1567, 
1568, 
1568, 
1568, 
1569, 
1571, 
1574, 
1578, 
1578, 
1578, 
1582, 
1582, 
1582, 
1582, 
1582, 
1582, 
1582, 
1582, 
1582, 
1582, 
1582, 
1582, 
1582, 
1582, 
1585, 
1585, 
1586, 
1586, 
1586, 
1586, 
1587, 
1588, 
1590, 
1592, 
1594, 
1594, 
1594, 
1595, 
1596, 
1596, 
1596, 
1596, 
1597, 
1597, 
1597, 
1597, 
1598, 
1598, 
1598, 
1599, 
1600, 
1601, 
1602, 
1602, 
1603, 
1604, 
1604, 
1606, 
1607, 
1610, 
1612, 
1616, 
1616, 
1616, 
1616, 
1616, 
1616, 
1616, 
1616, 
1616, 
1618, 
1618, 
1618, 
1618, 
1618, 
1618, 
1619, 
1620, 
1620, 
1622, 
1622, 
1622, 
1622, 
1622, 
1622, 
1623, 
1623, 
1624, 
1624, 
1628, 
1629, 
1629, 
1630, 
1630, 
1630, 
1630, 
1630, 
1630, 
1630, 
1631, 
1631, 
1632, 
1632, 
1632, 
1632, 
1632, 
1632, 
1632, 
1632, 
1633, 
1636, 
1639, 
1641, 
1644, 
1646, 
1646, 
1646, 
1646, 
1646, 
1646, 
1647, 
1650, 
1652, 
1652, 
1655, 
1657, 
1658, 
1658, 
1658, 
1658, 
1658, 
1658, 
1658, 
1660, 
1660, 
1660, 
1660, 
1660, 
1660, 
1660, 
1662, 
1662, 
1663, 
1667, 
1669, 
1673, 
1674, 
1674, 
1674, 
1674, 
1674, 
1674, 
1676, 
1677, 
1677, 
1677, 
1678, 
1679, 
1680, 
1680, 
1681, 
1683, 
1685, 
1687, 
1689, 
1690, 
1690, 
1690, 
1690, 
1691, 
1691, 
1691, 
1691, 
1692, 
1692, 
1692, 
1692, 
1692, 
1692, 
1692, 
1692, 
1692, 
1692, 
1695, 
1696, 
1696, 
1696, 
1696, 
1696, 
1696, 
1701, 
1703, 
1704, 
1705, 
1707, 
1710, 
1710, 
1710, 
1711, 
1711, 
1712, 
1712, 
1712, 
1712, 
1712, 
1713, 
1716, 
1716, 
1718, 
1718, 
1718, 
1718, 
1718, 
1718, 
1720, 
1722, 
1724, 
1726, 
1726, 
1726, 
1726, 
1726, 
1727, 
1728, 
1728, 
1728, 
1730, 
1730, 
1730, 
1730, 
1730, 
1731, 
1734, 
1734, 
1734, 
1734, 
1734, 
1734, 
1734, 
1736, 
1736, 
1737, 
1739, 
1739, 
1740, 
1740, 
1742, 
1742, 
1742, 
1742, 
1742, 
1742, 
1742, 
1742, 
1742, 
1744, 
1746, 
1746, 
1746, 
1746, 
1746, 
1746, 
1748, 
1749, 
1752, 
1753, 
1755, 
1756, 
1756, 
1756, 
1756, 
1757, 
1760, 
1760, 
1760, 
1760, 
1761, 
1764, 
1766, 
1766, 
1766, 
1766, 
1766, 
1766, 
1767, 
1767, 
1768, 
1769, 
1771, 
1771, 
1774, 
1776, 
1777, 
1777, 
1778, 
1778, 
1778, 
1778, 
1778, 
1778, 
1778, 
1778, 
1778, 
1779, 
1781, 
1782, 
1782, 
1782, 
1782, 
1782, 
1782, 
1782, 
1782, 
1782, 
1782, 
1782, 
1782, 
1782, 
1782, 
1783, 
1784, 
1784, 
1784, 
1784, 
1785, 
1786, 
1786, 
1786, 
1786, 
1787, 
1787, 
1787, 
1790, 
1791, 
1792, 
1792, 
1793, 
1794, 
1794, 
1794, 
1796, 
1797, 
1797, 
1797, 
1798, 
1798, 
1798, 
1798, 
1798, 
1799, 
1800, 
1802, 
1807, 
1809, 
1810, 
1810, 
1810, 
1810, 
1810, 
1810, 
1810, 
1810, 
1812, 
1812, 
1812, 
1812, 
1814, 
1816, 
1816, 
1816, 
1816, 
1819, 
1820, 
1821, 
1822, 
1822, 
1823, 
1823, 
1824, 
1824, 
1824, 
1824, 
1825, 
1825, 
1825, 
1827, 
1829, 
1831, 
1833, 
1834, 
1834, 
1834, 
1834, 
1834, 
1837, 
1838, 
1839, 
1839, 
1840, 
1840, 
1840, 
1841, 
1846, 
1847, 
1847, 
1847, 
1847, 
1847, 
1848, 
1848, 
1849, 
1850, 
1850, 
1850, 
1852, 
1852, 
1852, 
1852, 
1852, 
1852, 
1852, 
1852, 
1852, 
1853, 
1854, 
1854, 
1854, 
1854, 
1854, 
1855, 
1858, 
1859, 
1859, 
1859, 
1859, 
1860, 
1861, 
1862, 
1862, 
1862, 
1866, 
1866, 
1866, 
1866, 
1867, 
1868, 
1868, 
1868, 
1869, 
1869, 
1870, 
1874, 
1877, 
1877, 
1879, 
1879, 
1880, 
1880, 
1880, 
1880, 
1880, 
1880, 
1882, 
1882, 
1882, 
1882, 
1882, 
1882, 
1882, 
1882, 
1884, 
1885, 
1887, 
1888, 
1888, 
1888, 
1888, 
1889, 
1890, 
1890, 
1892, 
1892, 
1892, 
1892, 
1892, 
1892, 
1893, 
1893, 
1894, 
1894, 
1896, 
1896, 
1896, 
1896, 
1896, 
1896, 
1896, 
1897, 
1898, 
1899, 
1900, 
1900, 
1900, 
1900, 
1901, 
1903, 
1904, 
1904, 
1904, 
1904, 
1904, 
1904, 
1904, 
1904, 
1904, 
1904, 
1906, 
1907, 
1908, 
1908, 
1908, 
1912, 
1912, 
1913, 
1914, 
1915, 
1917, 
1917, 
1921, 
1924, 
1927, 
1928, 
1928, 
1929, 
1930, 
1930, 
1930, 
1932, 
1932, 
1932, 
1932, 
1932, 
1932, 
1933, 
1934, 
1938, 
1942, 
1942, 
1942, 
1942, 
1942, 
1942, 
1942, 
1944, 
1944, 
1944, 
1944, 
1944, 
1944, 
1944, 
1944, 
1944, 
1944, 
1946, 
1946, 
1946, 
1948, 
1948, 
1951, 
1952, 
1952, 
1952, 
1952, 
1952, 
1952, 
1952, 
1952, 
1952, 
1952, 
1952, 
1953, 
1953, 
1956, 
1956, 
1956, 
1956, 
1956, 
1956, 
1956, 
1956, 
1956, 
1956, 
1956, 
1956, 
1957, 
1957, 
1958, 
1962, 
1962, 
1963, 
1964, 
1964, 
1965, 
1966, 
1966, 
1966, 
1968, 
1968, 
1968, 
1968, 
1968, 
1969, 
1969, 
1970, 
1970, 
1972, 
1972, 
1973, 
1975, 
1975, 
1976, 
1979, 
1979, 
1982, 
1982, 
1983, 
1983, 
1983, 
1984, 
1984, 
1985, 
1985, 
1986, 
1986, 
1987, 
1987, 
1988, 
1989, 
1989, 
1990, 
1990, 
1990, 
1990, 
1990, 
1990, 
1990, 
1990, 
1990, 
1990, 
1990, 
1992, 
1992, 
1992, 
1993, 
1994, 
1994, 
1994, 
1994, 
1994, 
1994, 
1994, 
1994, 
1994, 
1996, 
1997, 
2000, 
2000, 
2000, 
2001, 
2002, 
2002, 
2002, 
2006, 
2006, 
2006, 
2006, 
2006, 
2006, 
2006, 
2006, 
2006, 
2006, 
2006, 
2006, 
2006, 
2006, 
2006, 
2008, 
2008, 
2008, 
2010, 
2010, 
2010, 
2010, 
2011, 
2012, 
2015, 
2015, 
2016, 
2016, 
2016, 
2018, 
2020, 
2023, 
2026, 
2026, 
2026, 
2028, 
2029, 
2030, 
2030, 
2030, 
2030, 
2030, 
2030, 
2030, 
2030, 
2030, 
2030, 
2030, 
2030, 
2030, 
2030, 
2030, 
2030, 
2030, 
2030, 
2030, 
2030, 
2030, 
2030, 
2030, 
2030, 
2030, 
2032, 
2033, 
2034, 
2034, 
2036, 
2037, 
2038, 
2038, 
2039, 
2039, 
2040, 
2040, 
2040, 
2040, 
2041, 
2042, 
2044, 
2045, 
2046, 
2046, 
2046, 
2046, 
2046, 
2048, 
2048, 
2050, 
2050, 
2051, 
2052, 
2052, 
2052, 
2054, 
2054, 
2054, 
2054, 
2054, 
2054, 
2055, 
2055, 
2058, 
2060, 
2060, 
2060, 
2060, 
2060, 
2060, 
2060, 
2060, 
2060, 
2060, 
2060, 
2062, 
2062, 
2064, 
2064, 
2065, 
2065, 
2066, 
2067, 
2070, 
2072, 
2073, 
2073, 
2074, 
2074, 
2075, 
2076, 
2077, 
2077, 
2078, 
2078, 
2078, 
2078, 
2078, 
2079, 
2080, 
2080, 
2080, 
2080, 
2080, 
2080, 
2080, 
2080, 
2081, 
2082, 
2082, 
2082, 
2082, 
2082, 
2083, 
2084, 
2084, 
2084, 
2085, 
2086, 
2086, 
2089, 
2092, 
2092, 
2092, 
2093, 
2093, 
2093, 
2095, 
2098, 
2100, 
2101, 
2103, 
2104, 
2104, 
2104, 
2105, 
2106, 
2106, 
2106, 
2108, 
2108, 
2109, 
2109, 
2109, 
2109, 
2110, 
2110, 
2110, 
2110, 
2112, 
2116, 
2116, 
2116, 
2116, 
2116, 
2118, 
2118, 
2118, 
2118, 
2118, 
2118, 
2119, 
2119, 
2123, 
2124, 
2124, 
2126, 
2127, 
2128, 
2128, 
2128, 
2128, 
2128, 
2128, 
2128, 
2128, 
2130, 
2130, 
2130, 
2130, 
2131, 
2131, 
2132, 
2132, 
2132, 
2132, 
2133, 
2136, 
2136, 
2136, 
2136, 
2136, 
2136, 
2136, 
2136, 
2137, 
2138, 
2138, 
2139, 
2140, 
2140, 
2140, 
2140, 
2140, 
2140, 
2140, 
2143, 
2144, 
2144, 
