243, 
422, 
577, 
717, 
856, 
986, 
1109, 
1249, 
1382, 
1516, 
1650, 
1781, 
1911, 
2038, 
2156, 
2268, 
2372, 
2475, 
2605, 
2722, 
2856, 
2981, 
3114, 
3210, 
3318, 
3418, 
3532, 
3602, 
3702, 
3800, 
3889, 
3998, 
4083, 
4192, 
4297, 
4406, 
4505, 
4610, 
4725, 
4814, 
4904, 
5010, 
5094, 
5188, 
5268, 
5354, 
5439, 
5531, 
5647, 
5753, 
5864, 
5981, 
6107, 
6222, 
6330, 
6437, 
6552, 
6645, 
6739, 
6848, 
6970, 
7067, 
7173, 
7262, 
7331, 
7422, 
7520, 
7603, 
7690, 
7770, 
7872, 
7989, 
8124, 
8233, 
8352, 
8456, 
8552, 
8643, 
8724, 
8818, 
8900, 
8998, 
9066, 
9164, 
9237, 
9323, 
9423, 
9525, 
9614, 
9702, 
9783, 
9886, 
9964, 
10051, 
10133, 
10212, 
10279, 
10354, 
10435, 
10504, 
10575, 
10648, 
10739, 
10820, 
10897, 
10970, 
11046, 
11108, 
11185, 
11248, 
11300, 
11368, 
11433, 
11501, 
11566, 
11648, 
11724, 
11797, 
11875, 
11928, 
12001, 
12084, 
12157, 
12219, 
12279, 
12335, 
12402, 
12454, 
12501, 
12559, 
12610, 
12668, 
12749, 
12801, 
12845, 
12893, 
12926, 
12971, 
13009, 
13061, 
13116, 
13174, 
13243, 
13314, 
13371, 
13427, 
13489, 
13586, 
13672, 
13735, 
13801, 
13860, 
13909, 
13940, 
13963, 
13999, 
14041, 
14077, 
14112, 
14168, 
14220, 
14263, 
14310, 
14339, 
14380, 
14427, 
14481, 
14528, 
14572, 
14626, 
14684, 
14740, 
14782, 
14819, 
14869, 
14942, 
15004, 
15054, 
15084, 
15133, 
15183, 
15238, 
15287, 
15342, 
15387, 
15455, 
15531, 
15611, 
15686, 
15736, 
15794, 
15847, 
15917, 
16003, 
16069, 
16129, 
16194, 
16262, 
16327, 
16387, 
16441, 
16514, 
16607, 
16675, 
16729, 
16782, 
16837, 
16884, 
16934, 
16978, 
17020, 
17061, 
17117, 
17168, 
17207, 
17254, 
17287, 
17331, 
17369, 
17411, 
17450, 
17494, 
17541, 
17593, 
17645, 
17699, 
17772, 
17842, 
17902, 
17963, 
18030, 
18088, 
18150, 
18215, 
18289, 
18369, 
18422, 
18490, 
18559, 
18618, 
18701, 
18783, 
18866, 
18951, 
19032, 
19098, 
19169, 
19234, 
19326, 
19406, 
19455, 
19532, 
19595, 
19674, 
19746, 
19794, 
19838, 
19888, 
19961, 
20043, 
20127, 
20190, 
20264, 
20339, 
20413, 
20493, 
20550, 
20593, 
20654, 
20706, 
20750, 
20792, 
20838, 
20888, 
20935, 
20984, 
21031, 
21083, 
21138, 
21185, 
21231, 
21297, 
21372, 
21436, 
21506, 
21570, 
21642, 
21703, 
21772, 
21844, 
21909, 
21977, 
22039, 
22086, 
22148, 
22208, 
22259, 
22315, 
22375, 
22416, 
22463, 
22536, 
22600, 
22662, 
22739, 
22802, 
22886, 
22955, 
23023, 
23097, 
23178, 
23250, 
23334, 
23427, 
23502, 
23600, 
23682, 
23758, 
23846, 
23921, 
24004, 
24083, 
24148, 
24212, 
24291, 
24352, 
24411, 
24466, 
24517, 
24557, 
24619, 
24677, 
24732, 
24791, 
24856, 
24920, 
24989, 
25069, 
25127, 
25194, 
25257, 
25332, 
25398, 
25446, 
25519, 
25592, 
25670, 
25724, 
25784, 
25847, 
25924, 
26003, 
26091, 
26160, 
26226, 
26296, 
26361, 
26428, 
26513, 
26580, 
26639, 
26718, 
26816, 
26910, 
26977, 
27049, 
27120, 
27171, 
27235, 
27300, 
27365, 
27421, 
27471, 
27533, 
27581, 
27652, 
27710, 
27769, 
27830, 
27888, 
27946, 
28013, 
28077, 
28125, 
28193, 
28238, 
28289, 
28336, 
28380, 
28415, 
28446, 
28477, 
28512, 
28552, 
28608, 
28651, 
28695, 
28753, 
28834, 
28893, 
28953, 
29014, 
29072, 
29124, 
29168, 
29228, 
29288, 
29346, 
29408, 
29480, 
29531, 
29608, 
29660, 
29716, 
29771, 
29843, 
29904, 
29956, 
30018, 
30072, 
30132, 
30219, 
30275, 
30320, 
30372, 
30430, 
30485, 
30536, 
30610, 
30693, 
30759, 
30819, 
30876, 
30923, 
30964, 
31009, 
31067, 
31103, 
31134, 
31176, 
31221, 
31260, 
31305, 
31355, 
31404, 
31459, 
31503, 
31533, 
31575, 
31619, 
31665, 
31709, 
31758, 
31802, 
31846, 
31884, 
31928, 
31970, 
32031, 
32074, 
32108, 
32139, 
32163, 
32196, 
32244, 
32282, 
32335, 
32388, 
32452, 
32511, 
32584, 
32656, 
32699, 
32747, 
32782, 
32832, 
32871, 
32925, 
32972, 
33021, 
33063, 
33110, 
33162, 
33205, 
33243, 
33274, 
33306, 
33344, 
33396, 
33442, 
33483, 
33539, 
33610, 
33668, 
33731, 
33798, 
33873, 
33950, 
34020, 
34087, 
34155, 
34213, 
34277, 
34351, 
34413, 
34466, 
34519, 
34589, 
34633, 
34695, 
34765, 
34847, 
34915, 
34989, 
35036, 
35096, 
35165, 
35237, 
35279, 
35335, 
35394, 
35462, 
35534, 
35608, 
35675, 
35747, 
35818, 
35884, 
35950, 
36001, 
36075, 
36135, 
36198, 
36262, 
36318, 
36372, 
36437, 
36499, 
36584, 
36658, 
36751, 
36818, 
36888, 
36962, 
37020, 
37081, 
37142, 
37203, 
37259, 
37322, 
37393, 
37460, 
37523, 
37583, 
37639, 
37685, 
37735, 
37784, 
37824, 
37860, 
37918, 
37994, 
38044, 
38087, 
38128, 
38195, 
38239, 
38297, 
38358, 
38420, 
38469, 
38508, 
38557, 
38587, 
38646, 
38679, 
38716, 
38750, 
38790, 
38844, 
38891, 
38945, 
38996, 
39068, 
39125, 
39177, 
39231, 
39281, 
39327, 
39383, 
39435, 
39473, 
39503, 
39545, 
39593, 
39648, 
39695, 
39765, 
39820, 
39872, 
39918, 
39975, 
40033, 
40089, 
40139, 
40186, 
40234, 
40274, 
40311, 
40356, 
40408, 
40467, 
40510, 
40559, 
40609, 
40669, 
40720, 
40770, 
40819, 
40864, 
40907, 
40943, 
40980, 
41025, 
41067, 
41103, 
41148, 
41185, 
41231, 
41281, 
41329, 
41386, 
41443, 
41495, 
41568, 
41623, 
41670, 
41739, 
41812, 
41871, 
41937, 
42003, 
42071, 
42130, 
42190, 
42239, 
42300, 
42336, 
42361, 
42392, 
42419, 
42455, 
42502, 
42544, 
42589, 
42635, 
42683, 
42719, 
42752, 
42795, 
42842, 
42895, 
42939, 
42992, 
43035, 
43081, 
43138, 
43190, 
43248, 
43287, 
43344, 
43411, 
43479, 
43528, 
43588, 
43632, 
43677, 
43744, 
43809, 
43869, 
43927, 
43976, 
44022, 
44072, 
44119, 
44168, 
44225, 
44292, 
44372, 
44473, 
44558, 
44615, 
44681, 
44745, 
44805, 
44841, 
44902, 
44956, 
45009, 
45047, 
45093, 
45153, 
45221, 
45289, 
45373, 
45449, 
45517, 
45591, 
45673, 
45763, 
45815, 
45877, 
45945, 
46003, 
46069, 
46115, 
46175, 
46246, 
46330, 
46400, 
46481, 
46540, 
46611, 
46671, 
46749, 
46814, 
46891, 
46942, 
46986, 
47028, 
47074, 
47109, 
47159, 
47224, 
47286, 
47346, 
47394, 
47449, 
47493, 
47538, 
47588, 
47643, 
47701, 
47742, 
47765, 
47798, 
47834, 
47872, 
47904, 
47944, 
47991, 
48041, 
48086, 
48129, 
48183, 
48228, 
48274, 
48354, 
48421, 
48478, 
48550, 
48613, 
48680, 
48744, 
48812, 
48890, 
48929, 
48991, 
49057, 
49102, 
49154, 
49216, 
49286, 
49359, 
49413, 
49490, 
49539, 
49600, 
49659, 
49736, 
49831, 
49906, 
50000, 
50086, 
50154, 
50230, 
50284, 
50347, 
50410, 
50474, 
50525, 
50577, 
50639, 
50691, 
50771, 
50839, 
50893, 
50944, 
51015, 
51070, 
51125, 
51187, 
51240, 
51300, 
51369, 
51430, 
51479, 
51548, 
51624, 
51684, 
51743, 
51808, 
51880, 
51948, 
52020, 
52071, 
52125, 
52194, 
52271, 
52341, 
52401, 
52448, 
52507, 
52547, 
52610, 
52655, 
52711, 
52776, 
52840, 
52902, 
52958, 
53008, 
53049, 
53119, 
53171, 
53254, 
53351, 
53418, 
53497, 
53561, 
53655, 
53712, 
53774, 
53858, 
53932, 
53993, 
54066, 
54153, 
54233, 
54322, 
54421, 
54506, 
54615, 
54737, 
54844, 
54934, 
55003, 
55080, 
55166, 
55221, 
55298, 
55366, 
55430, 
55499, 
55597, 
55672, 
55758, 
55864, 
55967, 
56083, 
56182, 
56277, 
56381, 
56511, 
56630, 
56760, 
56888, 
57002, 
57110, 
57210, 
57280, 
57362, 
57452, 
57540, 
57618, 
57713, 
57788, 
57875, 
57971, 
58075, 
58155, 
58245, 
58353, 
58433, 
58535, 
58649, 
58754, 
58865, 
58967, 
59053, 
59135, 
59225, 
59320, 
59404, 
59499, 
59604, 
59705, 
59816, 
59894, 
59969, 
60047, 
60112, 
60206, 
60286, 
60382, 
60464, 
60554, 
60636, 
60723, 
60800, 
60858, 
60931, 
61020, 
61095, 
61161, 
61269, 
61348, 
61427, 
61518, 
61611, 
61687, 
61774, 
61844, 
61923, 
62005, 
62092, 
62161, 
62232, 
62339, 
62419, 
62491, 
62564, 
62642, 
62693, 
62783, 
62879, 
62971, 
63091, 
63191, 
63285, 
63387, 
63498, 
63592, 
63685, 
63781, 
63894, 
64017, 
64108, 
64204, 
64297, 
64389, 
64498, 
64604, 
64706, 
64807, 
64898, 
65020, 
65117, 
65228, 
65347, 
65460, 
65569, 
65666, 
65775, 
65905, 
65998, 
66092, 
66189, 
66280, 
66377, 
66496, 
66609, 
66730, 
66832, 
66937, 
67040, 
67147, 
67247, 
67349, 
67456, 
67544, 
67619, 
67693, 
67757, 
67819, 
67876, 
67948, 
68006, 
68088, 
68185, 
68248, 
