202, 
355, 
453, 
532, 
586, 
631, 
679, 
723, 
778, 
811, 
850, 
891, 
927, 
951, 
980, 
1006, 
1031, 
1053, 
1084, 
1115, 
1155, 
1183, 
1212, 
1234, 
1255, 
1281, 
1306, 
1333, 
1355, 
1383, 
1415, 
1440, 
1470, 
1495, 
1510, 
1541, 
1579, 
1603, 
1640, 
1676, 
1709, 
1731, 
1769, 
1806, 
1839, 
1884, 
1919, 
1954, 
1990, 
2028, 
2064, 
2093, 
2141, 
2168, 
2202, 
2250, 
2289, 
2322, 
2354, 
2387, 
2426, 
2468, 
2487, 
2527, 
2569, 
2604, 
2629, 
2661, 
2696, 
2723, 
2752, 
2792, 
2835, 
2869, 
2912, 
2950, 
2987, 
3027, 
3048, 
3072, 
3106, 
3142, 
3168, 
3200, 
3222, 
3250, 
3288, 
3319, 
3350, 
3376, 
3415, 
3438, 
3461, 
3489, 
3522, 
3547, 
3578, 
3609, 
3634, 
3653, 
3682, 
3719, 
3751, 
3778, 
3797, 
3818, 
3841, 
3870, 
3895, 
3926, 
3952, 
3990, 
4016, 
4035, 
4059, 
4080, 
4102, 
4129, 
4154, 
4172, 
4189, 
4201, 
4219, 
4254, 
4272, 
4298, 
4327, 
4355, 
4367, 
4383, 
4400, 
4429, 
4453, 
4470, 
4490, 
4507, 
4530, 
4553, 
4584, 
4604, 
4633, 
4649, 
4680, 
4714, 
4729, 
4744, 
4761, 
4776, 
4798, 
4816, 
4839, 
4863, 
4882, 
4907, 
4937, 
4965, 
4999, 
5024, 
5050, 
5073, 
5094, 
5117, 
5137, 
5157, 
5181, 
5201, 
5221, 
5251, 
5274, 
5298, 
5321, 
5341, 
5365, 
5393, 
5416, 
5444, 
5473, 
5492, 
5520, 
5539, 
5555, 
5582, 
5603, 
5622, 
5650, 
5674, 
5705, 
5723, 
5752, 
5783, 
5804, 
5831, 
5860, 
5886, 
5913, 
5934, 
5958, 
5981, 
6006, 
6029, 
6049, 
6079, 
6106, 
6127, 
6139, 
6156, 
6185, 
6212, 
6235, 
6259, 
6290, 
6315, 
6342, 
6369, 
6383, 
6416, 
6428, 
6448, 
6476, 
6498, 
6529, 
6542, 
6559, 
6592, 
6608, 
6631, 
6648, 
6673, 
6697, 
6722, 
6749, 
6773, 
6797, 
6828, 
6850, 
6876, 
6898, 
6919, 
6933, 
6951, 
6963, 
6979, 
7005, 
7027, 
7054, 
7085, 
7134, 
7155, 
7189, 
7218, 
7244, 
7271, 
7299, 
7331, 
7358, 
7384, 
7397, 
7411, 
7431, 
7453, 
7479, 
7493, 
7528, 
7561, 
7589, 
7609, 
7635, 
7661, 
7678, 
7706, 
7735, 
7753, 
7774, 
7800, 
7818, 
7836, 
7857, 
7874, 
7893, 
7905, 
7924, 
7935, 
7949, 
7977, 
8016, 
8045, 
8079, 
8113, 
8138, 
8172, 
8201, 
8230, 
8252, 
8294, 
8313, 
8332, 
8348, 
8368, 
8399, 
8425, 
8452, 
8481, 
8523, 
8553, 
8577, 
8599, 
8622, 
8642, 
8662, 
8691, 
8708, 
8726, 
8749, 
8786, 
8807, 
8841, 
8883, 
8915, 
8953, 
8978, 
9003, 
9028, 
9064, 
9092, 
9112, 
9136, 
9166, 
9185, 
9203, 
9222, 
9239, 
9252, 
9261, 
9271, 
9283, 
9299, 
9307, 
9313, 
9323, 
9327, 
9337, 
9346, 
9352, 
9356, 
9358, 
9361, 
9365, 
9369, 
9373, 
9373, 
9374, 
9376, 
9378, 
9382, 
9383, 
9383, 
9383, 
9383, 
9383, 
9388, 
9389, 
9389, 
9389, 
9389, 
9391, 
9391, 
9391, 
9392, 
9393, 
9393, 
9393, 
9393, 
9395, 
9395, 
9397, 
9399, 
9399, 
9399, 
9399, 
9401, 
9402, 
9403, 
9403, 
9403, 
9405, 
9405, 
9406, 
9407, 
9407, 
9408, 
9409, 
9409, 
9409, 
9409, 
9415, 
9415, 
9415, 
9416, 
9417, 
9417, 
9417, 
9419, 
9423, 
9426, 
9427, 
9427, 
9427, 
9427, 
9429, 
9431, 
9432, 
9433, 
9433, 
9433, 
9437, 
9441, 
9444, 
9446, 
9447, 
9451, 
9452, 
9452, 
9453, 
9457, 
9459, 
9460, 
9463, 
9463, 
9464, 
9466, 
9469, 
9472, 
9474, 
9477, 
9478, 
9483, 
9483, 
9484, 
9485, 
9485, 
9487, 
9487, 
9487, 
9488, 
9489, 
9491, 
9491, 
9491, 
9491, 
9491, 
9491, 
9491, 
9491, 
9491, 
9492, 
9492, 
9492, 
9495, 
9496, 
9499, 
9499, 
9500, 
9502, 
9503, 
9504, 
9506, 
9507, 
9508, 
9509, 
9509, 
9509, 
9511, 
9513, 
9513, 
9515, 
9517, 
9518, 
9519, 
9519, 
9520, 
9524, 
9525, 
9525, 
9525, 
9525, 
9525, 
9525, 
9525, 
9525, 
9527, 
9531, 
9533, 
9538, 
9542, 
9544, 
9547, 
9547, 
9547, 
9548, 
9549, 
9549, 
9550, 
9553, 
9555, 
9556, 
9557, 
9560, 
9562, 
9567, 
9571, 
9576, 
9577, 
9581, 
9587, 
9591, 
9592, 
9595, 
9595, 
9595, 
9595, 
9596, 
9597, 
9597, 
9597, 
9597, 
9600, 
9603, 
9605, 
9607, 
9609, 
9611, 
9615, 
9615, 
9618, 
9624, 
9624, 
9625, 
9625, 
9626, 
9629, 
9632, 
9633, 
9634, 
9638, 
9639, 
9639, 
9640, 
9640, 
9641, 
9641, 
9641, 
9642, 
9643, 
9645, 
9648, 
9649, 
9649, 
9649, 
9649, 
9649, 
9652, 
9653, 
9653, 
9653, 
9655, 
9655, 
9655, 
9655, 
9655, 
9655, 
9655, 
9656, 
9658, 
9658, 
9663, 
9667, 
9677, 
9680, 
9681, 
9682, 
9683, 
9686, 
9690, 
9691, 
9691, 
9692, 
9692, 
9692, 
9697, 
9699, 
9700, 
9700, 
9700, 
9702, 
9704, 
9705, 
9705, 
9707, 
9707, 
9709, 
9710, 
9711, 
9715, 
9715, 
9715, 
9715, 
9715, 
9716, 
9717, 
9718, 
9720, 
9720, 
9721, 
9722, 
9723, 
9725, 
9727, 
9728, 
9729, 
9729, 
9731, 
9731, 
9731, 
9732, 
9735, 
9736, 
9738, 
9740, 
9743, 
9743, 
9744, 
9746, 
9747, 
9747, 
9748, 
9748, 
9752, 
9753, 
9753, 
9754, 
9755, 
9755, 
9755, 
9759, 
9760, 
9761, 
9761, 
9761, 
9762, 
9763, 
9764, 
9765, 
9765, 
9765, 
9765, 
9767, 
9768, 
9771, 
9771, 
9772, 
9774, 
9774, 
9776, 
9778, 
9782, 
9783, 
9786, 
9787, 
9787, 
9787, 
9789, 
9789, 
9789, 
9789, 
9789, 
9789, 
9790, 
9791, 
9793, 
9793, 
9793, 
9794, 
9796, 
9797, 
9797, 
9797, 
9799, 
9799, 
9800, 
9800, 
9802, 
9804, 
9805, 
9810, 
9811, 
9815, 
9816, 
9817, 
9817, 
9817, 
9817, 
9817, 
9817, 
9817, 
9817, 
9818, 
9819, 
9819, 
9820, 
9821, 
9823, 
9823, 
9829, 
9833, 
9833, 
9833, 
9835, 
9837, 
9844, 
9846, 
9846, 
9846, 
9847, 
9848, 
9848, 
9849, 
9849, 
9851, 
9854, 
9855, 
9855, 
9855, 
9856, 
9857, 
9857, 
9858, 
9859, 
9859, 
9859, 
9859, 
9859, 
9859, 
9861, 
9863, 
9865, 
9868, 
9869, 
9870, 
9871, 
9871, 
9871, 
9875, 
9875, 
9875, 
9877, 
9877, 
9879, 
9880, 
9881, 
9881, 
9882, 
9884, 
9889, 
9889, 
9889, 
9891, 
9892, 
9893, 
9893, 
9893, 
9894, 
9895, 
9896, 
9901, 
9903, 
9903, 
9903, 
9903, 
9903, 
9904, 
9904, 
9905, 
9908, 
9911, 
9913, 
9913, 
9914, 
9916, 
9920, 
9921, 
9924, 
9926, 
9929, 
9931, 
9933, 
9935, 
9937, 
9938, 
9939, 
9941, 
9941, 
9943, 
9943, 
9943, 
9943, 
9943, 
9945, 
9945, 
9947, 
9950, 
9951, 
9952, 
9956, 
9959, 
9959, 
9959, 
9960, 
9962, 
9963, 
9963, 
9965, 
9966, 
9967, 
9969, 
9974, 
9980, 
9983, 
9983, 
9984, 
9984, 
9986, 
9988, 
9990, 
9990, 
9991, 
9992, 
9999, 
10002, 
10003, 
10003, 
10005, 
10006, 
10009, 
10009, 
10009, 
10009, 
10010, 
10013, 
10014, 
10017, 
10017, 
10017, 
10018, 
10019, 
10020, 
10022, 
10023, 
10024, 
10025, 
10026, 
10028, 
10028, 
10028, 
10031, 
10032, 
10032, 
10032, 
10033, 
10037, 
10037, 
10039, 
10041, 
10043, 
10043, 
10044, 
10046, 
10047, 
10047, 
10047, 
10047, 
10047, 
10047, 
10049, 
10053, 
10053, 
10053, 
10053, 
10053, 
10054, 
10055, 
10056, 
10057, 
10057, 
10057, 
10057, 
10057, 
10059, 
10059, 
10059, 
10059, 
10061, 
10065, 
10066, 
10068, 
10069, 
10070, 
10072, 
10073, 
10073, 
10077, 
10077, 
10077, 
10077, 
10078, 
10080, 
10084, 
10085, 
10085, 
10089, 
10089, 
10090, 
10091, 
10091, 
10091, 
10092, 
10093, 
10094, 
10095, 
10095, 
10097, 
10097, 
10097, 
10097, 
10097, 
10097, 
10097, 
10097, 
10098, 
10100, 
10101, 
10106, 
10106, 
10107, 
10107, 
10108, 
10110, 
10111, 
10111, 
10113, 
10113, 
10113, 
10113, 
10115, 
10115, 
10117, 
10117, 
10117, 
10117, 
10117, 
10119, 
10122, 
10122, 
10122, 
10123, 
10123, 
10123, 
10123, 
10123, 
10125, 
10125, 
10125, 
10125, 
10125, 
10125, 
10127, 
10132, 
10133, 
10133, 
10138, 
10141, 
10141, 
10141, 
10141, 
10141, 
10141, 
10141, 
10141, 
10143, 
10143, 
10144, 
10146, 
10147, 
10147, 
10149, 
10150, 
10151, 
10151, 
10152, 
10154, 
10155, 
10155, 
