264, 
479, 
651, 
859, 
1042, 
1209, 
1394, 
1555, 
1704, 
1880, 
2058, 
2246, 
2411, 
2583, 
2755, 
2941, 
3125, 
3294, 
3481, 
3665, 
3844, 
4026, 
4189, 
4368, 
4507, 
4683, 
4880, 
5041, 
5202, 
5375, 
5543, 
5718, 
5873, 
5998, 
6141, 
6338, 
6510, 
6675, 
6827, 
6997, 
7187, 
7361, 
7537, 
7708, 
7846, 
7978, 
8120, 
8283, 
8436, 
8583, 
8769, 
8953, 
9107, 
9287, 
9441, 
9637, 
9822, 
10021, 
10190, 
10343, 
10526, 
10679, 
10839, 
11007, 
11189, 
11354, 
11538, 
11710, 
11897, 
12063, 
12215, 
12373, 
12530, 
12674, 
12839, 
13021, 
13195, 
13342, 
13513, 
13666, 
13814, 
13936, 
14067, 
14210, 
14351, 
14502, 
14663, 
14821, 
14968, 
15136, 
15288, 
15445, 
15604, 
15748, 
15895, 
16058, 
16211, 
16351, 
16496, 
16620, 
16765, 
16897, 
17038, 
17202, 
17380, 
17558, 
17737, 
17913, 
18070, 
18219, 
18391, 
18543, 
18708, 
18871, 
19034, 
19199, 
19400, 
19604, 
19776, 
19964, 
20140, 
20313, 
20500, 
20694, 
20875, 
21053, 
21230, 
21387, 
21555, 
21728, 
21914, 
22099, 
22269, 
22400, 
22571, 
22741, 
22907, 
23088, 
23257, 
23441, 
23620, 
23798, 
24000, 
24208, 
24403, 
24586, 
24785, 
24973, 
25152, 
25369, 
25564, 
25743, 
25907, 
26061, 
26221, 
26390, 
26578, 
26743, 
26924, 
27064, 
27235, 
27412, 
27558, 
27729, 
27900, 
28064, 
28211, 
28345, 
28497, 
28662, 
28827, 
29010, 
29177, 
29337, 
29514, 
29662, 
29827, 
29996, 
30173, 
30330, 
30482, 
30634, 
30792, 
30942, 
31089, 
31236, 
31391, 
31548, 
31713, 
31848, 
31992, 
32148, 
32287, 
32406, 
32575, 
32734, 
32876, 
33026, 
33145, 
33305, 
33459, 
33598, 
33759, 
33901, 
34069, 
34250, 
34396, 
34566, 
34744, 
34903, 
35066, 
35214, 
35360, 
35526, 
35687, 
35846, 
36030, 
36216, 
36367, 
36532, 
36705, 
36844, 
36988, 
37148, 
37290, 
37449, 
37612, 
37761, 
37930, 
38102, 
38249, 
38418, 
38568, 
38725, 
38862, 
39010, 
39161, 
39318, 
39480, 
39639, 
39799, 
39961, 
40120, 
40307, 
40494, 
40656, 
40807, 
40980, 
41159, 
41341, 
41563, 
41772, 
41955, 
42120, 
42285, 
42446, 
42625, 
42799, 
42941, 
43104, 
43254, 
43422, 
43567, 
43722, 
43894, 
44078, 
44230, 
44396, 
44581, 
44759, 
44935, 
45083, 
45251, 
45423, 
45587, 
45782, 
45983, 
46153, 
46322, 
46498, 
46692, 
46864, 
47046, 
47218, 
47387, 
47576, 
47775, 
47951, 
48106, 
48272, 
48439, 
48612, 
48788, 
48935, 
49086, 
49237, 
49405, 
49573, 
49747, 
49913, 
50092, 
50258, 
50442, 
50617, 
50784, 
50952, 
51122, 
51298, 
51478, 
51665, 
51865, 
52024, 
52213, 
52386, 
52557, 
52740, 
52928, 
53108, 
53285, 
53486, 
53677, 
53857, 
54036, 
54202, 
54346, 
54518, 
54683, 
54861, 
55036, 
55204, 
55360, 
55514, 
55694, 
55846, 
56001, 
56171, 
56355, 
56520, 
56684, 
56837, 
57012, 
57173, 
57320, 
57479, 
57632, 
57781, 
57917, 
58069, 
58228, 
58385, 
58571, 
58742, 
58909, 
59077, 
59251, 
59445, 
59602, 
59771, 
59933, 
60074, 
60200, 
60341, 
60486, 
60633, 
60761, 
60885, 
61024, 
61167, 
61312, 
61467, 
61625, 
61751, 
61873, 
62005, 
62142, 
62314, 
62492, 
62629, 
62816, 
63018, 
63211, 
63405, 
63593, 
63768, 
63935, 
64096, 
64258, 
64448, 
64603, 
64755, 
64929, 
65093, 
65249, 
65417, 
65555, 
65692, 
65863, 
66005, 
66155, 
66293, 
66444, 
66592, 
66728, 
66866, 
67013, 
67184, 
67326, 
67508, 
67662, 
67839, 
68001, 
68172, 
68354, 
68506, 
68659, 
68823, 
69007, 
69205, 
69394, 
69565, 
69735, 
69931, 
70112, 
70308, 
70484, 
70654, 
70820, 
70989, 
71192, 
71365, 
71534, 
71692, 
71880, 
72045, 
72198, 
72367, 
72560, 
72735, 
72902, 
73071, 
73253, 
73430, 
73594, 
73772, 
73938, 
74117, 
74275, 
74427, 
74602, 
74785, 
74987, 
75151, 
75364, 
75554, 
75739, 
75921, 
76107, 
76272, 
76447, 
76631, 
76832, 
77036, 
77212, 
77375, 
77560, 
77726, 
77880, 
78027, 
78183, 
78358, 
78559, 
78744, 
78907, 
79050, 
79208, 
79371, 
79519, 
79661, 
79803, 
79916, 
80060, 
80214, 
80364, 
80551, 
80715, 
80901, 
81081, 
81283, 
81485, 
81667, 
81829, 
82010, 
82196, 
82388, 
82570, 
82766, 
82934, 
83127, 
83309, 
83489, 
83644, 
83850, 
84028, 
84208, 
84406, 
84564, 
84720, 
84891, 
85063, 
85231, 
85383, 
85547, 
85729, 
85937, 
86127, 
86313, 
86503, 
86667, 
86812, 
86975, 
87123, 
87271, 
87429, 
87569, 
87747, 
87921, 
88079, 
88268, 
88429, 
88603, 
88767, 
88930, 
89101, 
89270, 
89421, 
89586, 
89751, 
89941, 
90108, 
90272, 
90426, 
90595, 
90771, 
90950, 
91154, 
91344, 
91493, 
91646, 
91794, 
91981, 
92142, 
92317, 
92476, 
92657, 
92841, 
93024, 
93151, 
93310, 
93489, 
93659, 
93810, 
93991, 
94151, 
94321, 
94510, 
94696, 
94856, 
95017, 
95188, 
95348, 
95512, 
95658, 
95802, 
95937, 
96088, 
96223, 
96370, 
96545, 
96727, 
96923, 
97110, 
97256, 
97420, 
97575, 
97712, 
97865, 
98035, 
98201, 
98369, 
98521, 
98658, 
98793, 
98952, 
99098, 
99282, 
99475, 
99669, 
99860, 
100030, 
100184, 
100356, 
100521, 
100686, 
100884, 
101050, 
101202, 
101368, 
101553, 
101751, 
101922, 
102088, 
102267, 
102429, 
102621, 
102796, 
102983, 
103151, 
103314, 
103498, 
103670, 
103839, 
103981, 
104141, 
104288, 
104447, 
104626, 
104802, 
104964, 
105130, 
105263, 
105412, 
105566, 
105729, 
105912, 
106088, 
106253, 
106413, 
106575, 
106710, 
106860, 
107014, 
107142, 
107313, 
107481, 
107636, 
107790, 
107973, 
108146, 
108301, 
108454, 
108620, 
108801, 
108964, 
109145, 
109321, 
109495, 
109648, 
109823, 
109985, 
110125, 
110281, 
110434, 
110582, 
110738, 
110908, 
111062, 
111211, 
111391, 
111549, 
111713, 
111896, 
112040, 
112202, 
112369, 
112517, 
112648, 
112788, 
112931, 
113071, 
113229, 
113384, 
113532, 
113654, 
113799, 
113952, 
114094, 
114243, 
114422, 
114585, 
114746, 
114939, 
115131, 
115336, 
115507, 
115675, 
115838, 
116024, 
116208, 
116371, 
116548, 
116700, 
116881, 
117082, 
117252, 
117426, 
117598, 
117775, 
117934, 
118088, 
118268, 
118444, 
118620, 
118774, 
118920, 
119103, 
119273, 
119421, 
119583, 
119756, 
119915, 
120065, 
120203, 
120358, 
120518, 
120695, 
120854, 
121033, 
121214, 
121407, 
121603, 
121800, 
121999, 
122197, 
122385, 
122570, 
122739, 
122908, 
123068, 
123220, 
123371, 
123528, 
123702, 
123848, 
124006, 
124156, 
124319, 
124508, 
124660, 
124830, 
125001, 
125163, 
125324, 
125500, 
125675, 
125876, 
126057, 
126251, 
126429, 
126572, 
126707, 
126888, 
127082, 
127257, 
127425, 
127620, 
127796, 
127986, 
128166, 
128335, 
128474, 
128599, 
128770, 
128935, 
129087, 
129260, 
129447, 
129639, 
129825, 
130024, 
130199, 
130358, 
130514, 
130689, 
130854, 
131028, 
131211, 
131404, 
131590, 
131774, 
131961, 
132149, 
132333, 
132525, 
132714, 
132872, 
133039, 
133211, 
133365, 
133538, 
133701, 
133872, 
134058, 
134227, 
134369, 
134550, 
134704, 
134848, 
135014, 
135167, 
135322, 
135512, 
135687, 
135826, 
135972, 
136120, 
136283, 
136446, 
136636, 
136813, 
136990, 
137154, 
137335, 
137491, 
137659, 
137828, 
138001, 
138175, 
138341, 
138513, 
138686, 
138878, 
139057, 
139239, 
139409, 
139581, 
139742, 
139918, 
140111, 
140286, 
140475, 
140646, 
140817, 
140991, 
141169, 
141334, 
141499, 
141665, 
141816, 
141975, 
142181, 
142351, 
142529, 
142719, 
142899, 
143086, 
143250, 
143394, 
143566, 
143704, 
143848, 
144002, 
144164, 
144310, 
144468, 
144654, 
144828, 
144994, 
145137, 
145289, 
145451, 
145602, 
145779, 
145936, 
146106, 
146283, 
146479, 
146637, 
146781, 
146953, 
147126, 
147269, 
147445, 
147611, 
147746, 
147884, 
148008, 
148161, 
148288, 
148451, 
148606, 
148755, 
148889, 
149061, 
149232, 
149390, 
149547, 
149722, 
149856, 
150014, 
150180, 
150348, 
150511, 
150676, 
150836, 
150967, 
151118, 
151287, 
151448, 
151617, 
151798, 
151969, 
152150, 
152332, 
152522, 
152692, 
152872, 
153061, 
153256, 
153436, 
153624, 
153810, 
153977, 
154134, 
154285, 
154454, 
154636, 
154832, 
155009, 
155168, 
155328, 
155478, 
155622, 
155771, 
155931, 
156119, 
156260, 
156429, 
156592, 
156749, 
156925, 
157082, 
157263, 
157447, 
157639, 
157810, 
157993, 
158147, 
158315, 
158475, 
158649, 
158790, 
158940, 
159113, 
159246, 
159389, 
159541, 
159707, 
159867, 
160016, 
160149, 
160321, 
160493, 
160641, 
160805, 
160951, 
161114, 
161287, 
161473, 
161653, 
161801, 
161984, 
162137, 
162280, 
162438, 
162628, 
162809, 
162964, 
163134, 
163325, 
163487, 
163654, 
163829, 
164009, 
164206, 
164364, 
164541, 
164706, 
164862, 
165050, 
165243, 
165435, 
165604, 
165768, 
165943, 
166122, 
166334, 
166515, 
166692, 
166881, 
167056, 
167243, 
