196, 
347, 
466, 
556, 
637, 
714, 
800, 
889, 
968, 
1053, 
1114, 
1170, 
1232, 
1304, 
1375, 
1424, 
1475, 
1520, 
1567, 
1611, 
1663, 
1705, 
1755, 
1792, 
1829, 
1870, 
1916, 
1958, 
2005, 
2036, 
2083, 
2136, 
2171, 
2218, 
2270, 
2324, 
2365, 
2401, 
2447, 
2491, 
2545, 
2588, 
2640, 
2681, 
2719, 
2773, 
2819, 
2862, 
2906, 
2947, 
2994, 
3037, 
3078, 
3114, 
3159, 
3231, 
3292, 
3350, 
3386, 
3427, 
3464, 
3502, 
3542, 
3586, 
3633, 
3661, 
3687, 
3726, 
3765, 
3808, 
3859, 
3905, 
3970, 
4030, 
4092, 
4154, 
4230, 
4302, 
4367, 
4423, 
4483, 
4529, 
4577, 
4613, 
4665, 
4707, 
4740, 
4783, 
4826, 
4865, 
4904, 
4948, 
4990, 
5029, 
5063, 
5107, 
5164, 
5212, 
5266, 
5322, 
5372, 
5413, 
5465, 
5511, 
5565, 
5631, 
5693, 
5758, 
5808, 
5866, 
5918, 
5976, 
6041, 
6098, 
6152, 
6200, 
6264, 
6331, 
6377, 
6434, 
6475, 
6529, 
6583, 
6643, 
6705, 
6765, 
6818, 
6875, 
6932, 
6987, 
7035, 
7079, 
7126, 
7182, 
7229, 
7287, 
7339, 
7386, 
7437, 
7483, 
7535, 
7590, 
7637, 
7689, 
7740, 
7796, 
7853, 
7889, 
7940, 
7979, 
8019, 
8064, 
8126, 
8161, 
8192, 
8238, 
8276, 
8322, 
8362, 
8407, 
8443, 
8476, 
8509, 
8549, 
8600, 
8641, 
8686, 
8735, 
8782, 
8846, 
8897, 
8939, 
8993, 
9047, 
9097, 
9156, 
9218, 
9255, 
9296, 
9332, 
9378, 
9416, 
9466, 
9526, 
9585, 
9627, 
9674, 
9710, 
9747, 
9789, 
9835, 
9883, 
9939, 
9987, 
10041, 
10094, 
10153, 
10198, 
10259, 
10314, 
10379, 
10435, 
10484, 
10538, 
10584, 
10631, 
10679, 
10743, 
10803, 
10869, 
10933, 
10993, 
11057, 
11118, 
11175, 
11212, 
11281, 
11325, 
11362, 
11420, 
11487, 
11547, 
11603, 
11661, 
11708, 
11772, 
11832, 
11888, 
11938, 
11985, 
12034, 
12092, 
12147, 
12208, 
12259, 
12301, 
12357, 
12406, 
12452, 
12498, 
12552, 
12611, 
12687, 
12731, 
12796, 
12856, 
12912, 
12984, 
13035, 
13079, 
13138, 
13199, 
13261, 
13319, 
13376, 
13425, 
13470, 
13516, 
13559, 
13611, 
13675, 
13726, 
13773, 
13822, 
13864, 
13915, 
13958, 
14000, 
14055, 
14121, 
14175, 
14230, 
14286, 
14357, 
14408, 
14458, 
14506, 
14550, 
14588, 
14633, 
14689, 
14743, 
14797, 
14839, 
14921, 
14981, 
15033, 
15081, 
15125, 
15170, 
15214, 
15275, 
15330, 
15384, 
15431, 
15464, 
15494, 
15536, 
15587, 
15633, 
15691, 
15740, 
15806, 
15862, 
15908, 
15963, 
16026, 
16080, 
16135, 
16198, 
16253, 
16316, 
16385, 
16427, 
16473, 
16508, 
16559, 
16606, 
16640, 
16689, 
16731, 
16768, 
16802, 
16843, 
16890, 
16934, 
16981, 
17003, 
17047, 
17075, 
17111, 
17145, 
17194, 
17228, 
17257, 
17291, 
17328, 
17362, 
17390, 
17425, 
17455, 
17484, 
17525, 
17560, 
17605, 
17640, 
17685, 
17720, 
17751, 
17786, 
17819, 
17849, 
17882, 
17916, 
17932, 
17959, 
17989, 
17999, 
18013, 
18025, 
18049, 
18071, 
18088, 
18099, 
18106, 
18111, 
18121, 
18138, 
18147, 
18150, 
18156, 
18162, 
18164, 
18170, 
18176, 
18184, 
18193, 
18195, 
18199, 
18203, 
18216, 
18229, 
18238, 
18239, 
18249, 
18266, 
18283, 
18300, 
18310, 
18315, 
18325, 
18335, 
18342, 
18345, 
18356, 
18367, 
18372, 
18386, 
18401, 
18409, 
18422, 
18431, 
18437, 
18445, 
18452, 
18470, 
18480, 
18491, 
18500, 
18514, 
18530, 
18545, 
18565, 
18578, 
18595, 
18610, 
18623, 
18632, 
18649, 
18659, 
18662, 
18672, 
18692, 
18701, 
18710, 
18717, 
18725, 
18735, 
18745, 
18752, 
18769, 
18787, 
18804, 
18817, 
18823, 
18828, 
18837, 
18849, 
18853, 
18871, 
18890, 
18901, 
18912, 
18926, 
18939, 
18948, 
18962, 
18972, 
18977, 
18990, 
19002, 
19012, 
19025, 
19035, 
19054, 
19066, 
19078, 
19086, 
19105, 
19108, 
19118, 
19131, 
19136, 
19147, 
19150, 
19156, 
19159, 
19170, 
19184, 
19197, 
19210, 
19220, 
19230, 
19237, 
19240, 
19244, 
19251, 
19262, 
19266, 
19277, 
19289, 
19297, 
19306, 
19317, 
19331, 
19342, 
19359, 
19371, 
19386, 
19400, 
19428, 
19439, 
19452, 
19461, 
19467, 
19481, 
19496, 
19504, 
19511, 
19521, 
19533, 
19539, 
19543, 
19549, 
19554, 
19565, 
19577, 
19589, 
19593, 
19600, 
19605, 
19613, 
19624, 
19637, 
19657, 
19679, 
19697, 
19714, 
19736, 
19749, 
19765, 
19776, 
19788, 
19806, 
19822, 
19831, 
19843, 
19852, 
19863, 
19870, 
19875, 
19891, 
19902, 
19918, 
19924, 
19931, 
19944, 
19951, 
19961, 
19977, 
19991, 
20014, 
20038, 
20061, 
20071, 
20082, 
20089, 
20110, 
20114, 
20122, 
20135, 
20145, 
20157, 
20164, 
20175, 
20183, 
20192, 
20207, 
20215, 
20222, 
20227, 
20233, 
20238, 
20246, 
20253, 
20269, 
20285, 
20314, 
20326, 
20341, 
20356, 
20366, 
20377, 
20386, 
20392, 
20405, 
20414, 
20423, 
20440, 
20456, 
20479, 
20502, 
20513, 
20531, 
20541, 
20551, 
20561, 
20567, 
20571, 
20579, 
20594, 
20605, 
20616, 
20625, 
20628, 
20632, 
20634, 
20636, 
20638, 
20644, 
20652, 
20658, 
20659, 
20666, 
20674, 
20688, 
20704, 
20711, 
20722, 
20723, 
20731, 
20739, 
20746, 
20753, 
20762, 
20766, 
20772, 
20787, 
20801, 
20816, 
20839, 
20852, 
20865, 
20876, 
20893, 
20907, 
20913, 
20921, 
20926, 
20936, 
20942, 
20959, 
20975, 
21000, 
21015, 
21026, 
21041, 
21056, 
21076, 
21096, 
21114, 
21141, 
21163, 
21181, 
21191, 
21206, 
21220, 
21233, 
21250, 
21266, 
21284, 
21299, 
21310, 
21337, 
21360, 
21375, 
21397, 
21413, 
21427, 
21440, 
21443, 
21447, 
21452, 
21460, 
21474, 
21485, 
21495, 
21506, 
21519, 
21531, 
21543, 
21553, 
21562, 
21568, 
21577, 
21584, 
21590, 
21596, 
21599, 
21610, 
21623, 
21632, 
21636, 
21641, 
21652, 
21667, 
21679, 
21694, 
21701, 
21706, 
21712, 
21719, 
21726, 
21735, 
21741, 
21753, 
21768, 
21780, 
21789, 
21797, 
21802, 
21808, 
21817, 
21824, 
21832, 
21843, 
21859, 
21869, 
21879, 
21889, 
21899, 
21905, 
21913, 
21923, 
21933, 
21948, 
21970, 
21982, 
21995, 
22012, 
22026, 
22038, 
22052, 
22071, 
22095, 
22105, 
22116, 
22126, 
22131, 
22139, 
22151, 
22158, 
22167, 
22187, 
22194, 
22206, 
22218, 
22230, 
22251, 
22266, 
22275, 
22289, 
22300, 
22318, 
22331, 
22345, 
22357, 
22378, 
22388, 
22403, 
22412, 
22420, 
22428, 
22437, 
22458, 
22471, 
22485, 
22496, 
22506, 
22515, 
22521, 
22534, 
22546, 
22556, 
22568, 
22575, 
22582, 
22605, 
22616, 
22625, 
22639, 
22647, 
22655, 
22664, 
22673, 
22683, 
22699, 
22706, 
22713, 
22719, 
22736, 
22743, 
22754, 
22768, 
22793, 
22802, 
22814, 
22819, 
22823, 
22827, 
22837, 
22853, 
22863, 
22871, 
22881, 
22885, 
22890, 
22900, 
22913, 
22920, 
22929, 
22937, 
22949, 
22960, 
22968, 
22983, 
22992, 
22998, 
23012, 
23030, 
23039, 
23046, 
23053, 
23058, 
23073, 
23085, 
23094, 
23104, 
23118, 
23129, 
23139, 
23149, 
23160, 
23172, 
23178, 
23188, 
23195, 
23205, 
23215, 
23228, 
23249, 
23265, 
23282, 
23300, 
23307, 
23314, 
23328, 
23340, 
23358, 
23376, 
23386, 
23396, 
23404, 
23413, 
23425, 
23435, 
23444, 
23451, 
23458, 
23463, 
23474, 
23484, 
23498, 
23504, 
23510, 
23511, 
23528, 
23539, 
23545, 
23556, 
23571, 
23576, 
23584, 
23595, 
23611, 
23626, 
23635, 
23639, 
23645, 
23650, 
23663, 
23666, 
23682, 
23694, 
23707, 
23729, 
23751, 
23765, 
23780, 
23799, 
23816, 
23826, 
23844, 
23860, 
23871, 
23886, 
23902, 
23918, 
23938, 
23951, 
23967, 
23982, 
24000, 
24015, 
24024, 
24034, 
24042, 
24065, 
24088, 
24099, 
24117, 
24127, 
24138, 
24153, 
24158, 
24163, 
24172, 
24179, 
24186, 
24212, 
24230, 
24246, 
24260, 
24273, 
24282, 
24295, 
24308, 
24322, 
24330, 
24345, 
24362, 
24371, 
24385, 
24401, 
24409, 
24418, 
24436, 
24445, 
24449, 
24452, 
24456, 
24462, 
24474, 
24498, 
24515, 
24542, 
24555, 
24577, 
24586, 
24592, 
24599, 
24609, 
24617, 
24625, 
24633, 
24637, 
24641, 
24651, 
24664, 
24679, 
24695, 
24703, 
24721, 
24730, 
24735, 
24744, 
24756, 
24767, 
24782, 
24803, 
24809, 
24816, 
24828, 
24839, 
24847, 
24862, 
24877, 
24894, 
24905, 
24923, 
24938, 
24940, 
24944, 
24955, 
24965, 
24971, 
24974, 
24988, 
24993, 
24997, 
25006, 
25013, 
25021, 
25031, 
25049, 
25060, 
25072, 
25079, 
25091, 
25110, 
25120, 
25125, 
25135, 
25163, 
25179, 
25184, 
25195, 
25204, 
25215, 
25228, 
25237, 
