0, 
0, 
2, 
2, 
2, 
2, 
2, 
2, 
2, 
2, 
2, 
2, 
2, 
2, 
2, 
2, 
12, 
12, 
12, 
12, 
12, 
12, 
12, 
12, 
12, 
12, 
12, 
12, 
12, 
12, 
12, 
12, 
12, 
12, 
12, 
12, 
12, 
12, 
12, 
12, 
12, 
14, 
14, 
14, 
14, 
14, 
14, 
14, 
14, 
14, 
14, 
14, 
14, 
14, 
14, 
14, 
14, 
14, 
14, 
16, 
16, 
16, 
22, 
22, 
22, 
22, 
22, 
22, 
22, 
22, 
22, 
22, 
36, 
36, 
36, 
36, 
36, 
36, 
36, 
36, 
42, 
42, 
42, 
42, 
42, 
42, 
42, 
43, 
44, 
44, 
44, 
44, 
44, 
44, 
44, 
44, 
44, 
44, 
44, 
44, 
44, 
44, 
44, 
44, 
44, 
44, 
44, 
44, 
44, 
44, 
44, 
44, 
46, 
46, 
46, 
46, 
46, 
46, 
46, 
46, 
46, 
46, 
48, 
48, 
48, 
56, 
56, 
58, 
58, 
58, 
58, 
78, 
78, 
78, 
78, 
78, 
78, 
82, 
82, 
82, 
82, 
82, 
82, 
82, 
82, 
82, 
82, 
82, 
82, 
82, 
82, 
82, 
82, 
82, 
82, 
82, 
82, 
82, 
82, 
88, 
88, 
88, 
90, 
90, 
100, 
100, 
100, 
100, 
100, 
102, 
102, 
102, 
110, 
110, 
122, 
132, 
132, 
132, 
132, 
132, 
132, 
132, 
132, 
132, 
132, 
132, 
132, 
138, 
142, 
142, 
142, 
142, 
142, 
142, 
142, 
142, 
142, 
144, 
144, 
146, 
146, 
146, 
146, 
146, 
146, 
146, 
150, 
150, 
150, 
150, 
150, 
150, 
150, 
150, 
150, 
150, 
150, 
150, 
150, 
150, 
150, 
150, 
152, 
152, 
152, 
152, 
152, 
152, 
152, 
156, 
156, 
156, 
156, 
156, 
156, 
156, 
156, 
156, 
156, 
156, 
156, 
156, 
156, 
166, 
166, 
166, 
166, 
169, 
170, 
170, 
170, 
170, 
170, 
170, 
182, 
182, 
186, 
186, 
186, 
186, 
186, 
186, 
186, 
186, 
186, 
186, 
186, 
186, 
186, 
188, 
198, 
198, 
202, 
202, 
202, 
210, 
210, 
210, 
210, 
210, 
210, 
210, 
210, 
210, 
210, 
210, 
210, 
212, 
217, 
220, 
220, 
226, 
226, 
226, 
236, 
236, 
236, 
236, 
238, 
238, 
238, 
238, 
238, 
238, 
238, 
238, 
238, 
238, 
238, 
238, 
238, 
238, 
238, 
238, 
238, 
238, 
238, 
238, 
238, 
238, 
238, 
238, 
238, 
238, 
238, 
238, 
238, 
238, 
238, 
238, 
238, 
238, 
242, 
242, 
248, 
250, 
250, 
262, 
262, 
262, 
262, 
262, 
262, 
262, 
262, 
262, 
262, 
262, 
262, 
262, 
262, 
262, 
262, 
262, 
262, 
262, 
262, 
262, 
264, 
264, 
264, 
264, 
264, 
264, 
264, 
264, 
264, 
270, 
270, 
270, 
270, 
280, 
280, 
286, 
286, 
286, 
286, 
288, 
288, 
292, 
292, 
292, 
292, 
292, 
292, 
292, 
293, 
300, 
300, 
300, 
300, 
300, 
308, 
308, 
308, 
308, 
308, 
308, 
308, 
308, 
312, 
312, 
316, 
316, 
316, 
316, 
316, 
316, 
316, 
316, 
316, 
316, 
320, 
320, 
322, 
322, 
322, 
322, 
322, 
326, 
326, 
326, 
326, 
326, 
326, 
328, 
328, 
328, 
328, 
332, 
332, 
332, 
332, 
332, 
332, 
332, 
332, 
332, 
332, 
332, 
332, 
332, 
340, 
340, 
348, 
348, 
348, 
348, 
348, 
348, 
348, 
352, 
352, 
356, 
356, 
359, 
360, 
360, 
360, 
360, 
362, 
362, 
362, 
372, 
372, 
372, 
372, 
372, 
372, 
372, 
372, 
372, 
372, 
372, 
376, 
380, 
380, 
380, 
380, 
380, 
380, 
380, 
384, 
384, 
384, 
384, 
384, 
384, 
384, 
394, 
394, 
394, 
394, 
394, 
394, 
394, 
394, 
398, 
398, 
398, 
398, 
398, 
404, 
404, 
404, 
404, 
404, 
404, 
404, 
404, 
404, 
404, 
404, 
404, 
404, 
404, 
406, 
406, 
406, 
406, 
406, 
414, 
428, 
434, 
434, 
434, 
434, 
434, 
434, 
434, 
434, 
434, 
434, 
434, 
434, 
434, 
434, 
434, 
434, 
434, 
436, 
438, 
438, 
438, 
438, 
448, 
448, 
448, 
448, 
448, 
448, 
448, 
448, 
448, 
448, 
452, 
454, 
454, 
454, 
454, 
454, 
456, 
456, 
456, 
456, 
456, 
456, 
456, 
456, 
456, 
456, 
456, 
456, 
462, 
462, 
462, 
462, 
462, 
462, 
462, 
462, 
462, 
462, 
464, 
464, 
470, 
470, 
470, 
472, 
476, 
476, 
476, 
476, 
476, 
478, 
478, 
478, 
478, 
478, 
478, 
478, 
478, 
482, 
482, 
482, 
482, 
482, 
482, 
482, 
484, 
484, 
484, 
484, 
484, 
484, 
484, 
484, 
484, 
490, 
490, 
490, 
496, 
496, 
496, 
496, 
496, 
496, 
496, 
496, 
496, 
498, 
498, 
498, 
498, 
498, 
498, 
498, 
498, 
498, 
498, 
498, 
498, 
498, 
498, 
498, 
498, 
498, 
498, 
498, 
498, 
522, 
522, 
522, 
522, 
522, 
522, 
522, 
522, 
522, 
522, 
524, 
524, 
524, 
524, 
524, 
524, 
524, 
524, 
524, 
524, 
524, 
524, 
524, 
524, 
524, 
524, 
524, 
524, 
524, 
524, 
524, 
524, 
524, 
524, 
524, 
524, 
524, 
524, 
526, 
526, 
526, 
526, 
526, 
526, 
526, 
532, 
532, 
532, 
532, 
532, 
532, 
532, 
532, 
532, 
532, 
532, 
546, 
550, 
550, 
550, 
550, 
556, 
556, 
556, 
556, 
556, 
556, 
556, 
556, 
556, 
556, 
556, 
556, 
556, 
556, 
556, 
556, 
556, 
556, 
558, 
558, 
558, 
558, 
558, 
558, 
558, 
558, 
558, 
558, 
558, 
560, 
560, 
560, 
560, 
560, 
564, 
570, 
570, 
570, 
572, 
572, 
572, 
572, 
572, 
572, 
572, 
572, 
572, 
572, 
572, 
586, 
586, 
586, 
586, 
586, 
586, 
586, 
586, 
586, 
586, 
586, 
586, 
586, 
586, 
586, 
586, 
586, 
586, 
586, 
586, 
586, 
586, 
586, 
586, 
586, 
586, 
598, 
598, 
598, 
598, 
598, 
598, 
598, 
598, 
600, 
600, 
600, 
600, 
600, 
600, 
600, 
600, 
600, 
600, 
600, 
604, 
604, 
604, 
604, 
606, 
606, 
614, 
614, 
614, 
614, 
614, 
614, 
614, 
614, 
614, 
614, 
614, 
618, 
618, 
618, 
618, 
618, 
618, 
622, 
626, 
628, 
628, 
628, 
628, 
628, 
628, 
644, 
644, 
650, 
656, 
658, 
658, 
658, 
658, 
658, 
658, 
658, 
658, 
658, 
658, 
658, 
658, 
658, 
658, 
658, 
660, 
660, 
660, 
660, 
660, 
660, 
660, 
660, 
660, 
660, 
660, 
660, 
660, 
664, 
664, 
664, 
664, 
664, 
692, 
692, 
692, 
692, 
692, 
692, 
692, 
692, 
698, 
710, 
710, 
710, 
710, 
710, 
710, 
710, 
710, 
710, 
710, 
710, 
710, 
710, 
710, 
710, 
710, 
710, 
710, 
710, 
710, 
710, 
710, 
710, 
710, 
710, 
710, 
710, 
710, 
710, 
710, 
718, 
718, 
718, 
718, 
718, 
718, 
718, 
718, 
718, 
718, 
718, 
718, 
718, 
718, 
718, 
718, 
718, 
718, 
718, 
718, 
718, 
718, 
718, 
718, 
718, 
718, 
724, 
724, 
724, 
724, 
724, 
728, 
728, 
728, 
728, 
728, 
728, 
728, 
728, 
728, 
728, 
728, 
728, 
728, 
728, 
728, 
728, 
728, 
730, 
734, 
734, 
734, 
734, 
752, 
752, 
752, 
752, 
752, 
752, 
752, 
752, 
752, 
752, 
752, 
752, 
752, 
754, 
754, 
754, 
754, 
754, 
754, 
754, 
754, 
754, 
754, 
754, 
754, 
754, 
754, 
774, 
774, 
780, 
780, 
780, 
780, 
784, 
784, 
784, 
