219, 
397, 
548, 
667, 
780, 
889, 
1006, 
1139, 
1263, 
1378, 
1490, 
1614, 
1754, 
1902, 
2042, 
2168, 
2304, 
2431, 
2540, 
2663, 
2800, 
2906, 
2985, 
3074, 
3165, 
3256, 
3366, 
3463, 
3559, 
3658, 
3772, 
3870, 
3973, 
4082, 
4192, 
4313, 
4425, 
4550, 
4669, 
4782, 
4900, 
5021, 
5146, 
5290, 
5413, 
5539, 
5660, 
5782, 
5903, 
6038, 
6167, 
6303, 
6435, 
6570, 
6699, 
6850, 
6965, 
7042, 
7147, 
7251, 
7364, 
7474, 
7598, 
7710, 
7836, 
7941, 
8030, 
8112, 
8184, 
8257, 
8338, 
8414, 
8495, 
8599, 
8695, 
8788, 
8890, 
9005, 
9102, 
9224, 
9343, 
9441, 
9535, 
9609, 
9692, 
9786, 
9879, 
9957, 
10036, 
10114, 
10206, 
10294, 
10384, 
10497, 
10627, 
10740, 
10824, 
10913, 
11003, 
11087, 
11173, 
11271, 
11393, 
11502, 
11576, 
11672, 
11767, 
11855, 
11954, 
12054, 
12154, 
12252, 
12337, 
12430, 
12542, 
12673, 
12799, 
12926, 
13033, 
13140, 
13248, 
13347, 
13434, 
13536, 
13669, 
13792, 
13930, 
14027, 
14128, 
14241, 
14357, 
14478, 
14614, 
14737, 
14844, 
14934, 
15028, 
15134, 
15231, 
15330, 
15444, 
15540, 
15636, 
15747, 
15856, 
15937, 
16003, 
16084, 
16187, 
16296, 
16429, 
16561, 
16673, 
16791, 
16908, 
17054, 
17181, 
17300, 
17437, 
17568, 
17675, 
17776, 
17847, 
17929, 
18031, 
18147, 
18241, 
18349, 
18440, 
18538, 
18628, 
18708, 
18822, 
18944, 
19061, 
19210, 
19331, 
19439, 
19545, 
19696, 
19838, 
19994, 
20114, 
20231, 
20360, 
20474, 
20583, 
20698, 
20809, 
20913, 
21003, 
21118, 
21233, 
21336, 
21451, 
21574, 
21683, 
21813, 
21946, 
22084, 
22180, 
22270, 
22358, 
22467, 
22577, 
22699, 
22838, 
22965, 
23093, 
23207, 
23325, 
23435, 
23564, 
23705, 
23859, 
23989, 
24095, 
24201, 
24302, 
24416, 
24526, 
24620, 
24722, 
24841, 
24962, 
25096, 
25219, 
25350, 
25477, 
25591, 
25710, 
25824, 
25936, 
26059, 
26169, 
26302, 
26437, 
26561, 
26735, 
26861, 
26978, 
27085, 
27219, 
27337, 
27439, 
27547, 
27638, 
27727, 
27802, 
27899, 
27990, 
28092, 
28217, 
28324, 
28421, 
28512, 
28597, 
28709, 
28831, 
28926, 
29032, 
29139, 
29258, 
29387, 
29485, 
29571, 
29648, 
29730, 
29804, 
29868, 
29943, 
30011, 
30078, 
30143, 
30221, 
30329, 
30415, 
30511, 
30603, 
30690, 
30780, 
30862, 
30957, 
31071, 
31185, 
31290, 
31384, 
31483, 
31563, 
31656, 
31771, 
31880, 
31977, 
32052, 
32124, 
32198, 
32282, 
32363, 
32454, 
32528, 
32595, 
32669, 
32786, 
32916, 
33037, 
33161, 
33277, 
33402, 
33524, 
33649, 
33783, 
33887, 
33987, 
34085, 
34189, 
34287, 
34405, 
34520, 
34636, 
34721, 
34816, 
34924, 
35036, 
35156, 
35279, 
35392, 
35515, 
35648, 
35765, 
35881, 
35992, 
36098, 
36195, 
36291, 
36410, 
36522, 
36635, 
36756, 
36866, 
36969, 
37076, 
37200, 
37314, 
37443, 
37573, 
37707, 
37832, 
37962, 
38075, 
38164, 
38261, 
38358, 
38446, 
38527, 
38626, 
38722, 
38825, 
38948, 
39069, 
39201, 
39311, 
39419, 
39515, 
39624, 
39746, 
39833, 
39930, 
40014, 
40102, 
40208, 
40327, 
40444, 
40588, 
40713, 
40838, 
40978, 
41081, 
41190, 
41305, 
41442, 
41561, 
41686, 
41812, 
41931, 
42050, 
42181, 
42308, 
42452, 
42589, 
42714, 
42845, 
42995, 
43154, 
43292, 
43415, 
43534, 
43646, 
43735, 
43824, 
43916, 
44037, 
44129, 
44220, 
44305, 
44413, 
44515, 
44637, 
44747, 
44852, 
44976, 
45129, 
45252, 
45380, 
45501, 
45611, 
45719, 
45838, 
45931, 
46029, 
46111, 
46203, 
46298, 
46419, 
46535, 
46640, 
46733, 
46801, 
46886, 
46979, 
47099, 
47233, 
47353, 
47465, 
47576, 
47668, 
47751, 
47857, 
47959, 
48072, 
48198, 
48339, 
48474, 
48608, 
48729, 
48889, 
49036, 
49145, 
49282, 
49438, 
49577, 
49689, 
49813, 
49912, 
50005, 
50134, 
50275, 
50445, 
50585, 
50689, 
50793, 
50912, 
51040, 
51163, 
51281, 
51385, 
51492, 
51607, 
51708, 
51834, 
51959, 
52080, 
52196, 
52292, 
52390, 
52488, 
52580, 
52682, 
52770, 
52850, 
52921, 
53012, 
53116, 
53205, 
53289, 
53375, 
53491, 
53617, 
53746, 
53856, 
53964, 
54066, 
54169, 
54277, 
54377, 
54470, 
54552, 
54645, 
54731, 
54850, 
54938, 
55038, 
55157, 
55280, 
55401, 
55503, 
55615, 
55737, 
55882, 
56016, 
56157, 
56281, 
56414, 
56543, 
56657, 
56799, 
56913, 
57013, 
57102, 
57206, 
57340, 
57481, 
57613, 
57746, 
57869, 
58002, 
58124, 
58243, 
58371, 
58485, 
58605, 
58715, 
58836, 
58968, 
59096, 
59235, 
59376, 
59496, 
59600, 
59706, 
59854, 
59980, 
60108, 
60240, 
60357, 
60460, 
60565, 
60689, 
60817, 
60946, 
61059, 
61174, 
61274, 
61379, 
61479, 
61577, 
61710, 
61848, 
61992, 
62132, 
62279, 
62431, 
62563, 
62684, 
62824, 
62945, 
63077, 
63196, 
63324, 
63452, 
63571, 
63688, 
63820, 
63949, 
64091, 
64235, 
64345, 
64446, 
64560, 
64672, 
64804, 
64907, 
65021, 
65138, 
65257, 
65409, 
65530, 
65654, 
65787, 
65906, 
66014, 
66136, 
66248, 
66341, 
66450, 
66587, 
66723, 
66847, 
66957, 
67050, 
67150, 
67254, 
67361, 
67460, 
67573, 
67681, 
67803, 
67901, 
68012, 
68126, 
68230, 
68358, 
68463, 
68567, 
68680, 
68794, 
68921, 
69031, 
69157, 
69262, 
69357, 
69464, 
69572, 
69686, 
69791, 
69882, 
69975, 
70093, 
70237, 
70350, 
70454, 
70561, 
70655, 
70783, 
70925, 
71037, 
71148, 
71263, 
71375, 
71473, 
71549, 
71619, 
71695, 
71776, 
71837, 
71910, 
72001, 
72104, 
72190, 
72259, 
72330, 
72410, 
72497, 
72581, 
72674, 
72750, 
72840, 
72934, 
73042, 
73149, 
73244, 
73380, 
73505, 
73629, 
73742, 
73881, 
74035, 
74184, 
74333, 
74470, 
74612, 
74745, 
74880, 
75005, 
75130, 
75274, 
75413, 
75541, 
75653, 
75780, 
75909, 
76038, 
76151, 
76267, 
76376, 
76489, 
76618, 
76752, 
76875, 
77000, 
77127, 
77227, 
77343, 
77454, 
77575, 
77714, 
77851, 
77970, 
78103, 
78222, 
78340, 
78453, 
78564, 
78689, 
78796, 
78923, 
79041, 
79170, 
79292, 
79389, 
79494, 
79597, 
79690, 
79772, 
79862, 
79956, 
80028, 
80099, 
80180, 
80280, 
80370, 
80450, 
80523, 
80601, 
80679, 
80752, 
80828, 
80910, 
80997, 
81113, 
81240, 
81351, 
81476, 
81640, 
81779, 
81928, 
82054, 
82166, 
82271, 
82396, 
82540, 
82678, 
82810, 
82945, 
83056, 
83152, 
83258, 
83373, 
83501, 
83623, 
83747, 
83851, 
83961, 
84053, 
84142, 
84259, 
84352, 
84432, 
84516, 
84637, 
84756, 
84886, 
85014, 
85138, 
85229, 
85315, 
85429, 
85547, 
85665, 
85797, 
85917, 
86045, 
86172, 
86302, 
86440, 
86540, 
86644, 
86757, 
86885, 
87019, 
87158, 
87305, 
87425, 
87534, 
87638, 
87753, 
87881, 
88009, 
88167, 
88305, 
88452, 
88587, 
88732, 
88868, 
89017, 
89167, 
89311, 
89435, 
89561, 
89681, 
89796, 
89907, 
90030, 
90145, 
90268, 
90391, 
90530, 
90675, 
90811, 
90938, 
91088, 
91199, 
91289, 
91381, 
91495, 
91619, 
91739, 
91866, 
91970, 
92079, 
92177, 
92297, 
92435, 
92545, 
92651, 
92761, 
92870, 
92959, 
93070, 
93157, 
93256, 
93354, 
93457, 
93572, 
93692, 
93799, 
93904, 
94033, 
94167, 
94296, 
94409, 
94525, 
94640, 
94753, 
94854, 
94950, 
95037, 
95138, 
95226, 
95309, 
95405, 
95498, 
95591, 
95693, 
95779, 
95855, 
95930, 
95999, 
96072, 
96152, 
96225, 
96295, 
96354, 
96420, 
96500, 
96581, 
96670, 
96780, 
96901, 
97043, 
97165, 
97265, 
97373, 
97486, 
97640, 
97775, 
97898, 
98039, 
98152, 
98244, 
98330, 
98442, 
98550, 
98645, 
98733, 
98822, 
98909, 
99014, 
99120, 
99217, 
99313, 
99393, 
99470, 
99529, 
99576, 
99641, 
99712, 
99797, 
99894, 
99997, 
100103, 
100192, 
100314, 
100433, 
100565, 
100705, 
100821, 
100927, 
101032, 
101154, 
101266, 
101370, 
101484, 
101606, 
101735, 
101848, 
101939, 
102017, 
102085, 
102157, 
102253, 
102347, 
102435, 
102527, 
102608, 
102679, 
102761, 
102848, 
102934, 
103014, 
103101, 
103177, 
103273, 
103371, 
103465, 
103571, 
103682, 
103807, 
103926, 
104064, 
104202, 
104350, 
104471, 
104589, 
104715, 
104824, 
104958, 
105090, 
105224, 
105342, 
105445, 
105564, 
105702, 
105834, 
105952, 
106075, 
106209, 
106330, 
106422, 
106515, 
106611, 
106717, 
106819, 
106908, 
106997, 
107085, 
107174, 
107272, 
107385, 
107504, 
107599, 
107700, 
107807, 
107913, 
108004, 
108093, 
108206, 
108310, 
108451, 
108573, 
108712, 
108840, 
108975, 
109100, 
109217, 
109331, 
109459, 
109589, 
109719, 
109847, 
109984, 
110122, 
110254, 
110379, 
110491, 
110636, 
110767, 
110922, 
111074, 
111213, 
111348, 
111469, 
