211, 
329, 
390, 
439, 
476, 
502, 
505, 
505, 
505, 
505, 
506, 
508, 
509, 
510, 
511, 
511, 
511, 
511, 
511, 
511, 
511, 
511, 
511, 
511, 
511, 
511, 
511, 
511, 
511, 
511, 
511, 
511, 
511, 
512, 
513, 
513, 
513, 
513, 
513, 
513, 
514, 
515, 
515, 
515, 
515, 
515, 
515, 
515, 
515, 
515, 
516, 
517, 
518, 
519, 
519, 
520, 
521, 
521, 
521, 
521, 
521, 
521, 
521, 
521, 
521, 
521, 
521, 
521, 
522, 
523, 
523, 
523, 
523, 
523, 
523, 
523, 
523, 
523, 
523, 
523, 
523, 
523, 
523, 
523, 
523, 
523, 
524, 
525, 
525, 
526, 
528, 
529, 
529, 
530, 
532, 
533, 
533, 
534, 
535, 
535, 
535, 
535, 
535, 
535, 
535, 
535, 
535, 
535, 
535, 
535, 
535, 
535, 
535, 
535, 
535, 
535, 
535, 
535, 
535, 
535, 
535, 
535, 
535, 
536, 
537, 
537, 
537, 
537, 
537, 
537, 
538, 
539, 
539, 
539, 
539, 
539, 
539, 
539, 
539, 
539, 
539, 
539, 
539, 
539, 
539, 
539, 
539, 
539, 
539, 
539, 
539, 
539, 
539, 
539, 
541, 
543, 
543, 
543, 
544, 
545, 
545, 
545, 
545, 
545, 
545, 
545, 
545, 
545, 
545, 
545, 
545, 
545, 
545, 
545, 
545, 
545, 
545, 
545, 
545, 
545, 
546, 
548, 
550, 
551, 
551, 
551, 
551, 
551, 
551, 
551, 
551, 
552, 
553, 
553, 
554, 
556, 
557, 
558, 
559, 
559, 
559, 
559, 
559, 
559, 
559, 
559, 
559, 
559, 
559, 
559, 
559, 
559, 
559, 
559, 
559, 
559, 
559, 
559, 
559, 
559, 
560, 
561, 
561, 
562, 
564, 
565, 
565, 
565, 
565, 
565, 
565, 
565, 
565, 
565, 
565, 
565, 
565, 
566, 
567, 
567, 
568, 
569, 
569, 
569, 
569, 
569, 
570, 
571, 
571, 
571, 
571, 
571, 
572, 
573, 
573, 
573, 
573, 
573, 
574, 
575, 
575, 
575, 
576, 
577, 
577, 
578, 
579, 
579, 
579, 
579, 
579, 
579, 
579, 
579, 
579, 
579, 
580, 
581, 
581, 
581, 
581, 
581, 
582, 
584, 
585, 
585, 
585, 
585, 
585, 
585, 
586, 
587, 
587, 
587, 
587, 
587, 
587, 
587, 
587, 
587, 
588, 
590, 
591, 
592, 
593, 
593, 
593, 
593, 
593, 
593, 
594, 
595, 
595, 
595, 
595, 
595, 
595, 
595, 
596, 
597, 
597, 
597, 
597, 
597, 
597, 
598, 
599, 
599, 
599, 
599, 
599, 
600, 
601, 
601, 
601, 
603, 
605, 
606, 
607, 
607, 
608, 
609, 
609, 
609, 
610, 
611, 
611, 
611, 
611, 
611, 
612, 
613, 
613, 
613, 
613, 
613, 
613, 
613, 
613, 
613, 
613, 
613, 
613, 
614, 
615, 
616, 
617, 
617, 
617, 
618, 
619, 
620, 
621, 
621, 
621, 
621, 
621, 
621, 
621, 
621, 
621, 
621, 
621, 
621, 
621, 
621, 
621, 
621, 
621, 
621, 
621, 
621, 
621, 
621, 
621, 
621, 
621, 
621, 
621, 
621, 
621, 
621, 
621, 
621, 
622, 
623, 
623, 
623, 
623, 
623, 
623, 
623, 
623, 
623, 
623, 
623, 
623, 
624, 
625, 
625, 
625, 
625, 
625, 
625, 
625, 
625, 
625, 
625, 
625, 
625, 
625, 
625, 
625, 
626, 
628, 
629, 
630, 
631, 
631, 
631, 
631, 
631, 
631, 
631, 
631, 
631, 
631, 
631, 
631, 
631, 
631, 
631, 
631, 
631, 
631, 
631, 
631, 
631, 
631, 
631, 
631, 
631, 
632, 
634, 
635, 
635, 
637, 
639, 
639, 
639, 
639, 
639, 
639, 
639, 
639, 
639, 
639, 
639, 
639, 
639, 
640, 
641, 
641, 
641, 
641, 
641, 
641, 
641, 
641, 
641, 
641, 
641, 
641, 
641, 
641, 
641, 
641, 
641, 
641, 
641, 
641, 
641, 
641, 
641, 
642, 
643, 
643, 
643, 
643, 
643, 
644, 
645, 
645, 
645, 
645, 
646, 
647, 
648, 
649, 
649, 
649, 
649, 
649, 
649, 
649, 
649, 
649, 
649, 
649, 
649, 
649, 
649, 
649, 
650, 
651, 
651, 
651, 
651, 
651, 
652, 
653, 
654, 
655, 
655, 
655, 
655, 
655, 
655, 
655, 
655, 
655, 
655, 
655, 
655, 
655, 
655, 
655, 
655, 
655, 
655, 
655, 
655, 
655, 
655, 
656, 
657, 
658, 
659, 
659, 
659, 
660, 
661, 
661, 
661, 
661, 
661, 
661, 
662, 
663, 
663, 
663, 
663, 
663, 
663, 
663, 
663, 
663, 
663, 
663, 
663, 
664, 
665, 
665, 
665, 
665, 
665, 
665, 
665, 
665, 
665, 
665, 
665, 
665, 
665, 
665, 
665, 
665, 
665, 
665, 
666, 
667, 
667, 
667, 
668, 
669, 
669, 
669, 
669, 
669, 
669, 
669, 
670, 
671, 
671, 
671, 
671, 
671, 
671, 
671, 
671, 
671, 
671, 
671, 
671, 
671, 
671, 
671, 
671, 
671, 
671, 
671, 
671, 
671, 
671, 
671, 
672, 
673, 
673, 
674, 
675, 
675, 
676, 
678, 
679, 
679, 
680, 
681, 
681, 
681, 
681, 
681, 
681, 
681, 
681, 
681, 
681, 
682, 
683, 
684, 
685, 
685, 
686, 
687, 
687, 
687, 
687, 
687, 
687, 
687, 
687, 
687, 
687, 
687, 
687, 
687, 
687, 
687, 
688, 
689, 
689, 
689, 
689, 
689, 
689, 
689, 
689, 
689, 
689, 
689, 
689, 
689, 
690, 
694, 
697, 
697, 
697, 
697, 
698, 
699, 
699, 
700, 
701, 
701, 
701, 
701, 
701, 
701, 
701, 
701, 
701, 
701, 
701, 
702, 
703, 
703, 
703, 
703, 
703, 
703, 
703, 
704, 
705, 
706, 
707, 
707, 
708, 
709, 
709, 
709, 
709, 
709, 
709, 
709, 
710, 
711, 
711, 
711, 
711, 
711, 
711, 
712, 
713, 
713, 
713, 
713, 
713, 
713, 
713, 
713, 
714, 
715, 
715, 
715, 
715, 
715, 
715, 
715, 
715, 
715, 
715, 
715, 
715, 
715, 
715, 
715, 
715, 
715, 
715, 
718, 
721, 
721, 
721, 
721, 
721, 
721, 
721, 
721, 
723, 
725, 
725, 
725, 
725, 
725, 
725, 
725, 
725, 
725, 
726, 
727, 
727, 
727, 
727, 
727, 
727, 
727, 
727, 
729, 
731, 
731, 
731, 
731, 
731, 
731, 
731, 
731, 
732, 
733, 
733, 
734, 
737, 
739, 
739, 
739, 
739, 
739, 
739, 
739, 
739, 
739, 
739, 
739, 
739, 
739, 
739, 
739, 
739, 
739, 
739, 
739, 
739, 
739, 
739, 
739, 
739, 
739, 
739, 
739, 
739, 
739, 
739, 
739, 
739, 
739, 
739, 
739, 
739, 
739, 
739, 
740, 
741, 
741, 
741, 
741, 
741, 
741, 
741, 
741, 
741, 
741, 
742, 
743, 
743, 
743, 
744, 
745, 
745, 
745, 
745, 
745, 
745, 
745, 
746, 
747, 
747, 
747, 
747, 
747, 
747, 
747, 
747, 
747, 
747, 
747, 
747, 
747, 
748, 
750, 
751, 
751, 
751, 
751, 
751, 
751, 
751, 
751, 
751, 
751, 
751, 
751, 
752, 
753, 
753, 
753, 
753, 
754, 
755, 
755, 
755, 
755, 
755, 
755, 
755, 
756, 
757, 
757, 
757, 
758, 
760, 
761, 
761, 
762, 
764, 
765, 
765, 
765, 
765, 
765, 
765, 
765, 
765, 
766, 
767, 
768, 
769, 
769, 
769, 
769, 
770, 
772, 
773, 
773, 
773, 
773, 
773, 
773, 
773, 
773, 
773, 
773, 
773, 
773, 
773, 
773, 
773, 
773, 
773, 
773, 
773, 
773, 
773, 
773, 
773, 
774, 
775, 
775, 
775, 
775, 
777, 
779, 
780, 
781, 
781, 
781, 
781, 
782, 
783, 
783, 
783, 
783, 
783, 
783, 
783, 
784, 
785, 
785, 
785, 
785, 
785, 
785, 
785, 
785, 
785, 
785, 
785, 
785, 
785, 
785, 
785, 
785, 
786, 
787, 
787, 
787, 
787, 
787, 
787, 
787, 
787, 
787, 
787, 
787, 
787, 
787, 
787, 
787, 
787, 
787, 
787, 
787, 
787, 
787, 
787, 
787, 
787, 
787, 
787, 
787, 
787, 
787, 
787, 
787, 
787, 
787, 
787, 
787, 
788, 
789, 
789, 
789, 
789, 
789, 
789, 
789, 
789, 
790, 
791, 
791, 
791, 
792, 
794, 
795, 
795, 
795, 
795, 
795, 
795, 
795, 
795, 
795, 
795, 
795, 
795, 
795, 
795, 
795, 
795, 
795, 
795, 
795, 
795, 
795, 
796, 
797, 
797, 
797, 
797, 
798, 
799, 
800, 
801, 
801, 
801, 
801, 
801, 
802, 
803, 
803, 
803, 
803, 
803, 
803, 
803, 
803, 
803, 
803, 
803, 
803, 
803, 
803, 
804, 
805, 
805, 
805, 
806, 
809, 
811, 
812, 
813, 
813, 
814, 
816, 
817, 
817, 
817, 
817, 
817, 
817, 
817, 
817, 
817, 
818, 
819, 
819, 
819, 
819, 
819, 
819, 
819, 
819, 
820, 
821, 
821, 
821, 
821, 
821, 
822, 
823, 
823, 
823, 
823, 
823, 
823, 
824, 
825, 
825, 
825, 
826, 
828, 
829, 
829, 
829, 
829, 
829, 
829, 
829, 
829, 
829, 
829, 
829, 
829, 
829, 
829, 
829, 
829, 
830, 
831, 
831, 
831, 
831, 
832, 
833, 
833, 
833, 
833, 
833, 
833, 
833, 
833, 
833, 
833, 
833, 
833, 
833, 
833, 
833, 
835, 
837, 
837, 
837, 
837, 
837, 
837, 
837, 
837, 
837, 
837, 
837, 
837, 
837, 
837, 
837, 
837, 
837, 
837, 
837, 
837, 
837, 
837, 
839, 
841, 
841, 
841, 
841, 
842, 
843, 
843, 
843, 
845, 
847, 
847, 
847, 
848, 
849, 
850, 
851, 
851, 
851, 
851, 
851, 
851, 
851, 
851, 
851, 
851, 
852, 
853, 
853, 
853, 
853, 
853, 
853, 
854, 
855, 
855, 
856, 
858, 
859, 
859, 
860, 
861, 
861, 
861, 
861, 
861, 
861, 
861, 
861, 
861, 
861, 
861, 
861, 
861, 
861, 
861, 
861, 
861, 
861, 
861, 
861, 
861, 
861, 
861, 
861, 
861, 
861, 
861, 
861, 
861, 
861, 
861, 
861, 
861, 
861, 
861, 
861, 
861, 
861, 
861, 
861, 
863, 
866, 
867, 
867, 
867, 
867, 
868, 
869, 
869, 
869, 
869, 
869, 
869, 
869, 
869, 
869, 
869, 
869, 
870, 
871, 
871, 
871, 
871, 
871, 
872, 
873, 
873, 
873, 
873, 
873, 
874, 
876, 
878, 
879, 
879, 
879, 
879, 
879, 
879, 
879, 
879, 
879, 
879, 
879, 
879, 
879, 
879, 
879, 
879, 
881, 
884, 
885, 
885, 
885, 
885, 
885, 
885, 
885, 
885, 
885, 
886, 
887, 
887, 
887, 
887, 
887, 
887, 
887, 
887, 
887, 
887, 
887, 
888, 
889, 
889, 
889, 
889, 
889, 
889, 
889, 
889, 
890, 
891, 
892, 
893, 
893, 
893, 
893, 
893, 
893, 
893, 
893, 
893, 
893, 
893, 
893, 
893, 
893, 
893, 
893, 
894, 
895, 
895, 
895, 
895, 
895, 
895, 
895, 
896, 
897, 
898, 
899, 
899, 
900, 
901, 
901, 
901, 
903, 
905, 
905, 
905, 
905, 
905, 
905, 
905, 
905, 
905, 
905, 
905, 
905, 
905, 
905, 
905, 
906, 
907, 
908, 
909, 
909, 
909, 
911, 
915, 
918, 
919, 
919, 
920, 
921, 
921, 
921, 
921, 
921, 
921, 
921, 
921, 
921, 
921, 
921, 
921, 
922, 
923, 
923, 
923, 
923, 
923, 
924, 
925, 
925, 
926, 
927, 
927, 
927, 
927, 
927, 
929, 
931, 
932, 
936, 
939, 
939, 
941, 
943, 
943, 
943, 
944, 
945, 
945, 
945, 
945, 
945, 
945, 
945, 
945, 
945, 
945, 
946, 
947, 
948, 
950, 
951, 
951, 
951, 
951, 
951, 
951, 
952, 
953, 
953, 
953, 
953, 
954, 
955, 
955, 
955, 
955, 
956, 
957, 
957, 
957, 
957, 
957, 
957, 
957, 
957, 
957, 
957, 
957, 
957, 
957, 
957, 
957, 
957, 
957, 
957, 
957, 
957, 
957, 
959, 
962, 
963, 
963, 
963, 
963, 
963, 
964, 
965, 
965, 
965, 
965, 
965, 
965, 
965, 
965, 
965, 
965, 
966, 
967, 
967, 
967, 
967, 
967, 
967, 
967, 
967, 
967, 
967, 
968, 
969, 
970, 
971, 
971, 
971, 
971, 
971, 
971, 
971, 
971, 
971, 
971, 
972, 
973, 
973, 
973, 
973, 
973, 
973, 
973, 
973, 
973, 
973, 
973, 
973, 
973, 
973, 
973, 
973, 
973, 
973, 
973, 
973, 
973, 
973, 
973, 
973, 
973, 
973, 
973, 
973, 
973, 
973, 
973, 
973, 
973, 
974, 
975, 
975, 
975, 
975, 
975, 
975, 
975, 
975, 
975, 
975, 
975, 
975, 
976, 
977, 
977, 
978, 
979, 
980, 
981, 
981, 
981, 
981, 
981, 
981, 
981, 
981, 
981, 
981, 
981, 
981, 
981, 
981, 
981, 
981, 
981, 
981, 
981, 
981, 
981, 
981, 
981, 
981, 
981, 
981, 
982, 
983, 
983, 
983, 
983, 
983, 
983, 
983, 
983, 
983, 
983, 
983, 
983, 
984, 
985, 
985, 
985, 
986, 
987, 
987, 
987, 
987, 
987, 
987, 
987, 
987, 
987, 
987, 
987, 
987, 
987, 
987, 
987, 
987, 
987, 
987, 
987, 
987, 
987, 
987, 
987, 
987, 
987, 
987, 
987, 
987, 
987, 
987, 
987, 
987, 
987, 
987, 
987, 
988, 
989, 
989, 
989, 
989, 
989, 
989, 
989, 
989, 
989, 
989, 
989, 
989, 
989, 
989, 
989, 
989, 
989, 
989, 
990, 
991, 
991, 
991, 
991, 
991, 
991, 
991, 
991, 
991, 
991, 
991, 
991, 
991, 
991, 
992, 
993, 
993, 
993, 
995, 
997, 
997, 
997, 
997, 
997, 
998, 
999, 
999, 
999, 
999, 
999, 
999, 
999, 
999, 
1000, 
1001, 
1001, 
1001, 
1001, 
1001, 
1001, 
1001, 
1001, 
1001, 
1001, 
1001, 
1001, 
1001, 
1002, 
1003, 
1003, 
1003, 
1004, 
1005, 
1005, 
1005, 
1006, 
1007, 
1007, 
1008, 
1009, 
1009, 
1009, 
1009, 
1009, 
1009, 
1009, 
1010, 
1011, 
1011, 
1011, 
1011, 
1011, 
1012, 
1013, 
1013, 
1013, 
1013, 
1013, 
1013, 
1013, 
1013, 
1013, 
1013, 
1013, 
1013, 
1013, 
1013, 
1013, 
1013, 
1014, 
1015, 
1015, 
1015, 
1015, 
1015, 
1015, 
1015, 
1015, 
1015, 
1015, 
1015, 
1015, 
1015, 
1015, 
1016, 
1017, 
1017, 
1017, 
1017, 
1019, 
1021, 
1021, 
1021, 
1021, 
1021, 
1022, 
1024, 
1025, 
1025, 
1025, 
1025, 
1025, 
1025, 
1025, 
1025, 
1025, 
1025, 
1025, 
1025, 
1027, 
1029, 
1029, 
1029, 
1029, 
1029, 
1029, 
1029, 
1029, 
1030, 
1031, 
1031, 
1031, 
1031, 
1031, 
1031, 
1031, 
1031, 
1031, 
1031, 
1031, 
1031, 
1031, 
1031, 
1031, 
1031, 
1031, 
1031, 
1031, 
1031, 
1031, 
1031, 
1031, 
1031, 
1032, 
1033, 
1033, 
1034, 
1035, 
1035, 
1035, 
1035, 
1035, 
1035, 
1035, 
1035, 
1035, 
1036, 
1037, 
1037, 
1038, 
1039, 
1039, 
1039, 
1039, 
1039, 
1039, 
1039, 
1039, 
1039, 
1039, 
1039, 
1039, 
1039, 
1039, 
1039, 
1039, 
1039, 
1039, 
1039, 
1039, 
1039, 
1040, 
1041, 
1041, 
1041, 
1041, 
1041, 
1041, 
1041, 
1041, 
1041, 
1041, 
1041, 
1041, 
1041, 
1041, 
1041, 
1041, 
1041, 
1041, 
1041, 
1041, 
1041, 
1041, 
1041, 
1041, 
1041, 
1041, 
1041, 
1041, 
1042, 
1043, 
1043, 
1043, 
1043, 
1044, 
1045, 
1045, 
1045, 
1045, 
1045, 
1045, 
1045, 
1045, 
1045, 
1045, 
1046, 
1047, 
1047, 
1048, 
1049, 
1049, 
1049, 
1049, 
1050, 
1051, 
1052, 
1053, 
1053, 
1053, 
1053, 
1053, 
1053, 
1053, 
1053, 
1054, 
1055, 
1056, 
1058, 
1059, 
1059, 
1059, 
1059, 
1059, 
1059, 
1060, 
1062, 
1063, 
1063, 
1063, 
1063, 
1063, 
1064, 
1065, 
1065, 
1065, 
1065, 
1065, 
1065, 
1065, 
1065, 
1065, 
1066, 
1067, 
1067, 
1067, 
1067, 
1067, 
1068, 
1069, 
1070, 
1073, 
1075, 
1075, 
1076, 
1077, 
1077, 
1078, 
1079, 
1079, 
1079, 
1081, 
1085, 
1087, 
1087, 
1088, 
1089, 
1089, 
1089, 
1089, 
1089, 
1089, 
1089, 
1089, 
1090, 
1091, 
1091, 
1091, 
1091, 
1091, 
1091, 
1092, 
1094, 
1096, 
1097, 
1097, 
1097, 
1097, 
1099, 
1102, 
1103, 
1103, 
1104, 
1105, 
1105, 
1105, 
1107, 
1109, 
1109, 
1109, 
1109, 
1110, 
1111, 
1111, 
1111, 
1111, 
1111, 
1111, 
1111, 
1111, 
1111, 
1111, 
1111, 
1112, 
1113, 
1113, 
1113, 
1113, 
1113, 
1113, 
1113, 
1113, 
1113, 
1113, 
1113, 
1113, 
1113, 
1113, 
1114, 
1115, 
1115, 
1115, 
1115, 
1115, 
1115, 
1115, 
1115, 
1115, 
1115, 
1115, 
1117, 
1119, 
1119, 
1119, 
1120, 
1121, 
1121, 
1121, 
1121, 
1121, 
1121, 
1121, 
1121, 
1121, 
1121, 
1121, 
1121, 
1121, 
1121, 
1121, 
1121, 
1121, 
1121, 
1121, 
1121, 
1121, 
1121, 
1121, 
1121, 
1121, 
1121, 
1121, 
1121, 
1121, 
1121, 
1122, 
1123, 
1123, 
1123, 
1123, 
1123, 
1123, 
1123, 
1123, 
1123, 
1123, 
1123, 
1123, 
1123, 
1123, 
1123, 
1123, 
1123, 
1124, 
1125, 
1125, 
1125, 
1126, 
1127, 
1127, 
1127, 
1128, 
1129, 
1129, 
1129, 
1129, 
1131, 
1133, 
1133, 
1133, 
1133, 
1133, 
1133, 
1133, 
1134, 
1135, 
1135, 
1135, 
1135, 
1135, 
1135, 
1135, 
1135, 
1135, 
1135, 
1135, 
1135, 
1135, 
1135, 
1135, 
1135, 
1135, 
1135, 
1135, 
1135, 
1135, 
1135, 
1135, 
1135, 
1135, 
1135, 
1135, 
1135, 
1135, 
1135, 
1135, 
1135, 
1135, 
1136, 
1138, 
1139, 
1140, 
1141, 
1142, 
1143, 
1143, 
1143, 
1143, 
1143, 
1143, 
1143, 
1144, 
1145, 
1145, 
1145, 
1146, 
1147, 
1148, 
1150, 
1151, 
1151, 
1151, 
1151, 
1151, 
1151, 
1151, 
1151, 
1152, 
1154, 
1155, 
1156, 
1158, 
1159, 
1159, 
1160, 
1161, 
1161, 
1161, 
1162, 
1164, 
1165, 
1166, 
1168, 
1169, 
1169, 
1169, 
1169, 
1169, 
1169, 
1169, 
1169, 
1169, 
1169, 
1169, 
1169, 
1169, 
1169, 
1169, 
1169, 
1170, 
1171, 
1171, 
1172, 
1173, 
1173, 
1173, 
1173, 
1173, 
1173, 
1174, 
1175, 
1175, 
1175, 
1175, 
1175, 
1175, 
1175, 
1175, 
1175, 
1175, 
1175, 
1175, 
1175, 
1176, 
1177, 
1177, 
1177, 
1177, 
1177, 
1177, 
1177, 
1177, 
1177, 
1178, 
1179, 
1179, 
1179, 
1179, 
1179, 
1179, 
1179, 
1179, 
1179, 
1179, 
1179, 
1179, 
1179, 
1180, 
1182, 
1183, 
1183, 
1184, 
1185, 
1185, 
1185, 
1185, 
1185, 
1185, 
1185, 
1185, 
1185, 
1185, 
1185, 
1185, 
1185, 
1185, 
1185, 
1185, 
1185, 
1185, 
1186, 
1188, 
1190, 
1191, 
1191, 
1191, 
1191, 
1191, 
1191, 
1191, 
1191, 
1191, 
1191, 
1191, 
1191, 
1191, 
1191, 
1191, 
1191, 
1191, 
1191, 
1191, 
1191, 
1191, 
1191, 
1191, 
1191, 
1191, 
1191, 
1191, 
1191, 
1191, 
1192, 
1194, 
1195, 
1195, 
1195, 
1195, 
1195, 
1195, 
1195, 
1195, 
1195, 
1195, 
1195, 
1195, 
1195, 
1195, 
1195, 
1195, 
1195, 
1195, 
1195, 
1195, 
1195, 
1195, 
1195, 
1195, 
1195, 
1195, 
1195, 
1196, 
1197, 
1197, 
1197, 
1197, 
1198, 
1199, 
1199, 
1199, 
1199, 
1199, 
1199, 
1200, 
1201, 
1203, 
1205, 
1205, 
1205, 
1205, 
1205, 
1205, 
1205, 
1206, 
1208, 
1209, 
1209, 
1209, 
1209, 
1209, 
1210, 
1211, 
1211, 
1211, 
1211, 
1211, 
1212, 
1213, 
1213, 
1213, 
1213, 
1213, 
1214, 
1215, 
1215, 
1216, 
1217, 
1217, 
1217, 
1217, 
1217, 
1217, 
1217, 
1217, 
1217, 
1217, 
1217, 
1217, 
1217, 
1217, 
1217, 
1217, 
1217, 
1217, 
1217, 
1217, 
1217, 
1217, 
1217, 
1217, 
1217, 
1217, 
1217, 
1217, 
1217, 
1217, 
1217, 
1217, 
1217, 
1218, 
1220, 
1221, 
1221, 
1221, 
1222, 
1223, 
1223, 
1223, 
1223, 
1223, 
1225, 
1229, 
1231, 
1231, 
1233, 
1235, 
1235, 
1236, 
1238, 
1239, 
1239, 
1239, 
1239, 
1239, 
1239, 
1239, 
1239, 
1239, 
1239, 
1239, 
1239, 
1239, 
1239, 
1239, 
1239, 
1239, 
1239, 
1239, 
1239, 
1239, 
1239, 
1240, 
1241, 
1241, 
1241, 
1243, 
1245, 
1245, 
1245, 
1245, 
1245, 
1245, 
1245, 
1245, 
1245, 
1245, 
1246, 
1247, 
1247, 
1247, 
1247, 
1247, 
1247, 
1247, 
1247, 
1247, 
1247, 
1247, 
1250, 
1255, 
1261, 
1264, 
1265, 
1265, 
1265, 
1265, 
1265, 
1265, 
1265, 
1265, 
1265, 
1265, 
1265, 
1265, 
1265, 
1265, 
1265, 
1265, 
1265, 
1265, 
1265, 
1265, 
1265, 
1265, 
1265, 
1265, 
1265, 
1265, 
1265, 
1265, 
1265, 
1265, 
1265, 
1265, 
1265, 
1266, 
1267, 
1267, 
1267, 
1267, 
1268, 
1269, 
1269, 
1270, 
1273, 
1275, 
1275, 
1275, 
1275, 
1275, 
1275, 
1276, 
1277, 
1277, 
1277, 
1278, 
1279, 
1279, 
1279, 
1280, 
1281, 
1281, 
1282, 
1283, 
1283, 
1283, 
1283, 
1283, 
1285, 
1287, 
1287, 
1287, 
1287, 
1287, 
1287, 
1287, 
1287, 
1287, 
1287, 
1287, 
1287, 
1288, 
1290, 
1292, 
1293, 
1293, 
1293, 
1293, 
1293, 
1293, 
1293, 
1293, 
1293, 
1293, 
1293, 
1293, 
1293, 
1293, 
1293, 
1293, 
1293, 
1293, 
1293, 
1293, 
1293, 
1293, 
1293, 
1293, 
1294, 
1295, 
1295, 
1295, 
1295, 
1295, 
1295, 
1295, 
1295, 
1295, 
1295, 
1295, 
1295, 
1295, 
1295, 
1295, 
1295, 
1295, 
1295, 
1295, 
1295, 
1296, 
1297, 
1297, 
1297, 
1297, 
1298, 
1299, 
1299, 
1299, 
1299, 
1299, 
1299, 
1299, 
1299, 
1299, 
1299, 
1299, 
1299, 
1299, 
1299, 
1299, 
1299, 
1299, 
1299, 
1299, 
1300, 
1301, 
1301, 
1302, 
1303, 
1303, 
1304, 
1305, 
1305, 
1305, 
1305, 
1305, 
1305, 
1305, 
1306, 
1308, 
1309, 
1309, 
1309, 
1309, 
1309, 
1309, 
1309, 
1309, 
1309, 
1309, 
1310, 
1311, 
1311, 
1311, 
1311, 
1311, 
1311, 
1311, 
1312, 
1313, 
1313, 
1313, 
1313, 
1314, 
1316, 
1317, 
1318, 
1319, 
1319, 
1319, 
1319, 
1319, 
1319, 
1319, 
1319, 
1319, 
1319, 
1319, 
1320, 
1321, 
1321, 
1321, 
1321, 
1322, 
1323, 
1323, 
1323, 
1323, 
1323, 
1323, 
1323, 
1323, 
1324, 
1325, 
1325, 
1326, 
1327, 
1327, 
1327, 
1327, 
1327, 
1327, 
1327, 
1327, 
1327, 
1327, 
1327, 
1327, 
1327, 
1327, 
1327, 
1327, 
1327, 
1327, 
1327, 
1327, 
1327, 
1327, 
1327, 
1327, 
1328, 
1329, 
1329, 
1329, 
1329, 
1329, 
1329, 
1329, 
1329, 
1329, 
1330, 
1331, 
1331, 
1332, 
1333, 
1333, 
1333, 
1333, 
1333, 
1334, 
1335, 
1335, 
1335, 
1335, 
1336, 
1337, 
1337, 
1337, 
1337, 
1337, 
1337, 
1337, 
1337, 
1337, 
1337, 
1338, 
1339, 
1339, 
1339, 
1339, 
1340, 
1341, 
1341, 
1341, 
1341, 
1341, 
1341, 
1341, 
1341, 
1341, 
1341, 
1341, 
1341, 
1341, 
1343, 
1345, 
1345, 
1345, 
1345, 
1345, 
1346, 
1347, 
1347, 
1348, 
1350, 
1351, 
1351, 
1351, 
1351, 
1352, 
1353, 
1354, 
1355, 
1355, 
1357, 
1359, 
1360, 
1361, 
1361, 
1361, 
1361, 
1361, 
1361, 
1361, 
1361, 
1361, 
1362, 
1363, 
1363, 
1363, 
1363, 
1363, 
1363, 
1365, 
1368, 
1369, 
1369, 
1369, 
1369, 
1369, 
1369, 
1369, 
1369, 
1369, 
1369, 
1370, 
1372, 
1373, 
1373, 
1375, 
1377, 
1378, 
1379, 
1379, 
1379, 
1379, 
1379, 
1379, 
1379, 
1379, 
1379, 
1379, 
1379, 
1379, 
1379, 
1379, 
1379, 
1380, 
1381, 
1381, 
1381, 
1381, 
1381, 
1381, 
1381, 
1381, 
1381, 
1381, 
1381, 
1382, 
1383, 
1383, 
1383, 
1383, 
1383, 
1383, 
1383, 
1383, 
1383, 
1383, 
1383, 
1383, 
1384, 
1386, 
1387, 
1387, 
1387, 
1387, 
1387, 
1387, 
1387, 
1387, 
1387, 
1387, 
1387, 
1387, 
1387, 
1387, 
1387, 
1387, 
1387, 
1387, 
1387, 
1387, 
1387, 
1387, 
1387, 
1387, 
1387, 
1387, 
1387, 
1387, 
1387, 
1387, 
1388, 
1390, 
1391, 
1391, 
1391, 
1391, 
1392, 
1393, 
1393, 
1393, 
1394, 
1395, 
1395, 
1395, 
1395, 
1395, 
1395, 
1395, 
1395, 
1395, 
1395, 
1395, 
1395, 
1395, 
1395, 
1395, 
1396, 
1397, 
1397, 
1397, 
1398, 
1399, 
1399, 
1399, 
1399, 
1399, 
1399, 
1399, 
1399, 
1399, 
1399, 
1399, 
1399, 
1399, 
1399, 
1399, 
1399, 
1399, 
1399, 
1399, 
1399, 
1399, 
1399, 
1399, 
1399, 
1399, 
1399, 
1399, 
1399, 
1399, 
1399, 
1399, 
1399, 
1399, 
1400, 
1401, 
1401, 
1401, 
1401, 
1401, 
1401, 
1401, 
1401, 
1402, 
1404, 
1405, 
1405, 
1405, 
1405, 
1405, 
1405, 
1405, 
1405, 
1406, 
1407, 
1407, 
1407, 
1408, 
1409, 
1409, 
1409, 
1409, 
1409, 
1409, 
1409, 
1409, 
1409, 
1409, 
1409, 
1409, 
1409, 
1409, 
1409, 
1410, 
1411, 
1411, 
1411, 
1411, 
1411, 
1411, 
1412, 
1413, 
1413, 
1413, 
1414, 
1415, 
1415, 
1415, 
1416, 
1417, 
1417, 
1417, 
1417, 
1417, 
1418, 
1419, 
1419, 
1420, 
1421, 
1421, 
1421, 
1421, 
1421, 
1421, 
1421, 
1421, 
1421, 
1421, 
1421, 
1421, 
1421, 
1421, 
1421, 
1421, 
1422, 
1423, 
1423, 
1423, 
1423, 
1423, 
1424, 
1425, 
1426, 
1427, 
1427, 
1427, 
1427, 
1427, 
1427, 
1427, 
1427, 
1427, 
1427, 
1427, 
1427, 
1428, 
1429, 
1429, 
1429, 
1429, 
1429, 
1429, 
1429, 
1429, 
1430, 
1431, 
1431, 
1432, 
1433, 
1433, 
1433, 
1433, 
1433, 
1433, 
1433, 
1433, 
1434, 
1435, 
1435, 
1435, 
1435, 
1435, 
1435, 
1435, 
1435, 
1435, 
1435, 
1435, 
1436, 
1437, 
1437, 
1437, 
1437, 
1438, 
1439, 
1439, 
1439, 
1440, 
1441, 
1441, 
1441, 
1442, 
1443, 
1443, 
1443, 
1444, 
1445, 
1446, 
1447, 
1447, 
1447, 
1447, 
1447, 
1447, 
1447, 
1447, 
1447, 
1447, 
1447, 
1447, 
1447, 
1448, 
1449, 
1449, 
1449, 
1449, 
1449, 
1450, 
1452, 
1453, 
1453, 
1454, 
1455, 
1456, 
1457, 
1457, 
1457, 
1457, 
1457, 
1457, 
1457, 
1457, 
1457, 
1457, 
1457, 
1457, 
1457, 
1458, 
1459, 
1459, 
1459, 
1460, 
1463, 
1465, 
1465, 
1465, 
1465, 
1465, 
1465, 
1465, 
1465, 
1465, 
1465, 
1466, 
1468, 
1469, 
1469, 
1469, 
1470, 
1471, 
1471, 
1471, 
1471, 
1471, 
1471, 
1471, 
1471, 
1471, 
1471, 
1471, 
1471, 
1471, 
1471, 
1471, 
1471, 
1471, 
1471, 
1471, 
1471, 
1471, 
1471, 
1471, 
1471, 
1471, 
1471, 
1472, 
1473, 
1474, 
1475, 
1475, 
1476, 
1477, 
1477, 
1477, 
1477, 
1477, 
1477, 
1477, 
1478, 
1480, 
1481, 
1481, 
1482, 
1483, 
1483, 
1483, 
1483, 
1483, 
1483, 
1483, 
1483, 
1483, 
1483, 
1483, 
1483, 
1483, 
1483, 
1483, 
1483, 
1483, 
1483, 
1483, 
1483, 
1483, 
1483, 
1484, 
1485, 
1485, 
1485, 
1486, 
1488, 
1489, 
1490, 
1491, 
1491, 
1491, 
1491, 
1491, 
1491, 
1491, 
1491, 
1491, 
1492, 
1493, 
1493, 
1493, 
1493, 
1493, 
1493, 
1493, 
1493, 
1493, 
1493, 
1493, 
1493, 
1493, 
1493, 
1493, 
1493, 
1493, 
1493, 
1493, 
1493, 
1494, 
1495, 
1495, 
1496, 
1497, 
1498, 
1499, 
1499, 
1499, 
1499, 
1499, 
1499, 
1499, 
1499, 
1499, 
1499, 
1499, 
1499, 
1499, 
1499, 
1499, 
1499, 
1499, 
1499, 
1499, 
1499, 
1499, 
1499, 
1499, 
1499, 
1499, 
1499, 
1499, 
1499, 
1499, 
1499, 
1499, 
1499, 
1499, 
1500, 
1501, 
1501, 
1501, 
1501, 
1501, 
1501, 
1501, 
1501, 
1502, 
1503, 
1503, 
1503, 
1503, 
1504, 
1505, 
1505, 
1505, 
1505, 
1505, 
1505, 
1505, 
1505, 
1505, 
1505, 
1505, 
1505, 
1505, 
1505, 
1505, 
1505, 
1506, 
1507, 
1508, 
1510, 
1512, 
1513, 
1513, 
1513, 
1513, 
1513, 
1513, 
1513, 
1514, 
1515, 
1515, 
1515, 
1515, 
1515, 
1515, 
1515, 
1515, 
1515, 
1517, 
1519, 
1519, 
1519, 
1520, 
1521, 
1521, 
1521, 
1522, 
1523, 
1523, 
1523, 
1523, 
1523, 
1523, 
1523, 
1523, 
1523, 
1523, 
1523, 
1524, 
1525, 
1525, 
1525, 
1525, 
1525, 
1525, 
1526, 
1528, 
1529, 
1529, 
1529, 
1529, 
1529, 
1529, 
1529, 
1529, 
1529, 
1529, 
1529, 
1530, 
1531, 
1531, 
1531, 
1531, 
1531, 
1532, 
1533, 
1533, 
1533, 
1533, 
1533, 
1533, 
1533, 
1533, 
1533, 
1533, 
1533, 
1533, 
1533, 
1533, 
1533, 
1535, 
1537, 
1537, 
1537, 
1537, 
1537, 
1537, 
1537, 
1537, 
1537, 
1537, 
1537, 
1537, 
1537, 
1537, 
1537, 
1537, 
1537, 
1537, 
1538, 
1539, 
1539, 
1539, 
1540, 
1541, 
1541, 
1541, 
1541, 
1541, 
1541, 
1541, 
1541, 
1541, 
1541, 
1541, 
1541, 
1541, 
1541, 
1541, 
1541, 
1541, 
1541, 
1541, 
1541, 
1541, 
1541, 
1541, 
1541, 
1541, 
1541, 
1541, 
1541, 
1541, 
1541, 
1541, 
1541, 
1541, 
1541, 
1542, 
1543, 
1543, 
1543, 
1543, 
1543, 
1543, 
1543, 
1543, 
1543, 
1543, 
1543, 
1543, 
1543, 
1543, 
1543, 
1545, 
1547, 
1547, 
1547, 
1547, 
1547, 
1547, 
1547, 
1547, 
1547, 
1548, 
1549, 
1550, 
1551, 
1553, 
1555, 
1555, 
1555, 
1555, 
1555, 
1555, 
1555, 
1557, 
1559, 
1559, 
1559, 
1559, 
1559, 
1559, 
1559, 
1559, 
1559, 
1559, 
1559, 
1559, 
1559, 
1559, 
1559, 
1559, 
1559, 
1559, 
1559, 
1561, 
1563, 
1563, 
1563, 
1563, 
1563, 
1563, 
1563, 
1564, 
1565, 
1565, 
1565, 
1565, 
1565, 
1565, 
1565, 
1565, 
1565, 
1565, 
1565, 
1565, 
1565, 
1565, 
1565, 
1568, 
1571, 
1571, 
1572, 
1573, 
1573, 
1574, 
1575, 
1575, 
1575, 
1575, 
1575, 
1575, 
1575, 
1575, 
1575, 
1575, 
1575, 
1575, 
1575, 
1575, 
1575, 
1575, 
1576, 
1577, 
1577, 
1577, 
1577, 
1577, 
1577, 
1577, 
1577, 
1577, 
1577, 
1577, 
1577, 
1577, 
1577, 
1577, 
1577, 
1577, 
1577, 
1577, 
1577, 
1577, 
1579, 
1581, 
1581, 
1581, 
1581, 
1581, 
1581, 
1581, 
1582, 
1583, 
1584, 
1585, 
1585, 
1585, 
1585, 
1585, 
1586, 
1587, 
1587, 
1587, 
1587, 
1587, 
1587, 
1587, 
1587, 
1587, 
1587, 
1587, 
1587, 
1587, 
1587, 
1587, 
1587, 
1587, 
1587, 
1587, 
1587, 
1587, 
1587, 
1587, 
1587, 
1587, 
1588, 
1589, 
1589, 
1589, 
1589, 
1589, 
1589, 
1589, 
1589, 
1589, 
1589, 
1590, 
1591, 
1591, 
1591, 
1591, 
1591, 
1591, 
1591, 
1591, 
1591, 
1591, 
1591, 
1591, 
1591, 
1591, 
1591, 
1591, 
1591, 
1591, 
1591, 
1593, 
1595, 
1595, 
1595, 
1596, 
1597, 
1598, 
1599, 
1599, 
1600, 
1601, 
1601, 
1601, 
1601, 
1601, 
1602, 
1603, 
1603, 
1603, 
1603, 
1603, 
1603, 
1603, 
1603, 
1603, 
1603, 
1603, 
1603, 
1604, 
1605, 
1605, 
1605, 
1605, 
1605, 
1605, 
1605, 
1605, 
1605, 
1605, 
1605, 
1605, 
1605, 
1605, 
1605, 
1605, 
1605, 
1605, 
1605, 
1605, 
1606, 
1607, 
1607, 
1607, 
1607, 
1607, 
1607, 
1607, 
1607, 
1607, 
1607, 
1607, 
1607, 
1607, 
1607, 
1607, 
1607, 
1607, 
1607, 
1607, 
1607, 
1607, 
1608, 
1610, 
1611, 
1611, 
1611, 
1611, 
1612, 
1613, 
1613, 
1613, 
1613, 
1613, 
1613, 
1613, 
1613, 
1613, 
1614, 
1615, 
1615, 
1615, 
1616, 
1617, 
1617, 
1617, 
1617, 
1617, 
1617, 
1618, 
1619, 
1619, 
1619, 
1619, 
1619, 
1619, 
1619, 
1619, 
1621, 
1624, 
1625, 
1625, 
1625, 
1625, 
1625, 
1625, 
1626, 
1628, 
1630, 
1631, 
1631, 
1631, 
1631, 
1631, 
1631, 
1631, 
1631, 
1631, 
1631, 
1631, 
1631, 
1631, 
1631, 
1631, 
1631, 
1631, 
1631, 
1631, 
1631, 
1631, 
1631, 
1631, 
1631, 
1631, 
1631, 
1632, 
1633, 
1633, 
1633, 
1633, 
1633, 
1633, 
1633, 
1633, 
1633, 
1633, 
1633, 
1635, 
1637, 
1637, 
1640, 
1643, 
1643, 
1644, 
1645, 
1645, 
1645, 
1646, 
1647, 
1647, 
1647, 
1647, 
1647, 
1647, 
1647, 
1647, 
1647, 
1648, 
1649, 
1649, 
1649, 
1649, 
1649, 
1649, 
1649, 
1649, 
1649, 
1649, 
1649, 
1649, 
1649, 
1649, 
1649, 
1649, 
1649, 
1649, 
1650, 
1651, 
1651, 
1651, 
1651, 
1651, 
1651, 
1652, 
1653, 
1653, 
1653, 
1653, 
1653, 
1653, 
1654, 
1655, 
1655, 
1655, 
1655, 
1656, 
1658, 
1660, 
1661, 
1661, 
1662, 
1663, 
1663, 
1664, 
1665, 
1665, 
1665, 
1666, 
1667, 
1667, 
1667, 
1667, 
1667, 
1667, 
1668, 
1669, 
1669, 
1669, 
1669, 
1669, 
1670, 
1671, 
1671, 
1671, 
1671, 
1671, 
1671, 
1671, 
1673, 
1676, 
1677, 
1677, 
1677, 
1677, 
1677, 
1677, 
1677, 
1677, 
1677, 
1677, 
1677, 
1677, 
1677, 
1678, 
1679, 
1679, 
1679, 
1679, 
1679, 
1679, 
1680, 
1681, 
1681, 
1681, 
1681, 
1681, 
1681, 
1681, 
1681, 
1681, 
1682, 
1683, 
1683, 
1683, 
1683, 
1684, 
1685, 
1685, 
1685, 
1686, 
1688, 
1689, 
1689, 
1689, 
1689, 
1689, 
1689, 
1689, 
1689, 
1689, 
1689, 
1689, 
1689, 
1689, 
1689, 
1689, 
1689, 
1689, 
1689, 
1689, 
1689, 
1689, 
1689, 
1689, 
1689, 
1689, 
1689, 
1689, 
1689, 
1690, 
1691, 
1691, 
1691, 
1691, 
1691, 
1691, 
1691, 
1691, 
1691, 
1691, 
1691, 
1691, 
1691, 
1691, 
1691, 
1691, 
1691, 
1691, 
1691, 
1691, 
1691, 
1691, 
1691, 
1691, 
1691, 
1691, 
1691, 
1691, 
1692, 
1693, 
1693, 
1693, 
1693, 
1693, 
1694, 
1695, 
1696, 
1697, 
1697, 
1697, 
1697, 
1697, 
1697, 
1697, 
1698, 
1699, 
1699, 
1699, 
1699, 
1699, 
1699, 
1701, 
1703, 
1703, 
1703, 
1703, 
1703, 
1703, 
1704, 
1705, 
1705, 
1705, 
1706, 
1707, 
1707, 
1707, 
1708, 
1709, 
1709, 
1709, 
1709, 
1709, 
1709, 
1709, 
1709, 
1709, 
1709, 
1709, 
1709, 
1709, 
1709, 
1709, 
1709, 
1709, 
1709, 
1709, 
1709, 
1710, 
1712, 
1714, 
1715, 
1715, 
1715, 
1715, 
1715, 
1715, 
1715, 
1715, 
1715, 
1715, 
1715, 
1715, 
1715, 
1715, 
1715, 
1715, 
1715, 
1715, 
1715, 
1715, 
1715, 
1715, 
1715, 
1715, 
1715, 
1716, 
1717, 
1717, 
1717, 
1717, 
1717, 
1717, 
1717, 
1718, 
1719, 
1719, 
1720, 
1722, 
1723, 
1723, 
1724, 
1725, 
1725, 
1725, 
1727, 
1729, 
1729, 
1729, 
1730, 
1731, 
1731, 
1731, 
1732, 
1733, 
1733, 
1734, 
1735, 
1735, 
1735, 
1735, 
1735, 
1735, 
1735, 
1735, 
1735, 
1735, 
1735, 
1736, 
1737, 
1737, 
1737, 
1737, 
1737, 
1737, 
1737, 
1737, 
1737, 
1737, 
1737, 
1737, 
1737, 
1737, 
1738, 
1739, 
1739, 
1739, 
1740, 
1741, 
1741, 
1741, 
1742, 
1743, 
1743, 
1744, 
1745, 
1745, 
1745, 
1745, 
1745, 
1745, 
1745, 
1745, 
1745, 
1745, 
1745, 
1745, 
1746, 
1747, 
1747, 
1747, 
1747, 
1747, 
1747, 
1748, 
1749, 
1749, 
1749, 
1749, 
1749, 
1749, 
1749, 
1749, 
1749, 
1749, 
1749, 
1749, 
1749, 
1749, 
1750, 
1751, 
1751, 
1751, 
1752, 
1753, 
1753, 
1753, 
1753, 
1753, 
1753, 
1753, 
1753, 
1753, 
1753, 
1753, 
1753, 
1753, 
1753, 
1753, 
1753, 
1755, 
1757, 
1757, 
1757, 
1757, 
1757, 
1757, 
1757, 
1757, 
1757, 
1757, 
1757, 
1758, 
1759, 
1759, 
1759, 
1759, 
1760, 
1762, 
1763, 
1763, 
1764, 
1765, 
1766, 
1767, 
1768, 
1769, 
1769, 
1769, 
1769, 
1769, 
1769, 
1769, 
1769, 
1769, 
1769, 
1769, 
1770, 
1771, 
1771, 
1771, 
1772, 
1774, 
1775, 
1775, 
1775, 
1775, 
1775, 
1775, 
1775, 
1775, 
1775, 
1776, 
1777, 
1778, 
1780, 
1781, 
1781, 
1781, 
1781, 
1781, 
1782, 
1783, 
1783, 
1783, 
1784, 
1785, 
1785, 
1785, 
1785, 
1785, 
1785, 
1786, 
1787, 
1787, 
1788, 
1789, 
1789, 
1789, 
1789, 
1789, 
1789, 
1789, 
1789, 
1789, 
1789, 
1789, 
1789, 
1789, 
1789, 
1789, 
1790, 
1791, 
1791, 
1791, 
1793, 
1795, 
1795, 
1795, 
1795, 
1796, 
1798, 
1799, 
1799, 
1800, 
1801, 
1801, 
1801, 
1801, 
1801, 
1801, 
1801, 
1801, 
1801, 
1802, 
1803, 
1803, 
1803, 
1803, 
1803, 
1803, 
1803, 
1803, 
1803, 
1803, 
1803, 
1803, 
1803, 
1803, 
1803, 
1803, 
1803, 
1803, 
1803, 
1804, 
1805, 
1805, 
1805, 
1805, 
1806, 
1807, 
1807, 
1807, 
1807, 
1807, 
1807, 
1807, 
1807, 
1807, 
1807, 
1808, 
1809, 
1809, 
1809, 
1809, 
1809, 
1810, 
1811, 
1811, 
1811, 
1811, 
1811, 
1812, 
1813, 
1814, 
1815, 
1815, 
1815, 
1815, 
1815, 
1815, 
1816, 
1817, 
1817, 
1817, 
1818, 
1819, 
1819, 
1819, 
1819, 
1819, 
1819, 
1819, 
1819, 
1819, 
1819, 
1819, 
1819, 
1819, 
1819, 
1819, 
1819, 
1819, 
1819, 
1819, 
1819, 
1819, 
1820, 
1821, 
1822, 
1823, 
1824, 
1825, 
1825, 
1825, 
1825, 
1825, 
1825, 
1825, 
1825, 
1826, 
1827, 
1827, 
1827, 
1827, 
1827, 
1827, 
1827, 
1827, 
1827, 
1827, 
1828, 
1829, 
1829, 
1830, 
1831, 
1831, 
1832, 
1833, 
1833, 
1833, 
1833, 
1834, 
1835, 
1835, 
1835, 
1836, 
1837, 
1837, 
1837, 
1838, 
1839, 
1839, 
1839, 
1839, 
1839, 
1839, 
1839, 
1839, 
1839, 
1839, 
1839, 
1839, 
1839, 
1839, 
1839, 
1839, 
1839, 
1839, 
1840, 
1841, 
1841, 
1841, 
1841, 
1841, 
1841, 
1842, 
1843, 
1843, 
1843, 
1843, 
1843, 
1843, 
1843, 
1843, 
1843, 
1843, 
1845, 
1848, 
1851, 
1854, 
1855, 
1855, 
1855, 
1855, 
1857, 
1859, 
1859, 
1860, 
1861, 
1861, 
1861, 
1861, 
1861, 
1861, 
1861, 
1861, 
1861, 
1862, 
1863, 
1863, 
1865, 
1867, 
1868, 
1869, 
1869, 
1869, 
1869, 
1870, 
1871, 
1871, 
1871, 
1871, 
1873, 
1875, 
1875, 
1875, 
1875, 
1875, 
1876, 
1877, 
1877, 
1877, 
1877, 
1877, 
1877, 
1877, 
1877, 
1877, 
1877, 
1877, 
1877, 
1877, 
1877, 
1877, 
1877, 
1877, 
1877, 
1877, 
1878, 
1879, 
1879, 
1879, 
1879, 
1879, 
1879, 
1879, 
1879, 
1880, 
1881, 
1881, 
1881, 
1881, 
1881, 
1881, 
1881, 
1883, 
1885, 
1885, 
1885, 
1885, 
1886, 
1888, 
1889, 
1889, 
1889, 
1889, 
1889, 
1889, 
1889, 
1889, 
1889, 
1889, 
1889, 
1889, 
1889, 
1889, 
1889, 
1889, 
1889, 
1889, 
1889, 
1889, 
1889, 
1889, 
1890, 
1892, 
1893, 
1894, 
1895, 
1895, 
1895, 
1895, 
1895, 
1895, 
1895, 
1895, 
1895, 
1895, 
1895, 
1896, 
1897, 
1897, 
1897, 
1897, 
1897, 
1897, 
1897, 
1897, 
1897, 
1897, 
1897, 
1897, 
1897, 
1897, 
1897, 
1897, 
1897, 
1897, 
1897, 
1897, 
1897, 
1898, 
1900, 
1901, 
1901, 
1901, 
1901, 
1901, 
1901, 
1901, 
1901, 
1901, 
1901, 
1901, 
1901, 
1901, 
1901, 
1901, 
1901, 
1901, 
1901, 
1901, 
1901, 
1901, 
1901, 
1901, 
1901, 
1901, 
1901, 
1901, 
1902, 
1903, 
1903, 
1903, 
1903, 
1903, 
1904, 
1907, 
1909, 
1910, 
1911, 
1911, 
1911, 
1911, 
1911, 
1911, 
1911, 
1911, 
1911, 
1911, 
1911, 
1911, 
1912, 
1913, 
1913, 
1913, 
1913, 
1913, 
1914, 
1915, 
1916, 
1917, 
1918, 
1919, 
1919, 
1919, 
1919, 
1919, 
1919, 
1919, 
1919, 
1920, 
1921, 
1921, 
1921, 
1921, 
1921, 
1921, 
1921, 
1922, 
1923, 
1923, 
1923, 
1923, 
1923, 
1923, 
1924, 
1925, 
1925, 
1925, 
1926, 
1927, 
1929, 
1931, 
1931, 
1931, 
1931, 
1931, 
1931, 
1931, 
1931, 
1931, 
1931, 
1931, 
1931, 
1932, 
1933, 
1933, 
1933, 
1934, 
1935, 
1935, 
1936, 
1937, 
1937, 
1937, 
1937, 
1937, 
1937, 
1937, 
1937, 
1937, 
1937, 
1937, 
1937, 
1937, 
1937, 
1937, 
1937, 
1937, 
1937, 
1937, 
1938, 
1939, 
1939, 
1939, 
1939, 
1939, 
1939, 
1939, 
1939, 
1939, 
1940, 
1941, 
1941, 
1941, 
1941, 
1941, 
1941, 
1941, 
1942, 
1943, 
1943, 
1943, 
1943, 
1943, 
1943, 
1944, 
1945, 
1945, 
1945, 
1946, 
1948, 
1949, 
1950, 
1951, 
1951, 
1951, 
1951, 
1952, 
1953, 
1953, 
1953, 
1953, 
1953, 
1953, 
1953, 
1953, 
1953, 
1953, 
1953, 
1953, 
1953, 
1954, 
1955, 
1955, 
1955, 
1955, 
1955, 
1956, 
1958, 
1960, 
1961, 
1961, 
1961, 
1961, 
1961, 
1961, 
1961, 
1961, 
1961, 
1961, 
1961, 
1961, 
1961, 
1961, 
1961, 
1961, 
1961, 
1961, 
1961, 
1961, 
1961, 
1961, 
1961, 
1962, 
1963, 
1963, 
1963, 
1963, 
1963, 
1963, 
1963, 
1963, 
1964, 
1966, 
1967, 
1967, 
1967, 
1967, 
1967, 
1967, 
1967, 
1967, 
1967, 
1967, 
1967, 
1969, 
1971, 
1971, 
1971, 
1971, 
1971, 
1971, 
1971, 
1971, 
1972, 
1974, 
1976, 
1977, 
1977, 
1977, 
1977, 
1977, 
1977, 
1977, 
1977, 
1977, 
1977, 
1977, 
1977, 
1977, 
1977, 
1977, 
1977, 
1977, 
1977, 
1978, 
1980, 
1982, 
1984, 
1987, 
1989, 
1991, 
1993, 
1993, 
1993, 
1993, 
1993, 
1993, 
1993, 
1993, 
1993, 
1993, 
1993, 
1993, 
1994, 
1995, 
1995, 
1995, 
1995, 
1995, 
1996, 
1997, 
1997, 
1997, 
1997, 
1997, 
1997, 
1997, 
1997, 
1997, 
1997, 
1997, 
1997, 
1997, 
1997, 
1998, 
1999, 
1999, 
1999, 
1999, 
1999, 
1999, 
1999, 
2000, 
2001, 
2001, 
2001, 
2001, 
2001, 
2001, 
2001, 
2001, 
2001, 
2001, 
2002, 
2003, 
2003, 
2003, 
2003, 
2003, 
2003, 
2003, 
2003, 
2003, 
2003, 
2004, 
2006, 
2008, 
2009, 
2009, 
2009, 
2009, 
2009, 
2009, 
2009, 
2009, 
2009, 
2009, 
2009, 
2009, 
2009, 
2009, 
2009, 
2009, 
2009, 
2009, 
2010, 
2011, 
2013, 
2015, 
2015, 
2015, 
2015, 
2015, 
2015, 
2015, 
2015, 
2015, 
2015, 
2015, 
2015, 
2015, 
2015, 
2015, 
2015, 
2015, 
2016, 
2017, 
2017, 
2017, 
2017, 
2017, 
2018, 
2019, 
2019, 
2019, 
2019, 
2020, 
2021, 
2021, 
2022, 
2024, 
2025, 
2025, 
2025, 
2026, 
2027, 
2027, 
2027, 
2027, 
2027, 
2027, 
2027, 
2027, 
2027, 
2027, 
2027, 
2027, 
2027, 
2027, 
2027, 
2028, 
2029, 
2029, 
2029, 
2029, 
2031, 
2034, 
2035, 
2035, 
2035, 
2035, 
2036, 
2038, 
2039, 
2040, 
2041, 
2041, 
2041, 
2041, 
2041, 
2041, 
2041, 
2041, 
2041, 
2041, 
2041, 
2041, 
2041, 
2041, 
2041, 
2042, 
2043, 
2043, 
2043, 
2043, 
2043, 
2043, 
2043, 
2044, 
2045, 
2045, 
2045, 
2045, 
2045, 
2045, 
2045, 
2045, 
2045, 
2045, 
2045, 
2045, 
2045, 
2045, 
2045, 
2045, 
2045, 
2045, 
2047, 
2049, 
2049, 
2049, 
2049, 
2049, 
2050, 
2051, 
2051, 
2051, 
2051, 
2051, 
2051, 
2051, 
2052, 
2053, 
2053, 
2053, 
2053, 
2053, 
2053, 
2053, 
2053, 
2053, 
2053, 
2053, 
2053, 
2053, 
2053, 
2053, 
2053, 
2053, 
2053, 
2053, 
2053, 
2053, 
2053, 
2053, 
2053, 
2054, 
2055, 
2055, 
2055, 
2055, 
2055, 
2055, 
2055, 
2056, 
2057, 
2058, 
2059, 
2059, 
2059, 
2059, 
2059, 
2059, 
2059, 
2059, 
2059, 
2059, 
2059, 
2059, 
2059, 
2059, 
2060, 
2061, 
2062, 
2063, 
2063, 
2063, 
2063, 
2063, 
2063, 
2063, 
2063, 
2063, 
2063, 
2063, 
2063, 
2063, 
2063, 
2063, 
2064, 
2065, 
2065, 
2065, 
2065, 
2065, 
2065, 
2065, 
2065, 
2065, 
2065, 
2065, 
2066, 
2067, 
2067, 
2067, 
2067, 
2069, 
2071, 
2071, 
2071, 
2071, 
2071, 
2071, 
2072, 
2073, 
2073, 
2074, 
2075, 
2075, 
2075, 
2076, 
2077, 
2077, 
2077, 
2077, 
2077, 
2077, 
2077, 
2077, 
2077, 
2077, 
2077, 
2077, 
2077, 
2077, 
2077, 
2078, 
2080, 
2081, 
2081, 
2081, 
2081, 
2081, 
2081, 
2081, 
2081, 
2081, 
2081, 
2081, 
2081, 
2081, 
2081, 
2081, 
2081, 
2081, 
2082, 
2083, 
2083, 
2083, 
2083, 
2084, 
2085, 
2085, 
2085, 
2085, 
2085, 
2085, 
2086, 
2087, 
2087, 
2088, 
2089, 
2090, 
2091, 
2091, 
2091, 
2091, 
2091, 
2091, 
2091, 
2091, 
2091, 
2091, 
2091, 
2092, 
2093, 
2093, 
2093, 
2093, 
2095, 
2098, 
2099, 
2099, 
2099, 
2099, 
2099, 
2100, 
2101, 
2101, 
2101, 
2101, 
2101, 
2101, 
2101, 
2101, 
2101, 
2101, 
2101, 
2101, 
2101, 
2101, 
2101, 
2101, 
2101, 
2101, 
2101, 
2101, 
2101, 
2101, 
2101, 
2101, 
2103, 
2105, 
2105, 
2105, 
2106, 
2107, 
2107, 
2107, 
2107, 
2107, 
2107, 
2107, 
2108, 
2109, 
2109, 
2109, 
2109, 
2109, 
2109, 
2109, 
2109, 
2109, 
2109, 
2109, 
2109, 
2109, 
2109, 
2109, 
2109, 
2109, 
2111, 
2113, 
2113, 
2113, 
2113, 
2113, 
2113, 
2113, 
2114, 
2115, 
2115, 
2115, 
2115, 
2115, 
2115, 
2115, 
2115, 
2115, 
2115, 
2116, 
2117, 
2117, 
2117, 
2118, 
2119, 
2119, 
2119, 
2119, 
2119, 
2119, 
2119, 
2119, 
2120, 
2121, 
2121, 
2121, 
2121, 
2121, 
2121, 
2121, 
2121, 
2121, 
2121, 
2121, 
2121, 
2121, 
2121, 
2121, 
2121, 
2121, 
2121, 
2121, 
2121, 
2121, 
2121, 
2121, 
2121, 
2121, 
2122, 
2123, 
2123, 
2123, 
2123, 
2123, 
2123, 
2123, 
2124, 
2125, 
2126, 
2127, 
2127, 
2127, 
2127, 
2127, 
2127, 
2127, 
2127, 
2127, 
2128, 
2129, 
2129, 
2129, 
2130, 
2131, 
2131, 
2131, 
2131, 
2131, 
2131, 
2131, 
2131, 
2131, 
2131, 
2131, 
2131, 
2131, 
2131, 
2131, 
2131, 
2131, 
2131, 
2131, 
2131, 
2132, 
2133, 
2133, 
2133, 
2133, 
2133, 
2133, 
2133, 
2133, 
2134, 
2135, 
2135, 
2135, 
2135, 
2135, 
2136, 
2137, 
2137, 
2137, 
2137, 
2137, 
2137, 
2139, 
2141, 
2142, 
2143, 
2144, 
2145, 
2145, 
2145, 
2145, 
2145, 
2145, 
2145, 
2145, 
2145, 
2145, 
2145, 
2146, 
2147, 
2147, 
2147, 
2147, 
2147, 
2147, 
2147, 
2147, 
2147, 
2147, 
2147, 
2147, 
2147, 
2147, 
2147, 
2147, 
2147, 
2147, 
2147, 
2147, 
2147, 
2147, 
2148, 
2149, 
2149, 
2149, 
2149, 
2149, 
2149, 
2149, 
2149, 
2149, 
2149, 
2149, 
2149, 
2149, 
2149, 
2149, 
2149, 
2149, 
2150, 
2151, 
2151, 
2151, 
2151, 
2151, 
2151, 
2151, 
2152, 
2153, 
2153, 
2153, 
2153, 
2153, 
2153, 
2153, 
2153, 
2153, 
2153, 
2153, 
2153, 
2154, 
2155, 
2155, 
2155, 
2155, 
2155, 
2155, 
2155, 
2155, 
2155, 
2155, 
2156, 
2157, 
2157, 
2157, 
2157, 
2158, 
2160, 
2161, 
2161, 
2161, 
2161, 
2161, 
2161, 
2161, 
2161, 
2161, 
2161, 
2161, 
2161, 
2161, 
2161, 
2161, 
2161, 
2161, 
2161, 
2161, 
2161, 
2162, 
2164, 
2165, 
2165, 
2165, 
2165, 
2165, 
2165, 
2165, 
2165, 
2165, 
2166, 
2167, 
2168, 
2169, 
2169, 
2169, 
2169, 
2169, 
2169, 
2169, 
2169, 
2169, 
2169, 
2169, 
2169, 
2169, 
2169, 
2169, 
2169, 
2169, 
2169, 
2170, 
2171, 
2171, 
2171, 
2171, 
2171, 
2171, 
2171, 
2171, 
2171, 
2171, 
2171, 
2171, 
2171, 
2171, 
2171, 
2171, 
2171, 
2171, 
2171, 
2172, 
2173, 
2173, 
2173, 
2173, 
2174, 
2175, 
2175, 
2175, 
2175, 
2175, 
2175, 
2175, 
2176, 
2177, 
2177, 
2177, 
2177, 
2177, 
2178, 
2179, 
2179, 
2179, 
2179, 
2179, 
2179, 
2179, 
2179, 
2179, 
2180, 
2181, 
2181, 
2181, 
2181, 
2181, 
2181, 
2182, 
2184, 
2185, 
2185, 
2185, 
2185, 
2185, 
2186, 
2187, 
2187, 
2187, 
2187, 
2188, 
2189, 
2189, 
2189, 
2189, 
2189, 
2189, 
2189, 
2189, 
2190, 
2191, 
2191, 
2191, 
2191, 
2191, 
2192, 
2193, 
2193, 
2193, 
2193, 
2193, 
2193, 
2193, 
2193, 
2193, 
2193, 
2193, 
2193, 
2194, 
2195, 
2195, 
2196, 
2197, 
2197, 
2198, 
2199, 
2199, 
2200, 
2201, 
2201, 
2201, 
2201, 
2202, 
2203, 
2203, 
2203, 
2204, 
2205, 
2205, 
2205, 
2206, 
2207, 
2208, 
2209, 
2209, 
2209, 
2209, 
2209, 
2209, 
2209, 
2209, 
2209, 
2209, 
2209, 
2209, 
2209, 
2209, 
2209, 
2209, 
2209, 
2209, 
2210, 
2211, 
2211, 
2211, 
2211, 
2211, 
2211, 
2211, 
2211, 
2211, 
2211, 
2211, 
2211, 
2211, 
2211, 
2211, 
2211, 
2211, 
2211, 
2211, 
2211, 
2211, 
2212, 
2214, 
2215, 
2215, 
2215, 
2215, 
2215, 
2215, 
2215, 
2215, 
2215, 
2215, 
2215, 
2215, 
2215, 
2215, 
2215, 
2215, 
2215, 
2215, 
2215, 
2215, 
2215, 
2215, 
2217, 
2219, 
2220, 
2221, 
2221, 
2221, 
2221, 
2221, 
2221, 
2222, 
2223, 
2223, 
2223, 
2223, 
2223, 
2224, 
2226, 
2228, 
2229, 
2229, 
2229, 
2230, 
2231, 
2231, 
2231, 
2231, 
2231, 
2231, 
2231, 
2231, 
2231, 
2231, 
2231, 
2233, 
2235, 
2235, 
2235, 
2235, 
2235, 
2235, 
2235, 
2236, 
2238, 
2239, 
2239, 
2239, 
2239, 
2239, 
2239, 
2239, 
2240, 
2241, 
2241, 
2241, 
2241, 
2241, 
2242, 
2243, 
2243, 
2243, 
2244, 
2245, 
2245, 
2245, 
2246, 
2247, 
2248, 
2249, 
2249, 
2249, 
2249, 
2249, 
2249, 
2249, 
2249, 
2249, 
2249, 
2249, 
2249, 
2249, 
2249, 
2250, 
2251, 
2251, 
2251, 
2252, 
2254, 
2255, 
2255, 
2255, 
2255, 
2255, 
2255, 
2255, 
2255, 
2255, 
2255, 
2255, 
2255, 
2255, 
2255, 
2255, 
2255, 
2255, 
2255, 
2255, 
2255, 
2255, 
2255, 
2256, 
2257, 
2257, 
2257, 
2257, 
2257, 
2257, 
2257, 
2257, 
2257, 
2257, 
2257, 
2257, 
2257, 
2258, 
2259, 
2260, 
2262, 
2263, 
2263, 
2263, 
2263, 
2263, 
2263, 
2263, 
2263, 
2263, 
2263, 
2263, 
2263, 
2263, 
2263, 
2264, 
2265, 
2265, 
2265, 
2265, 
2265, 
2266, 
2268, 
2269, 
2269, 
2270, 
2271, 
2272, 
2273, 
2273, 
2273, 
2273, 
2273, 
2273, 
2273, 
2273, 
2273, 
2275, 
2277, 
2277, 
2278, 
2279, 
2279, 
2279, 
2280, 
2282, 
2284, 
2286, 
2287, 
2287, 
2287, 
2287, 
2287, 
2287, 
2287, 
2287, 
2287, 
2287, 
2287, 
2287, 
2287, 
2287, 
2287, 
2287, 
2287, 
2287, 
2287, 
2287, 
2287, 
2287, 
2288, 
2289, 
2289, 
2289, 
2289, 
2289, 
2289, 
2289, 
2289, 
2289, 
2289, 
2289, 
2289, 
2289, 
2289, 
2289, 
2290, 
2291, 
2291, 
2291, 
2292, 
2294, 
2295, 
2295, 
2295, 
2295, 
2295, 
2295, 
2295, 
2295, 
2295, 
2296, 
2297, 
2297, 
2297, 
2297, 
2297, 
2297, 
2297, 
2297, 
2297, 
2297, 
2297, 
2297, 
2297, 
2297, 
2297, 
2297, 
2297, 
2297, 
2297, 
2297, 
2297, 
2297, 
2297, 
2297, 
2297, 
2297, 
2297, 
2297, 
2297, 
2297, 
2297, 
2297, 
2297, 
2297, 
2297, 
2297, 
2297, 
2297, 
2297, 
2297, 
2298, 
2299, 
2299, 
2299, 
2299, 
2299, 
2300, 
2301, 
2301, 
2301, 
2302, 
2303, 
2303, 
2303, 
2304, 
2306, 
2307, 
2307, 
2307, 
2307, 
2307, 
2307, 
2307, 
2307, 
2307, 
2307, 
2307, 
2307, 
2307, 
2307, 
2307, 
2307, 
2307, 
2307, 
2307, 
2307, 
2307, 
2308, 
2310, 
2312, 
2313, 
2314, 
2315, 
2315, 
2315, 
2315, 
2315, 
2315, 
2315, 
2315, 
2315, 
2315, 
2315, 
2315, 
2315, 
2315, 
2315, 
2315, 
2316, 
2317, 
2317, 
2317, 
2317, 
2317, 
2317, 
2318, 
2319, 
2319, 
2319, 
2319, 
2319, 
2319, 
2319, 
2319, 
2319, 
2319, 
2319, 
2319, 
2319, 
2319, 
2319, 
2319, 
2319, 
2319, 
2319, 
2319, 
2319, 
2319, 
2319, 
2319, 
2319, 
2319, 
2319, 
2319, 
2319, 
2319, 
2319, 
2319, 
2319, 
2319, 
2319, 
2319, 
2319, 
2319, 
2319, 
2319, 
2319, 
2319, 
2319, 
2319, 
2319, 
2319, 
2319, 
2319, 
2319, 
2319, 
2320, 
2321, 
2322, 
2323, 
2323, 
2323, 
2323, 
2323, 
2323, 
2323, 
2324, 
2327, 
2329, 
2329, 
2329, 
2330, 
2332, 
2333, 
2333, 
2333, 
2334, 
2335, 
2335, 
2335, 
2335, 
2335, 
2335, 
2335, 
2336, 
2337, 
2337, 
2338, 
2340, 
2341, 
2341, 
2341, 
2341, 
2341, 
2341, 
2341, 
2341, 
2341, 
2341, 
2342, 
2343, 
2343, 
2343, 
2343, 
2343, 
2343, 
2343, 
2345, 
2347, 
2347, 
2347, 
2347, 
2347, 
2348, 
2350, 
2352, 
2353, 
2354, 
2355, 
2356, 
2357, 
2357, 
2357, 
2357, 
2357, 
2357, 
2357, 
2357, 
2357, 
2357, 
2357, 
2357, 
2357, 
2357, 
2357, 
2357, 
2357, 
2357, 
2357, 
2357, 
2357, 
2357, 
2357, 
2357, 
2357, 
2357, 
2358, 
2359, 
2360, 
2361, 
2361, 
2361, 
2361, 
2361, 
2362, 
2363, 
2363, 
2363, 
2363, 
2363, 
2364, 
2365, 
2365, 
2366, 
2367, 
2367, 
2369, 
2373, 
2376, 
2377, 
2377, 
2378, 
2380, 
2381, 
2381, 
2381, 
2381, 
2381, 
2382, 
2383, 
2383, 
2383, 
2383, 
2383, 
2383, 
2383, 
2383, 
2383, 
2383, 
2383, 
2383, 
2383, 
2383, 
2383, 
2383, 
2383, 
2383, 
2383, 
2384, 
2385, 
2385, 
2385, 
2385, 
2385, 
2385, 
2385, 
2386, 
2387, 
2387, 
2388, 
2389, 
2389, 
2389, 
2389, 
2390, 
2391, 
2391, 
2391, 
2391, 
2391, 
2391, 
2391, 
2391, 
2391, 
2391, 
2391, 
2391, 
2391, 
2391, 
2391, 
2391, 
2392, 
2393, 
2393, 
2393, 
2393, 
2393, 
2393, 
2393, 
2393, 
2393, 
2393, 
2393, 
2393, 
2393, 
2393, 
2393, 
2393, 
2393, 
2393, 
2393, 
2393, 
2393, 
2393, 
2393, 
2393, 
2393, 
2393, 
2393, 
2393, 
2393, 
2393, 
2393, 
2393, 
2393, 
2393, 
2393, 
2393, 
2394, 
2395, 
2395, 
2395, 
2395, 
2395, 
2395, 
2395, 
2395, 
2395, 
2396, 
2397, 
2397, 
2397, 
2398, 
2399, 
2399, 
2399, 
2399, 
2399, 
2399, 
2400, 
2401, 
2401, 
2401, 
2401, 
2402, 
2403, 
2403, 
2403, 
2403, 
2403, 
2403, 
2404, 
2405, 
2405, 
2405, 
2405, 
2405, 
2405, 
2405, 
2405, 
2405, 
2405, 
2405, 
2405, 
2405, 
2405, 
2405, 
2405, 
2406, 
2407, 
2407, 
2408, 
2409, 
2409, 
2409, 
2409, 
2409, 
2409, 
2409, 
2409, 
2409, 
2409, 
2409, 
2409, 
2409, 
2410, 
2411, 
2411, 
2411, 
2411, 
2411, 
2411, 
2412, 
2413, 
2414, 
2415, 
2416, 
2417, 
2418, 
2419, 
2419, 
2419, 
2419, 
2419, 
2419, 
2419, 
2419, 
2419, 
2419, 
2419, 
2419, 
2419, 
2419, 
2419, 
2419, 
2419, 
2419, 
2419, 
2419, 
2419, 
2419, 
2419, 
2419, 
2419, 
2419, 
2419, 
2419, 
2419, 
2419, 
2419, 
2419, 
2420, 
2421, 
2421, 
2421, 
2422, 
2423, 
2423, 
2423, 
2423, 
2423, 
2423, 
2423, 
2424, 
2425, 
2425, 
2425, 
2425, 
2425, 
2425, 
2425, 
2426, 
2427, 
2427, 
2427, 
2427, 
2427, 
2427, 
2427, 
2427, 
2428, 
2429, 
2429, 
2429, 
2429, 
2430, 
2431, 
2431, 
2431, 
2431, 
2431, 
2431, 
2431, 
2432, 
2433, 
2433, 
2433, 
2433, 
2433, 
2433, 
2433, 
2433, 
2433, 
2434, 
2435, 
2435, 
2435, 
2435, 
2435, 
2435, 
2435, 
2435, 
2435, 
2436, 
2437, 
2437, 
2437, 
2438, 
2439, 
2439, 
2440, 
2441, 
2441, 
2441, 
2442, 
2443, 
2443, 
2443, 
2443, 
2443, 
2443, 
2445, 
2447, 
2447, 
2447, 
2447, 
2447, 
2448, 
2449, 
2449, 
2449, 
2449, 
2449, 
2449, 
2449, 
2449, 
2450, 
2451, 
2451, 
2451, 
2451, 
2451, 
2451, 
2451, 
2451, 
2452, 
2453, 
2453, 
2453, 
2453, 
2453, 
2453, 
2454, 
2455, 
2455, 
2455, 
2455, 
2455, 
2456, 
2458, 
2459, 
2459, 
2459, 
2459, 
2459, 
2459, 
2460, 
2461, 
2462, 
2463, 
2463, 
2463, 
2463, 
2463, 
2463, 
2463, 
2463, 
2463, 
2463, 
2463, 
2463, 
2463, 
2463, 
2463, 
2463, 
2463, 
2463, 
2463, 
2463, 
2463, 
2464, 
2465, 
2465, 
2465, 
2465, 
2466, 
2467, 
2467, 
2467, 
2467, 
2467, 
2467, 
2467, 
2467, 
2467, 
2467, 
2468, 
2469, 
2469, 
2469, 
2469, 
2469, 
2469, 
2469, 
2469, 
2469, 
2469, 
2469, 
2470, 
2471, 
2471, 
2471, 
2471, 
2472, 
2473, 
2474, 
2475, 
2475, 
2475, 
2475, 
2475, 
2475, 
2475, 
2476, 
2478, 
2480, 
2481, 
2481, 
2481, 
2481, 
2481, 
2481, 
2481, 
2483, 
2485, 
2485, 
2485, 
2485, 
2485, 
2488, 
2493, 
2495, 
2495, 
2495, 
2496, 
2497, 
2497, 
2497, 
2497, 
2497, 
2497, 
2497, 
2497, 
2497, 
2497, 
2497, 
2497, 
2497, 
2497, 
2497, 
2497, 
2497, 
2497, 
2497, 
2497, 
2497, 
2497, 
2497, 
2498, 
2499, 
2499, 
2499, 
2500, 
2501, 
2501, 
2501, 
2501, 
2501, 
2502, 
2503, 
2503, 
2503, 
2503, 
2504, 
2505, 
2505, 
2505, 
2505, 
2505, 
2505, 
2505, 
2505, 
2505, 
2505, 
2505, 
2505, 
2505, 
2505, 
2506, 
2507, 
2507, 
2507, 
2507, 
2507, 
2507, 
2508, 
2509, 
2509, 
2509, 
2510, 
2511, 
2511, 
2511, 
2511, 
2511, 
2511, 
2511, 
2511, 
2512, 
2515, 
2517, 
2517, 
2518, 
2519, 
2519, 
2519, 
2519, 
2521, 
2523, 
2523, 
2523, 
2523, 
2523, 
2523, 
2523, 
2523, 
2523, 
2523, 
2523, 
2524, 
2525, 
2525, 
2525, 
2525, 
2525, 
2525, 
2525, 
2525, 
2526, 
2527, 
2527, 
2527, 
2527, 
2528, 
2529, 
2530, 
2532, 
2533, 
2533, 
2533, 
2533, 
2533, 
2533, 
2533, 
2533, 
2533, 
2533, 
2533, 
2533, 
2533, 
2533, 
2533, 
2533, 
2533, 
2533, 
2533, 
2533, 
2533, 
2534, 
2535, 
2535, 
2535, 
2535, 
2535, 
2535, 
2535, 
2535, 
2535, 
2535, 
2535, 
2535, 
2535, 
2535, 
2536, 
2538, 
2540, 
2541, 
2541, 
2542, 
2544, 
2546, 
2548, 
2550, 
2551, 
2551, 
2551, 
2551, 
2551, 
2551, 
2551, 
2551, 
2551, 
2551, 
2551, 
2551, 
2551, 
2551, 
2551, 
2551, 
2551, 
2551, 
2551, 
2551, 
2551, 
2551, 
2551, 
2551, 
2551, 
2552, 
2553, 
2553, 
2553, 
2553, 
2553, 
2553, 
2553, 
2554, 
2555, 
2555, 
2556, 
2557, 
2558, 
2559, 
2559, 
2559, 
2559, 
2559, 
2559, 
2559, 
2559, 
2559, 
2559, 
2559, 
2559, 
2559, 
2559, 
2559, 
2559, 
2559, 
2559, 
2559, 
2560, 
2561, 
2561, 
2561, 
2561, 
2561, 
2561, 
2561, 
2561, 
2561, 
2562, 
2563, 
2563, 
2563, 
2563, 
2563, 
2563, 
2564, 
2565, 
2565, 
2566, 
2568, 
2569, 
2569, 
2569, 
2569, 
2569, 
2569, 
2569, 
2569, 
2569, 
2569, 
2569, 
2569, 
2569, 
2569, 
2569, 
2569, 
2569, 
2569, 
2569, 
2569, 
2569, 
2569, 
2569, 
2569, 
2569, 
2569, 
2569, 
2569, 
2569, 
2569, 
2570, 
2571, 
2571, 
2571, 
2571, 
2571, 
2571, 
2571, 
2571, 
2571, 
2571, 
2571, 
2571, 
2571, 
2571, 
2571, 
2571, 
2571, 
2571, 
2571, 
2572, 
2573, 
2573, 
2573, 
2573, 
2573, 
2573, 
2573, 
2573, 
2573, 
2573, 
2573, 
2573, 
2573, 
2573, 
2573, 
2573, 
2573, 
2573, 
2573, 
2573, 
2573, 
2573, 
2575, 
2578, 
2579, 
2579, 
2579, 
2579, 
2579, 
2580, 
2581, 
2581, 
2582, 
2583, 
2583, 
2583, 
2583, 
2583, 
2583, 
2583, 
2583, 
2583, 
2583, 
2583, 
2583, 
2583, 
2584, 
2586, 
2587, 
2587, 
2587, 
2587, 
2587, 
2587, 
2587, 
2587, 
2587, 
2589, 
2592, 
2593, 
2593, 
2593, 
2593, 
2593, 
2593, 
2593, 
2593, 
2593, 
2593, 
2593, 
2593, 
2593, 
2593, 
2593, 
2593, 
2593, 
2593, 
2593, 
2593, 
2593, 
2594, 
2595, 
2595, 
2595, 
2595, 
2595, 
2595, 
2595, 
2595, 
2595, 
2595, 
2595, 
2595, 
2595, 
2595, 
2595, 
2595, 
2595, 
2595, 
2595, 
2595, 
2595, 
2596, 
2597, 
2598, 
2600, 
2601, 
2601, 
2601, 
2601, 
2601, 
2601, 
2601, 
2601, 
2601, 
2601, 
2601, 
2601, 
2601, 
2601, 
2602, 
2604, 
2606, 
2607, 
2607, 
2607, 
2607, 
2607, 
2607, 
2607, 
2607, 
2608, 
2609, 
2609, 
2609, 
2609, 
2609, 
2609, 
2609, 
2610, 
2611, 
2611, 
2611, 
2611, 
2611, 
2611, 
2612, 
2613, 
2613, 
2614, 
2616, 
2617, 
2617, 
2617, 
2617, 
2617, 
2617, 
2617, 
2617, 
2617, 
2617, 
2617, 
2617, 
2618, 
2619, 
2619, 
2619, 
2619, 
2619, 
2619, 
2619, 
2619, 
2619, 
2619, 
2619, 
2619, 
2619, 
2619, 
2619, 
2619, 
2619, 
2619, 
2619, 
2619, 
2620, 
2621, 
2621, 
2622, 
2623, 
2623, 
2623, 
2623, 
2623, 
2623, 
2623, 
2623, 
2623, 
2623, 
2623, 
2623, 
2623, 
2623, 
2623, 
2623, 
2623, 
2623, 
2624, 
2625, 
2625, 
2626, 
2627, 
2627, 
2627, 
2627, 
2628, 
2630, 
2631, 
2631, 
2631, 
2632, 
2633, 
2633, 
2633, 
2633, 
2633, 
2634, 
2635, 
2635, 
2635, 
2635, 
2635, 
2635, 
2635, 
2635, 
2636, 
2637, 
2637, 
2637, 
2637, 
2637, 
2637, 
2637, 
2637, 
2637, 
2637, 
2637, 
2637, 
2637, 
2638, 
2640, 
2642, 
2643, 
2643, 
2643, 
2643, 
2643, 
2644, 
2645, 
2645, 
2645, 
2645, 
2645, 
2645, 
2646, 
2647, 
2647, 
2647, 
2647, 
2647, 
2647, 
2647, 
2647, 
2648, 
2649, 
2649, 
2649, 
2649, 
2649, 
2649, 
2649, 
2649, 
2649, 
2650, 
2651, 
2651, 
2651, 
2652, 
2653, 
2653, 
2653, 
2653, 
2654, 
2655, 
2656, 
2657, 
2657, 
2657, 
2657, 
2657, 
2657, 
2657, 
2657, 
2657, 
2657, 
2657, 
2657, 
2657, 
2659, 
2661, 
2661, 
2661, 
2661, 
2661, 
2661, 
2661, 
2661, 
2661, 
2661, 
2661, 
2662, 
2663, 
2663, 
2663, 
2663, 
2664, 
2665, 
2665, 
2665, 
2665, 
2665, 
2665, 
2665, 
2665, 
2665, 
2665, 
2665, 
2665, 
2665, 
2665, 
2665, 
2665, 
2668, 
2671, 
2671, 
2671, 
2673, 
2675, 
2675, 
2675, 
2676, 
2677, 
2677, 
2677, 
2677, 
2677, 
2677, 
2677, 
2677, 
2677, 
2678, 
2679, 
2679, 
2679, 
2679, 
2679, 
2679, 
2679, 
2679, 
2680, 
2682, 
2683, 
2683, 
2683, 
2683, 
2683, 
2683, 
2684, 
2685, 
2685, 
2685, 
2685, 
2685, 
2685, 
2685, 
2685, 
2685, 
2685, 
2685, 
2685, 
2686, 
2687, 
2687, 
2687, 
2687, 
2687, 
2689, 
2691, 
2691, 
2691, 
2691, 
2691, 
2691, 
2691, 
2691, 
2692, 
2693, 
2693, 
2694, 
2695, 
2695, 
2695, 
2695, 
2695, 
2695, 
2695, 
2695, 
2695, 
2695, 
2695, 
2695, 
2695, 
2695, 
2695, 
2695, 
2695, 
2695, 
2695, 
2695, 
2695, 
2695, 
2695, 
2695, 
2695, 
2695, 
2695, 
2696, 
2697, 
2697, 
2697, 
2697, 
2697, 
2697, 
2697, 
2697, 
2697, 
2697, 
2697, 
2697, 
2697, 
2697, 
2697, 
2697, 
2697, 
2697, 
2697, 
2697, 
2697, 
2697, 
2697, 
2698, 
2699, 
2699, 
2699, 
2699, 
2699, 
2699, 
2699, 
2699, 
2699, 
2699, 
2699, 
2699, 
2699, 
2699, 
2699, 
2700, 
2702, 
2704, 
2705, 
2705, 
2705, 
2705, 
2705, 
2705, 
2705, 
2705, 
2705, 
2706, 
2707, 
2707, 
2707, 
2707, 
2707, 
2708, 
2709, 
2709, 
2709, 
2709, 
2709, 
2709, 
2709, 
2709, 
2709, 
2709, 
2709, 
2709, 
2709, 
2710, 
2711, 
2711, 
2711, 
2712, 
2713, 
2713, 
2713, 
2713, 
2713, 
2713, 
2713, 
2713, 
2713, 
2713, 
2713, 
2713, 
2713, 
2713, 
2713, 
2713, 
2713, 
2713, 
2713, 
2713, 
2713, 
2713, 
2713, 
2713, 
2713, 
2713, 
2713, 
2713, 
2713, 
2714, 
2715, 
2715, 
2715, 
2715, 
2715, 
2715, 
2715, 
2716, 
2717, 
2717, 
2717, 
2718, 
2719, 
2719, 
2719, 
2719, 
2719, 
2719, 
2719, 
2719, 
2719, 
2719, 
2719, 
2719, 
2719, 
2720, 
2721, 
2721, 
2721, 
2721, 
2721, 
2721, 
2721, 
2721, 
2721, 
2721, 
2721, 
2721, 
2721, 
2721, 
2721, 
2721, 
2721, 
2721, 
2721, 
2721, 
2723, 
2725, 
2725, 
2725, 
2725, 
2725, 
2725, 
2725, 
2725, 
2725, 
2725, 
2725, 
2725, 
2726, 
2728, 
2729, 
2729, 
2729, 
2729, 
2729, 
2729, 
2729, 
2729, 
2729, 
2729, 
2729, 
2729, 
2730, 
2731, 
2731, 
2731, 
2731, 
2731, 
2731, 
2731, 
2732, 
2734, 
2736, 
2737, 
2737, 
2737, 
2738, 
2739, 
2739, 
2739, 
2739, 
2739, 
2739, 
2739, 
2739, 
2740, 
2741, 
2741, 
2741, 
2741, 
2741, 
2741, 
2742, 
2743, 
2743, 
2743, 
2743, 
2743, 
2743, 
2743, 
2743, 
2743, 
2743, 
2743, 
2743, 
2743, 
2744, 
2745, 
2745, 
2745, 
2745, 
2745, 
2745, 
2745, 
2745, 
2746, 
2748, 
2749, 
2749, 
2749, 
2749, 
2749, 
2749, 
2749, 
2750, 
2751, 
2751, 
2752, 
2753, 
2754, 
2756, 
2757, 
2757, 
2757, 
2757, 
2757, 
2757, 
2757, 
2757, 
2757, 
2757, 
2757, 
2757, 
2757, 
2757, 
2757, 
2757, 
2757, 
2757, 
2757, 
2757, 
2757, 
2757, 
2757, 
2757, 
2757, 
2758, 
2759, 
2759, 
2760, 
2761, 
2761, 
2761, 
2761, 
2761, 
2761, 
2761, 
2761, 
2761, 
2761, 
2761, 
2761, 
2761, 
2761, 
2761, 
2762, 
2763, 
2763, 
2763, 
2763, 
2763, 
2763, 
2763, 
2763, 
2764, 
2765, 
2765, 
2766, 
2767, 
2767, 
2767, 
2767, 
2767, 
2767, 
2767, 
2767, 
2769, 
2771, 
2771, 
2771, 
2771, 
2771, 
2771, 
2771, 
2771, 
2771, 
2771, 
2771, 
2771, 
2771, 
2771, 
2771, 
2771, 
2773, 
2775, 
2775, 
2776, 
2777, 
2777, 
2777, 
2777, 
2777, 
2777, 
2777, 
2777, 
2777, 
2777, 
2777, 
2777, 
2778, 
2779, 
2779, 
2779, 
2781, 
2783, 
2783, 
2783, 
2783, 
2783, 
2783, 
2783, 
2783, 
2783, 
2783, 
2784, 
2785, 
2786, 
2787, 
2789, 
2791, 
2791, 
2791, 
2791, 
2791, 
2791, 
2791, 
2792, 
2793, 
2793, 
2793, 
2795, 
2797, 
2797, 
2797, 
2797, 
2797, 
2797, 
2797, 
2798, 
2799, 
2799, 
2799, 
2800, 
2801, 
2801, 
2801, 
2801, 
2802, 
2803, 
2804, 
2806, 
2807, 
2807, 
2807, 
2807, 
2807, 
2807, 
2807, 
2807, 
2807, 
2807, 
2807, 
2807, 
2807, 
2807, 
2807, 
2807, 
2807, 
2807, 
2807, 
2807, 
2807, 
2807, 
2808, 
2809, 
2809, 
2811, 
2813, 
2813, 
2813, 
2813, 
2813, 
2813, 
2813, 
2813, 
2813, 
2813, 
2813, 
2813, 
2813, 
2813, 
2813, 
2813, 
2813, 
2814, 
2816, 
2818, 
2819, 
2819, 
2819, 
2819, 
2819, 
2819, 
2819, 
2819, 
2819, 
2819, 
2819, 
2820, 
2821, 
2821, 
2821, 
2821, 
2821, 
2821, 
2821, 
2821, 
2821, 
2821, 
2821, 
2821, 
2821, 
2821, 
2822, 
2823, 
2825, 
2827, 
2827, 
2827, 
2828, 
2829, 
2829, 
2831, 
2833, 
2833, 
2833, 
2833, 
2833, 
2833, 
2833, 
2833, 
2833, 
2833, 
2833, 
2833, 
2833, 
2833, 
2833, 
2833, 
2833, 
2833, 
2833, 
2834, 
2835, 
2835, 
2835, 
2835, 
2835, 
2835, 
2835, 
2836, 
2837, 
2837, 
2837, 
2837, 
2837, 
2837, 
2837, 
2837, 
2837, 
2837, 
2837, 
2837, 
2838, 
2839, 
2840, 
2841, 
2842, 
2843, 
2843, 
2843, 
2843, 
2843, 
2844, 
2845, 
2845, 
2845, 
2845, 
2845, 
2845, 
2845, 
2845, 
2845, 
2845, 
2845, 
2845, 
2846, 
2847, 
2847, 
2847, 
2848, 
2849, 
2850, 
2851, 
2851, 
2851, 
2852, 
2853, 
2854, 
2856, 
2857, 
2857, 
2857, 
2857, 
2857, 
2857, 
2857, 
2857, 
2857, 
2857, 
2857, 
2857, 
2857, 
2857, 
2857, 
2857, 
2857, 
2857, 
2857, 
2857, 
2857, 
2857, 
2857, 
2857, 
2857, 
2857, 
2857, 
2857, 
2857, 
2857, 
2857, 
2857, 
2857, 
2858, 
2859, 
2859, 
2859, 
2859, 
2859, 
2859, 
2859, 
2859, 
2859, 
2859, 
2859, 
2859, 
2859, 
2859, 
2859, 
2859, 
2859, 
2859, 
2859, 
2859, 
2859, 
2859, 
2859, 
2859, 
2859, 
2859, 
2860, 
2861, 
2861, 
2861, 
2861, 
2861, 
2861, 
2861, 
2861, 
2862, 
2863, 
2864, 
2866, 
2867, 
2868, 
2869, 
2869, 
2869, 
2869, 
2869, 
2869, 
2869, 
2869, 
2870, 
2871, 
2872, 
2873, 
2873, 
2873, 
2874, 
2875, 
2875, 
2875, 
2875, 
2876, 
2877, 
2877, 
2877, 
2877, 
2877, 
2878, 
2879, 
2879, 
2879, 
2879, 
2879, 
2879, 
2879, 
2879, 
2879, 
2879, 
2879, 
2880, 
2881, 
2881, 
2881, 
2881, 
2881, 
2881, 
2882, 
2883, 
2883, 
2883, 
2883, 
2883, 
2883, 
2884, 
2885, 
2887, 
2889, 
2889, 
2889, 
2889, 
2889, 
2889, 
2889, 
2889, 
2889, 
2889, 
2889, 
2889, 
2889, 
2889, 
2889, 
2889, 
2889, 
2889, 
2889, 
2889, 
2889, 
2889, 
2889, 
2889, 
2890, 
2891, 
2891, 
2893, 
2897, 
2900, 
2902, 
2903, 
2903, 
2903, 
2903, 
2903, 
2904, 
2905, 
2905, 
2905, 
2905, 
2906, 
2908, 
2909, 
2909, 
2910, 
2912, 
2913, 
2914, 
2915, 
2916, 
2917, 
2917, 
2917, 
2917, 
2917, 
2917, 
2917, 
2917, 
2918, 
2919, 
2919, 
2920, 
2921, 
2921, 
2921, 
2921, 
2921, 
2921, 
2921, 
2921, 
2921, 
2921, 
2922, 
2923, 
2923, 
2923, 
2923, 
2923, 
2923, 
2923, 
2924, 
2925, 
2925, 
2926, 
2927, 
2927, 
2927, 
2927, 
2927, 
2927, 
2927, 
2927, 
2927, 
2927, 
2927, 
2927, 
2927, 
2928, 
2929, 
2929, 
2929, 
2929, 
2929, 
2929, 
2929, 
2929, 
2929, 
2929, 
2929, 
2929, 
2929, 
2929, 
2929, 
2929, 
2930, 
2931, 
2931, 
2931, 
2931, 
2931, 
2931, 
2931, 
2931, 
2931, 
2931, 
2931, 
2931, 
2931, 
2931, 
2931, 
2931, 
2931, 
2931, 
2931, 
2931, 
2931, 
2931, 
2931, 
2931, 
2931, 
2931, 
2931, 
2931, 
2931, 
2931, 
2931, 
2931, 
2931, 
2932, 
2933, 
2933, 
2933, 
2933, 
2933, 
2933, 
2934, 
2935, 
2935, 
2935, 
2936, 
2937, 
2938, 
2939, 
2939, 
2939, 
2939, 
2939, 
2939, 
2939, 
2939, 
2940, 
2941, 
2941, 
2941, 
2941, 
2941, 
2941, 
2941, 
2941, 
2941, 
2941, 
2941, 
2941, 
2941, 
2941, 
2941, 
2941, 
2941, 
2941, 
2941, 
2941, 
2942, 
2943, 
2943, 
2943, 
2943, 
2943, 
2944, 
2945, 
2945, 
2945, 
2945, 
2945, 
2945, 
2945, 
2945, 
2945, 
2945, 
2945, 
2945, 
2946, 
2947, 
2947, 
2947, 
2947, 
2947, 
2947, 
2947, 
2947, 
2947, 
2947, 
2947, 
2947, 
2947, 
2948, 
2949, 
2949, 
2949, 
2949, 
2949, 
2949, 
2949, 
2949, 
2949, 
2949, 
2949, 
2949, 
2949, 
2949, 
2949, 
2949, 
2950, 
2951, 
2951, 
2951, 
2951, 
2952, 
2953, 
2953, 
2953, 
2954, 
2955, 
2955, 
2955, 
2955, 
2955, 
2955, 
2955, 
2955, 
2955, 
2955, 
2956, 
2957, 
2957, 
2957, 
2957, 
2957, 
2957, 
2957, 
2957, 
2957, 
2957, 
2957, 
2957, 
2957, 
2957, 
2957, 
2957, 
2957, 
2957, 
2957, 
2957, 
2957, 
2957, 
2957, 
2957, 
2958, 
2961, 
2963, 
2963, 
2964, 
2965, 
2965, 
2965, 
2966, 
2967, 
2967, 
2967, 
2967, 
2967, 
2967, 
2967, 
2967, 
2968, 
2969, 
2969, 
2969, 
2969, 
2969, 
2969, 
2969, 
2969, 
2970, 
2971, 
2971, 
2971, 
2971, 
2971, 
2971, 
2971, 
2971, 
2971, 
2971, 
2971, 
2971, 
2971, 
2971, 
2971, 
2971, 
2972, 
2973, 
2973, 
2973, 
2973, 
2973, 
2973, 
2973, 
2973, 
2973, 
2973, 
2973, 
2973, 
2973, 
2973, 
2973, 
2973, 
2973, 
2973, 
2973, 
2973, 
2974, 
2975, 
2975, 
2975, 
2975, 
2975, 
2975, 
2975, 
2975, 
2975, 
2975, 
2975, 
2975, 
2976, 
2977, 
2977, 
2977, 
2977, 
2977, 
2977, 
2977, 
2977, 
2977, 
2977, 
2977, 
2977, 
2977, 
2977, 
2977, 
2977, 
2977, 
2977, 
2977, 
2977, 
2977, 
2978, 
2979, 
2980, 
2981, 
2981, 
2981, 
2981, 
2981, 
2981, 
2981, 
2982, 
2983, 
2983, 
2983, 
2983, 
2983, 
2983, 
2983, 
2983, 
2984, 
2985, 
2985, 
2985, 
2985, 
2985, 
2985, 
2985, 
2987, 
2989, 
2989, 
2989, 
2989, 
2989, 
2989, 
2989, 
2989, 
2989, 
2989, 
2989, 
2989, 
2989, 
2989, 
2989, 
2989, 
2989, 
2989, 
2989, 
2989, 
2989, 
2989, 
2989, 
2989, 
2989, 
2989, 
2989, 
2990, 
2991, 
2991, 
2991, 
2991, 
2991, 
2991, 
2991, 
2991, 
2991, 
2991, 
2991, 
2991, 
2991, 
2992, 
2993, 
2993, 
2993, 
2993, 
2994, 
2995, 
2995, 
2995, 
2995, 
2996, 
2997, 
2998, 
2999, 
2999, 
3000, 
3001, 
3001, 
3001, 
3001, 
3001, 
3001, 
3001, 
3001, 
3002, 
3003, 
3003, 
3003, 
3004, 
3005, 
3005, 
3005, 
3005, 
3005, 
3005, 
3005, 
3005, 
3005, 
3005, 
3005, 
3006, 
3007, 
3007, 
3007, 
3007, 
3007, 
3007, 
3008, 
3009, 
3009, 
3009, 
3009, 
3009, 
3009, 
3009, 
3009, 
3009, 
3009, 
3009, 
3009, 
3010, 
3011, 
3011, 
3011, 
3011, 
3011, 
3011, 
3011, 
3011, 
3011, 
3011, 
3011, 
3011, 
3011, 
3011, 
3011, 
3011, 
3011, 
3011, 
3011, 
3011, 
3011, 
3011, 
3011, 
3011, 
3011, 
3011, 
3011, 
3011, 
3011, 
3011, 
3011, 
3011, 
3011, 
3012, 
3013, 
3013, 
3013, 
3013, 
3013, 
3014, 
3015, 
3015, 
3016, 
3017, 
3018, 
3019, 
3019, 
3019, 
3019, 
3019, 
3019, 
3019, 
3021, 
3023, 
3023, 
3023, 
3023, 
3023, 
3023, 
3023, 
3024, 
3025, 
3025, 
3025, 
3025, 
3025, 
3025, 
3025, 
3025, 
3025, 
3025, 
3025, 
3025, 
3025, 
3025, 
3025, 
3025, 
3025, 
3025, 
3025, 
3025, 
3025, 
3025, 
3025, 
3025, 
3026, 
3027, 
3027, 
3027, 
3028, 
3029, 
3029, 
3030, 
3031, 
3031, 
3031, 
3031, 
3031, 
3031, 
3031, 
3031, 
3031, 
3031, 
3031, 
3031, 
3031, 
3031, 
3031, 
3031, 
3032, 
3033, 
3033, 
3033, 
3033, 
3033, 
3033, 
3034, 
3035, 
3035, 
3035, 
3036, 
3037, 
3037, 
3037, 
3037, 
3038, 
3040, 
3041, 
3042, 
3043, 
3043, 
3043, 
3043, 
3043, 
3043, 
3043, 
3043, 
3043, 
3043, 
3043, 
3043, 
3043, 
3043, 
3043, 
3043, 
3043, 
3043, 
3043, 
3043, 
3043, 
3043, 
3043, 
3043, 
3043, 
3043, 
3043, 
3043, 
3043, 
3043, 
3043, 
3043, 
3043, 
3043, 
3043, 
3043, 
3044, 
3045, 
3045, 
3045, 
3045, 
3045, 
3045, 
3045, 
3045, 
3045, 
3046, 
3047, 
3047, 
3047, 
3047, 
3047, 
3048, 
3049, 
3049, 
3049, 
3049, 
3049, 
3049, 
3049, 
3049, 
3049, 
3049, 
3049, 
3049, 
3049, 
3050, 
3052, 
3053, 
3053, 
3053, 
3053, 
3053, 
3054, 
3055, 
3055, 
3056, 
3057, 
3057, 
3057, 
3057, 
3057, 
3057, 
3057, 
3057, 
3058, 
3059, 
3059, 
3060, 
3061, 
3062, 
3064, 
3065, 
3065, 
3066, 
3067, 
3067, 
3067, 
3067, 
3067, 
3067, 
3067, 
3067, 
3068, 
3069, 
3069, 
3069, 
3069, 
3069, 
3069, 
3069, 
3069, 
3069, 
3070, 
3071, 
3071, 
3071, 
3071, 
3072, 
3074, 
3075, 
3076, 
3077, 
3078, 
3079, 
3079, 
3079, 
3079, 
3079, 
3079, 
3079, 
3079, 
3079, 
3079, 
3079, 
3079, 
3079, 
3079, 
3079, 
3079, 
3079, 
3079, 
3080, 
3081, 
3081, 
3081, 
3081, 
3081, 
3081, 
3081, 
3081, 
3081, 
3082, 
3083, 
3083, 
3083, 
3083, 
3083, 
3083, 
3083, 
3083, 
3086, 
3090, 
3091, 
3091, 
3091, 
3091, 
3091, 
3091, 
3092, 
3093, 
3093, 
3093, 
3093, 
3093, 
3094, 
3095, 
3095, 
3095, 
3095, 
3095, 
3095, 
3096, 
3097, 
3097, 
3097, 
3097, 
3097, 
3097, 
3097, 
3097, 
3097, 
3097, 
3097, 
3099, 
3101, 
3101, 
3101, 
3101, 
3101, 
3101, 
3101, 
3101, 
3102, 
3103, 
3104, 
3105, 
3105, 
3105, 
3105, 
3105, 
3105, 
3105, 
3105, 
3105, 
3105, 
3105, 
3105, 
3105, 
3105, 
3105, 
3105, 
3105, 
3106, 
3107, 
3107, 
3107, 
3107, 
3107, 
3107, 
3107, 
3107, 
3107, 
3107, 
3107, 
3108, 
3109, 
3109, 
3109, 
3109, 
3109, 
3110, 
3112, 
3113, 
3113, 
3113, 
3115, 
3117, 
3117, 
3117, 
3117, 
3117, 
3117, 
3117, 
3117, 
3117, 
3117, 
3117, 
3117, 
3117, 
3117, 
3117, 
3117, 
3117, 
3117, 
3118, 
3119, 
3120, 
3121, 
3121, 
3121, 
3121, 
3122, 
3124, 
3125, 
3126, 
3127, 
3127, 
3127, 
3127, 
3127, 
3128, 
3129, 
3129, 
3130, 
3131, 
3131, 
3131, 
3131, 
3131, 
3131, 
3131, 
3131, 
3131, 
3131, 
3131, 
3131, 
3131, 
3131, 
3131, 
3131, 
3131, 
3131, 
3131, 
3131, 
3131, 
3131, 
3131, 
3131, 
3131, 
3131, 
3131, 
3132, 
3133, 
3133, 
3134, 
3136, 
3137, 
3137, 
3137, 
3137, 
3137, 
3137, 
3137, 
3137, 
3137, 
3137, 
3137, 
3137, 
3137, 
3137, 
3137, 
3137, 
3137, 
3137, 
3137, 
3137, 
3137, 
3137, 
3137, 
3137, 
3137, 
3137, 
3137, 
3137, 
3137, 
3137, 
3137, 
3137, 
3137, 
3137, 
3137, 
3137, 
3137, 
3138, 
3139, 
3139, 
3139, 
3139, 
3139, 
3139, 
3139, 
3140, 
3141, 
3141, 
3141, 
3141, 
3141, 
3141, 
3141, 
3141, 
3141, 
3141, 
3141, 
3141, 
3141, 
3141, 
3142, 
3143, 
3143, 
3143, 
3143, 
3143, 
3144, 
3145, 
3145, 
3145, 
3145, 
3146, 
3147, 
3147, 
3147, 
3147, 
3147, 
3147, 
3147, 
3147, 
3147, 
3147, 
3148, 
3149, 
3150, 
3152, 
3153, 
3154, 
3155, 
3155, 
3155, 
3155, 
3155, 
3155, 
3155, 
3155, 
3155, 
3155, 
3155, 
3155, 
3155, 
3155, 
3156, 
3157, 
3157, 
3157, 
3157, 
3157, 
3157, 
3157, 
3157, 
3157, 
3157, 
3158, 
3160, 
3161, 
3161, 
3161, 
3161, 
3161, 
3162, 
3163, 
3164, 
3165, 
3165, 
3166, 
3167, 
3167, 
3167, 
3167, 
3167, 
3167, 
3167, 
3167, 
3167, 
3167, 
3169, 
3171, 
3171, 
3171, 
3171, 
3171, 
3171, 
3171, 
3171, 
3171, 
3171, 
3172, 
3173, 
3173, 
3174, 
3175, 
3175, 
3175, 
3175, 
3175, 
3175, 
3175, 
3175, 
3175, 
3178, 
3181, 
3181, 
3181, 
3181, 
3181, 
3181, 
3181, 
3181, 
3181, 
3181, 
3181, 
3182, 
3183, 
3183, 
3183, 
3184, 
3185, 
3185, 
3185, 
3185, 
3185, 
3185, 
3185, 
3186, 
3187, 
3188, 
3189, 
3189, 
3189, 
3189, 
3189, 
3189, 
3189, 
3189, 
3189, 
3189, 
3189, 
3189, 
3189, 
3190, 
3191, 
3191, 
3191, 
3192, 
3193, 
3194, 
3195, 
3195, 
3196, 
3197, 
3197, 
3197, 
3197, 
3197, 
3197, 
3197, 
3197, 
3197, 
3197, 
3197, 
3198, 
3199, 
3199, 
3199, 
3199, 
3199, 
3199, 
3199, 
3200, 
3201, 
3201, 
3201, 
3201, 
3201, 
3201, 
3201, 
3201, 
3201, 
3201, 
3201, 
3201, 
3201, 
3201, 
3201, 
3201, 
3201, 
3201, 
3201, 
3201, 
3201, 
3201, 
3201, 
3201, 
3201, 
3201, 
3202, 
3203, 
3203, 
3203, 
3203, 
3203, 
3203, 
3203, 
3203, 
3203, 
3203, 
3203, 
3203, 
3204, 
3205, 
3205, 
3205, 
3205, 
3205, 
3205, 
3205, 
3205, 
3206, 
3207, 
3207, 
3207, 
3207, 
3207, 
3208, 
3209, 
3209, 
3209, 
3209, 
3209, 
3209, 
3209, 
3209, 
3209, 
3209, 
3209, 
3209, 
3209, 
3209, 
3209, 
3209, 
3209, 
3209, 
3209, 
3209, 
3209, 
3209, 
3210, 
3211, 
3212, 
3215, 
3217, 
3217, 
3217, 
3217, 
3217, 
3217, 
3217, 
3217, 
3217, 
3217, 
3217, 
3217, 
3217, 
3217, 
3219, 
3221, 
3221, 
3222, 
3223, 
3223, 
3223, 
3223, 
3223, 
3223, 
3224, 
3225, 
3225, 
3226, 
3227, 
3227, 
3227, 
3227, 
3227, 
3227, 
3227, 
3227, 
3227, 
3227, 
3227, 
3227, 
3227, 
3227, 
3229, 
3231, 
3231, 
3231, 
3232, 
3233, 
3233, 
3233, 
3235, 
3237, 
3237, 
3237, 
3237, 
3237, 
3237, 
3237, 
3237, 
3237, 
3237, 
3237, 
3237, 
3237, 
3237, 
3237, 
3238, 
3239, 
3239, 
3239, 
3239, 
3239, 
3239, 
3239, 
3239, 
3239, 
3239, 
3239, 
3239, 
3239, 
3239, 
3239, 
3239, 
3239, 
3239, 
3239, 
3239, 
3239, 
3239, 
3239, 
3239, 
3239, 
3239, 
3239, 
3240, 
3241, 
3242, 
3243, 
3243, 
3243, 
3243, 
3243, 
3243, 
3243, 
3243, 
3243, 
3243, 
3243, 
3243, 
3244, 
3245, 
3246, 
3247, 
3247, 
3247, 
3247, 
3247, 
3247, 
3247, 
3247, 
3248, 
3249, 
3249, 
3249, 
3249, 
3249, 
3250, 
3251, 
3251, 
3251, 
3251, 
3251, 
3251, 
3251, 
3251, 
3251, 
3251, 
3251, 
3251, 
3251, 
3252, 
3254, 
3255, 
3255, 
3255, 
3255, 
3255, 
3255, 
3255, 
3256, 
3257, 
3257, 
3257, 
3258, 
3259, 
3259, 
3259, 
3260, 
3262, 
3263, 
3263, 
3263, 
3263, 
3264, 
3265, 
3265, 
3265, 
3265, 
3265, 
3265, 
3265, 
3265, 
3265, 
3265, 
3265, 
3265, 
3265, 
3266, 
3267, 
3268, 
3269, 
3269, 
3269, 
3269, 
3269, 
3269, 
3269, 
3269, 
3270, 
3272, 
3273, 
3273, 
3273, 
3273, 
3273, 
3273, 
3273, 
3273, 
3273, 
3273, 
3273, 
3273, 
3273, 
3273, 
3273, 
3273, 
3273, 
3273, 
3273, 
3273, 
3273, 
3273, 
3273, 
3273, 
3273, 
3273, 
3273, 
3273, 
3273, 
3275, 
3277, 
3277, 
3277, 
3277, 
3277, 
3278, 
3279, 
3279, 
3279, 
3279, 
3279, 
3279, 
3279, 
3279, 
3279, 
3279, 
3279, 
3279, 
3279, 
3279, 
3280, 
3281, 
3281, 
3281, 
3281, 
3281, 
3281, 
3281, 
3281, 
3281, 
3282, 
3284, 
3285, 
3285, 
3285, 
3285, 
3285, 
3285, 
3285, 
3285, 
3285, 
3285, 
3285, 
3285, 
3285, 
3285, 
3285, 
3285, 
3285, 
3286, 
3287, 
3287, 
3287, 
3287, 
3287, 
3287, 
3287, 
3287, 
3287, 
3287, 
3287, 
3287, 
3287, 
3287, 
3287, 
3287, 
3287, 
3288, 
3289, 
3289, 
3289, 
3289, 
3289, 
3289, 
3289, 
3289, 
3289, 
3290, 
3291, 
3291, 
3291, 
3291, 
3291, 
3291, 
3291, 
3291, 
3291, 
3291, 
3291, 
3291, 
3291, 
3291, 
3293, 
3295, 
3295, 
3295, 
3295, 
3295, 
3295, 
3295, 
3295, 
3295, 
3295, 
3295, 
3295, 
3295, 
3295, 
3297, 
3299, 
3299, 
3299, 
3299, 
3299, 
3299, 
3300, 
3301, 
3301, 
3302, 
3303, 
3303, 
3303, 
3303, 
3303, 
3303, 
3303, 
3303, 
3303, 
3303, 
3304, 
3306, 
3308, 
3309, 
3309, 
3309, 
3309, 
3309, 
3309, 
3310, 
3311, 
3311, 
3311, 
3311, 
3312, 
3313, 
3313, 
3313, 
3313, 
3313, 
3313, 
3313, 
3313, 
3313, 
3313, 
3313, 
3314, 
3315, 
3315, 
3315, 
3315, 
3315, 
3315, 
3315, 
3315, 
3315, 
3315, 
3315, 
3316, 
3318, 
3319, 
3319, 
3319, 
3319, 
3319, 
3319, 
3319, 
3319, 
3319, 
3319, 
3319, 
3319, 
3319, 
3319, 
3319, 
3319, 
3319, 
3319, 
3319, 
3319, 
3319, 
3319, 
3320, 
3321, 
3321, 
3322, 
3323, 
3323, 
3324, 
3326, 
3328, 
3329, 
3329, 
3329, 
3329, 
3329, 
3329, 
3329, 
3329, 
3329, 
3329, 
3330, 
3331, 
3331, 
3331, 
3332, 
3333, 
3333, 
3333, 
3334, 
3335, 
3336, 
3337, 
3337, 
3337, 
3337, 
3337, 
3337, 
