260, 
472, 
680, 
863, 
1033, 
1248, 
1444, 
1626, 
1825, 
2000, 
2158, 
2317, 
2476, 
2636, 
2792, 
2952, 
3106, 
3257, 
3444, 
3602, 
3772, 
3928, 
4096, 
4284, 
4449, 
4644, 
4828, 
5013, 
5191, 
5343, 
5494, 
5650, 
5822, 
6005, 
6171, 
6332, 
6501, 
6679, 
6854, 
7050, 
7251, 
7458, 
7642, 
7841, 
8013, 
8194, 
8377, 
8573, 
8755, 
8923, 
9080, 
9227, 
9386, 
9565, 
9750, 
9918, 
10103, 
10296, 
10469, 
10633, 
10812, 
11010, 
11184, 
11361, 
11552, 
11739, 
11914, 
12055, 
12206, 
12356, 
12538, 
12722, 
12905, 
13072, 
13241, 
13403, 
13590, 
13752, 
13908, 
14094, 
14280, 
14454, 
14638, 
14835, 
15011, 
15201, 
15368, 
15553, 
15750, 
15900, 
16065, 
16251, 
16428, 
16610, 
16793, 
16995, 
17185, 
17371, 
17521, 
17665, 
17826, 
18009, 
18189, 
18348, 
18507, 
18675, 
18861, 
19052, 
19258, 
19437, 
19625, 
19828, 
20009, 
20181, 
20359, 
20532, 
20718, 
20882, 
21057, 
21244, 
21440, 
21601, 
21793, 
21992, 
22194, 
22358, 
22528, 
22709, 
22899, 
23073, 
23244, 
23402, 
23569, 
23713, 
23859, 
24020, 
24165, 
24285, 
24448, 
24611, 
24796, 
24980, 
25148, 
25344, 
25518, 
25700, 
25897, 
26064, 
26240, 
26392, 
26564, 
26732, 
26919, 
27118, 
27305, 
27482, 
27656, 
27820, 
27997, 
28175, 
28360, 
28543, 
28726, 
28894, 
29053, 
29209, 
29387, 
29543, 
29699, 
29877, 
30026, 
30183, 
30351, 
30519, 
30694, 
30866, 
31056, 
31237, 
31432, 
31605, 
31771, 
31935, 
32111, 
32289, 
32460, 
32632, 
32797, 
32976, 
33142, 
33302, 
33448, 
33613, 
33773, 
33937, 
34100, 
34283, 
34460, 
34621, 
34807, 
34999, 
35185, 
35392, 
35580, 
35776, 
35942, 
36118, 
36282, 
36456, 
36648, 
36831, 
37008, 
37162, 
37334, 
37470, 
37618, 
37773, 
37919, 
38075, 
38260, 
38443, 
38614, 
38762, 
38953, 
39119, 
39286, 
39473, 
39657, 
39868, 
40074, 
40274, 
40467, 
40663, 
40826, 
40976, 
41135, 
41300, 
41489, 
41671, 
41844, 
42028, 
42234, 
42426, 
42596, 
42757, 
42922, 
43080, 
43265, 
43418, 
43569, 
43750, 
43929, 
44079, 
44242, 
44392, 
44526, 
44669, 
44813, 
44962, 
45126, 
45286, 
45458, 
45610, 
45780, 
45964, 
46141, 
46318, 
46496, 
46671, 
46861, 
47077, 
47261, 
47465, 
47659, 
47856, 
48059, 
48239, 
48411, 
48597, 
48771, 
48944, 
49124, 
49310, 
49487, 
49676, 
49866, 
50047, 
50232, 
50422, 
50618, 
50796, 
51015, 
51219, 
51438, 
51609, 
51781, 
51970, 
52140, 
52304, 
52485, 
52665, 
52834, 
53033, 
53205, 
53355, 
53509, 
53684, 
53857, 
54033, 
54234, 
54436, 
54628, 
54785, 
54968, 
55155, 
55342, 
55530, 
55708, 
55875, 
56041, 
56207, 
56364, 
56532, 
56700, 
56873, 
57037, 
57187, 
57348, 
57504, 
57694, 
57856, 
58006, 
58155, 
58320, 
58491, 
58668, 
58861, 
59042, 
59242, 
59423, 
59587, 
59767, 
59955, 
60132, 
60329, 
60516, 
60681, 
60871, 
61032, 
61231, 
61428, 
61616, 
61801, 
61999, 
62177, 
62368, 
62549, 
62702, 
62878, 
63057, 
63219, 
63423, 
63624, 
63800, 
63984, 
64153, 
64303, 
64474, 
64670, 
64865, 
65067, 
65256, 
65462, 
65654, 
65846, 
66036, 
66201, 
66365, 
66558, 
66739, 
66942, 
67128, 
67322, 
67511, 
67692, 
67890, 
68065, 
68252, 
68428, 
68602, 
68754, 
68923, 
69071, 
69223, 
69378, 
69532, 
69696, 
69849, 
70020, 
70183, 
70347, 
70533, 
70726, 
70910, 
71104, 
71261, 
71434, 
71597, 
71788, 
71967, 
72160, 
72343, 
72536, 
72730, 
72914, 
73125, 
73332, 
73526, 
73709, 
73895, 
74077, 
74267, 
74454, 
74622, 
74808, 
75027, 
75216, 
75372, 
75532, 
75670, 
75843, 
76026, 
76218, 
76402, 
76600, 
76759, 
76915, 
77084, 
77260, 
77429, 
77616, 
77796, 
77967, 
78127, 
78293, 
78493, 
78703, 
78907, 
79098, 
79270, 
79439, 
79616, 
79821, 
80008, 
80179, 
80341, 
80509, 
80687, 
80876, 
81033, 
81177, 
81314, 
81487, 
81646, 
81799, 
81964, 
82146, 
82304, 
82439, 
82605, 
82776, 
82938, 
83100, 
83277, 
83396, 
83554, 
83690, 
83857, 
84031, 
84179, 
84319, 
84487, 
84661, 
84825, 
84993, 
85172, 
85368, 
85552, 
85743, 
85925, 
86107, 
86302, 
86501, 
86687, 
86859, 
87030, 
87221, 
87394, 
87576, 
87779, 
87975, 
88147, 
88326, 
88494, 
88674, 
88850, 
89015, 
89180, 
89328, 
89488, 
89643, 
89831, 
90011, 
90180, 
90374, 
90567, 
90758, 
90940, 
91106, 
91246, 
91411, 
91577, 
91758, 
91938, 
92096, 
92289, 
92482, 
92684, 
92877, 
93066, 
93238, 
93398, 
93548, 
93722, 
93887, 
94062, 
94239, 
94425, 
94595, 
94753, 
94932, 
95123, 
95298, 
95467, 
95638, 
95824, 
96041, 
96229, 
96416, 
96612, 
96781, 
96934, 
97100, 
97305, 
97500, 
97691, 
97892, 
98062, 
98231, 
98398, 
98568, 
98720, 
98895, 
99055, 
99201, 
99350, 
99522, 
99702, 
99902, 
100086, 
100266, 
100427, 
100589, 
100759, 
100919, 
101093, 
101270, 
101445, 
101630, 
101794, 
101970, 
102125, 
102297, 
102488, 
102686, 
102878, 
103057, 
103224, 
103395, 
103567, 
103764, 
103959, 
104172, 
104368, 
104547, 
104725, 
104903, 
105113, 
105324, 
105505, 
105703, 
105883, 
106068, 
106232, 
106367, 
106527, 
106673, 
106811, 
106972, 
107122, 
107278, 
107450, 
107582, 
107733, 
107849, 
108015, 
108161, 
108323, 
108501, 
108671, 
108835, 
109012, 
109179, 
109356, 
109508, 
109679, 
109850, 
110037, 
110218, 
110398, 
110578, 
110768, 
110943, 
111117, 
111253, 
111416, 
111556, 
111731, 
111917, 
112111, 
112291, 
112470, 
112674, 
112872, 
113062, 
113242, 
113426, 
113608, 
113792, 
113967, 
114154, 
114341, 
114526, 
114689, 
114842, 
114980, 
115137, 
115305, 
115511, 
115676, 
115833, 
115990, 
116176, 
116374, 
116538, 
116728, 
116921, 
117083, 
117247, 
117441, 
117607, 
117770, 
117931, 
118115, 
118306, 
118479, 
118642, 
118812, 
118969, 
119125, 
119262, 
119409, 
119579, 
119738, 
119886, 
120015, 
120164, 
120310, 
120457, 
120604, 
120766, 
120941, 
121118, 
121287, 
121476, 
121657, 
121822, 
121979, 
122146, 
122321, 
122500, 
122700, 
122886, 
123070, 
123269, 
123424, 
123604, 
123777, 
123951, 
124135, 
124328, 
124525, 
124706, 
124865, 
125056, 
125236, 
125427, 
125631, 
125814, 
125961, 
126145, 
126331, 
126502, 
126681, 
126858, 
127041, 
127218, 
127397, 
127579, 
127735, 
127916, 
128099, 
128278, 
128478, 
128695, 
128896, 
129063, 
129264, 
129466, 
129632, 
129806, 
129962, 
130120, 
130300, 
130469, 
130637, 
130806, 
130982, 
131175, 
131370, 
131529, 
131723, 
131902, 
132060, 
132227, 
132420, 
132594, 
132761, 
132917, 
133068, 
133236, 
133419, 
133605, 
133758, 
133907, 
134095, 
134271, 
134439, 
134625, 
134822, 
135009, 
135166, 
135323, 
135486, 
135658, 
135828, 
136006, 
136146, 
136313, 
136490, 
136648, 
136841, 
137025, 
137213, 
137411, 
137613, 
137772, 
137935, 
138105, 
138292, 
138478, 
138673, 
138867, 
139071, 
139264, 
139465, 
139644, 
139842, 
140042, 
140226, 
140417, 
140585, 
140765, 
140945, 
141119, 
141266, 
141420, 
141597, 
141783, 
141965, 
142127, 
142298, 
142475, 
142642, 
142822, 
143003, 
143191, 
143364, 
143534, 
143709, 
143903, 
144095, 
144293, 
144473, 
144641, 
144826, 
144984, 
145140, 
145328, 
145516, 
145683, 
145879, 
146070, 
146247, 
146439, 
146606, 
146769, 
146947, 
147109, 
147267, 
147416, 
147568, 
147719, 
147894, 
148071, 
148268, 
148429, 
148608, 
148781, 
148944, 
149128, 
149298, 
149504, 
149676, 
149833, 
149998, 
150181, 
150360, 
150541, 
150735, 
150914, 
151106, 
151256, 
151420, 
151589, 
151754, 
151918, 
152096, 
152279, 
152470, 
152640, 
152840, 
153027, 
153210, 
153387, 
153580, 
153784, 
153961, 
154167, 
154377, 
154589, 
154802, 
154987, 
155168, 
155337, 
155518, 
155700, 
155880, 
156094, 
156287, 
156473, 
156657, 
156857, 
157045, 
157211, 
157396, 
157567, 
157741, 
157908, 
158066, 
158245, 
158432, 
158606, 
158786, 
158971, 
159143, 
159324, 
159506, 
159685, 
159859, 
160031, 
160219, 
160416, 
160595, 
160795, 
160977, 
161149, 
161310, 
161486, 
161679, 
161849, 
162014, 
162204, 
162376, 
162538, 
162694, 
162873, 
163042, 
163223, 
163388, 
163583, 
163767, 
163927, 
164110, 
164300, 
164468, 
164654, 
164826, 
165024, 
165190, 
165373, 
165514, 
165640, 
165784, 
165932, 
166096, 
166263, 
166421, 
166589, 
166755, 
166927, 
167096, 
167272, 
167443, 
167607, 
167771, 
167956, 
168126, 
168319, 
168510, 
168682, 
168866, 
169063, 
169248, 
169410, 
169573, 
169755, 
169947, 
170137, 
170331, 
170535, 
170720, 
170893, 
171084, 
171265, 
171440, 
171589, 
171724, 
171896, 
172057, 
172220, 
172383, 
172591, 
172799, 
173008, 
173205, 
173404, 
173621, 
173809, 
173984, 
174172, 
174366, 
174535, 
174705, 
174895, 
175060, 
175229, 
175417, 
175579, 
175740, 
175902, 
176076, 
