224, 
409, 
599, 
772, 
951, 
1141, 
1325, 
1526, 
1684, 
1871, 
2014, 
2180, 
2336, 
2463, 
2629, 
2777, 
2918, 
3070, 
3203, 
3336, 
3477, 
3620, 
3783, 
3935, 
4088, 
4259, 
4414, 
4549, 
4687, 
4822, 
4933, 
5071, 
5192, 
5317, 
5438, 
5567, 
5715, 
5864, 
5999, 
6135, 
6239, 
6382, 
6511, 
6643, 
6769, 
6902, 
7051, 
7198, 
7350, 
7493, 
7652, 
7812, 
7938, 
8070, 
8187, 
8299, 
8440, 
8583, 
8745, 
8897, 
9063, 
9220, 
9325, 
9442, 
9585, 
9728, 
9877, 
10013, 
10138, 
10254, 
10377, 
10476, 
10589, 
10707, 
10843, 
10979, 
11127, 
11263, 
11385, 
11492, 
11612, 
11713, 
11827, 
11941, 
12074, 
12206, 
12352, 
12486, 
12615, 
12767, 
12901, 
13030, 
13154, 
13291, 
13444, 
13613, 
13769, 
13921, 
14081, 
14243, 
14380, 
14534, 
14693, 
14867, 
15019, 
15166, 
15319, 
15484, 
15649, 
15795, 
15942, 
16072, 
16225, 
16368, 
16512, 
16665, 
16841, 
16970, 
17079, 
17192, 
17288, 
17415, 
17546, 
17674, 
17801, 
17946, 
18073, 
18233, 
18377, 
18507, 
18639, 
18795, 
18949, 
19095, 
19210, 
19343, 
19490, 
19622, 
19764, 
19881, 
20001, 
20135, 
20268, 
20359, 
20477, 
20617, 
20767, 
20892, 
21025, 
21153, 
21276, 
21367, 
21486, 
21618, 
21752, 
21875, 
21986, 
22072, 
22158, 
22253, 
22349, 
22461, 
22583, 
22710, 
22839, 
22958, 
23058, 
23176, 
23280, 
23394, 
23485, 
23565, 
23658, 
23743, 
23825, 
23936, 
24062, 
24176, 
24270, 
24377, 
24500, 
24595, 
24691, 
24797, 
24888, 
24981, 
25081, 
25186, 
25274, 
25382, 
25512, 
25636, 
25778, 
25897, 
26041, 
26192, 
26333, 
26477, 
26598, 
26719, 
26839, 
26982, 
27149, 
27307, 
27448, 
27599, 
27728, 
27886, 
28014, 
28163, 
28290, 
28420, 
28545, 
28665, 
28786, 
28880, 
28995, 
29114, 
29249, 
29362, 
29488, 
29631, 
29784, 
29946, 
30108, 
30243, 
30408, 
30542, 
30703, 
30835, 
30981, 
31145, 
31292, 
31429, 
31578, 
31714, 
31838, 
31964, 
32079, 
32223, 
32344, 
32482, 
32602, 
32723, 
32854, 
32999, 
33151, 
33318, 
33480, 
33614, 
33754, 
33895, 
34034, 
34192, 
34348, 
34495, 
34628, 
34754, 
34890, 
35019, 
35141, 
35259, 
35365, 
35501, 
35626, 
35769, 
35940, 
36099, 
36245, 
36403, 
36558, 
36747, 
36911, 
37058, 
37215, 
37359, 
37521, 
37678, 
37793, 
37917, 
38073, 
38241, 
38432, 
38588, 
38737, 
38887, 
39051, 
39197, 
39344, 
39497, 
39631, 
39754, 
39877, 
40030, 
40158, 
40277, 
40427, 
40549, 
40698, 
40850, 
40984, 
41122, 
41255, 
41389, 
41519, 
41650, 
41790, 
41932, 
42061, 
42224, 
42351, 
42502, 
42640, 
42793, 
42951, 
43103, 
43256, 
43403, 
43551, 
43707, 
43864, 
43973, 
44113, 
44282, 
44449, 
44596, 
44746, 
44900, 
45067, 
45235, 
45367, 
45519, 
45649, 
45769, 
45904, 
46053, 
46200, 
46332, 
46485, 
46662, 
46828, 
46981, 
47135, 
47262, 
47414, 
47570, 
47727, 
47920, 
48098, 
48253, 
48397, 
48571, 
48729, 
48868, 
49016, 
49177, 
49322, 
49465, 
49597, 
49738, 
49883, 
50030, 
50181, 
50326, 
50451, 
50596, 
50724, 
50859, 
51012, 
51134, 
51247, 
51372, 
51493, 
51620, 
51767, 
51935, 
52099, 
52241, 
52398, 
52568, 
52711, 
52839, 
52989, 
53133, 
53269, 
53433, 
53587, 
53743, 
53895, 
54045, 
54197, 
54349, 
54490, 
54636, 
54807, 
54965, 
55108, 
55280, 
55441, 
55579, 
55717, 
55882, 
56056, 
56204, 
56363, 
56517, 
56701, 
56855, 
56998, 
57153, 
57310, 
57467, 
57606, 
57758, 
57897, 
58027, 
58169, 
58300, 
58431, 
58597, 
58748, 
58887, 
59026, 
59139, 
59258, 
59394, 
59522, 
59676, 
59818, 
59943, 
60081, 
60222, 
60361, 
60512, 
60680, 
60829, 
61003, 
61158, 
61305, 
61450, 
61570, 
61696, 
61840, 
61995, 
62164, 
62296, 
62429, 
62550, 
62690, 
62829, 
62988, 
63149, 
63290, 
63425, 
63570, 
63718, 
63888, 
64059, 
64235, 
64410, 
64590, 
64767, 
64923, 
65069, 
65232, 
65393, 
65530, 
65661, 
65824, 
65990, 
66152, 
66320, 
66478, 
66612, 
66749, 
66913, 
67088, 
67233, 
67345, 
67480, 
67590, 
67721, 
67877, 
68016, 
68148, 
68282, 
68447, 
68575, 
68708, 
68855, 
69008, 
69136, 
69271, 
69405, 
69535, 
69661, 
69801, 
69936, 
70074, 
70231, 
70353, 
70480, 
70610, 
70748, 
70898, 
71044, 
71191, 
71340, 
71503, 
71651, 
71814, 
71971, 
72149, 
72288, 
72426, 
72596, 
72757, 
72886, 
73045, 
73197, 
73350, 
73496, 
73646, 
73777, 
73927, 
74065, 
74214, 
74360, 
74495, 
74626, 
74748, 
74887, 
75041, 
75186, 
75323, 
75463, 
75600, 
75720, 
75852, 
75977, 
76118, 
76234, 
76367, 
76494, 
76624, 
76717, 
76830, 
76947, 
77066, 
77176, 
77312, 
77447, 
77602, 
77728, 
77839, 
77940, 
78045, 
78155, 
78256, 
78366, 
78491, 
78622, 
78737, 
78858, 
78973, 
79096, 
79206, 
79314, 
79416, 
79538, 
79657, 
79783, 
79906, 
80060, 
80193, 
80328, 
80469, 
80582, 
80738, 
80889, 
81022, 
81143, 
81263, 
81393, 
81534, 
81633, 
81749, 
81897, 
82037, 
82187, 
82316, 
82473, 
82611, 
82777, 
82898, 
83061, 
83214, 
83355, 
83525, 
83667, 
83821, 
83994, 
84172, 
84355, 
84509, 
84681, 
84875, 
85088, 
85245, 
85385, 
85541, 
85728, 
85903, 
86078, 
86265, 
86459, 
86635, 
86774, 
86908, 
87048, 
87177, 
87291, 
87397, 
87519, 
87615, 
87733, 
87863, 
87986, 
88115, 
88249, 
88390, 
88519, 
88663, 
88818, 
88992, 
89143, 
89302, 
89447, 
89622, 
89796, 
89964, 
90114, 
90272, 
90440, 
90602, 
90734, 
90890, 
91030, 
91178, 
91339, 
91480, 
91622, 
91767, 
91925, 
92069, 
92189, 
92316, 
92455, 
92579, 
92719, 
92882, 
93037, 
93196, 
93369, 
93543, 
93677, 
93849, 
94011, 
94163, 
94323, 
94464, 
94624, 
94772, 
94941, 
95074, 
95226, 
95383, 
95528, 
95660, 
95794, 
95912, 
96040, 
96183, 
96326, 
96500, 
96650, 
96814, 
96966, 
97098, 
97253, 
97416, 
97550, 
97692, 
97846, 
98012, 
98184, 
98352, 
98494, 
98670, 
98820, 
98966, 
99098, 
99219, 
99366, 
99480, 
99600, 
99713, 
99837, 
99959, 
100063, 
100203, 
100320, 
100430, 
100527, 
100636, 
100747, 
100869, 
101019, 
101159, 
101304, 
101442, 
101586, 
101717, 
101841, 
101962, 
102098, 
102238, 
102381, 
102512, 
102652, 
102792, 
102935, 
103077, 
103197, 
103326, 
103472, 
103605, 
103766, 
103903, 
104047, 
104179, 
104328, 
104477, 
104619, 
104786, 
104956, 
105089, 
105231, 
105368, 
105515, 
105664, 
105825, 
105989, 
106149, 
106303, 
106442, 
106591, 
106761, 
106901, 
107078, 
107217, 
107374, 
107509, 
107654, 
107803, 
107944, 
108093, 
108257, 
108438, 
108617, 
108794, 
108941, 
109085, 
109243, 
109402, 
109559, 
109716, 
109844, 
109982, 
110131, 
110285, 
110445, 
110595, 
110755, 
110915, 
111053, 
111178, 
111310, 
111453, 
111616, 
111782, 
111931, 
112077, 
112236, 
112375, 
112525, 
112682, 
112848, 
113038, 
113190, 
113339, 
113503, 
113663, 
113830, 
113993, 
114139, 
114270, 
114417, 
114559, 
114720, 
114895, 
115071, 
115230, 
115406, 
115572, 
115725, 
115857, 
116020, 
116188, 
116325, 
116491, 
116645, 
116798, 
116959, 
117099, 
117276, 
117459, 
117625, 
117771, 
117936, 
118088, 
118217, 
118363, 
118504, 
118640, 
118818, 
118992, 
119137, 
119305, 
119460, 
119592, 
119725, 
119864, 
120005, 
120179, 
120379, 
120556, 
120716, 
120911, 
121107, 
121264, 
121412, 
121569, 
121730, 
121898, 
122061, 
122213, 
122363, 
122513, 
122668, 
122797, 
122943, 
123093, 
123238, 
123379, 
123502, 
123618, 
123714, 
123809, 
123926, 
124072, 
124228, 
124402, 
124533, 
124662, 
124809, 
124948, 
125101, 
125282, 
125422, 
125590, 
125740, 
125893, 
126056, 
126217, 
126375, 
126533, 
126676, 
126841, 
127007, 
127172, 
127314, 
127442, 
127569, 
127689, 
127806, 
127934, 
128045, 
128182, 
128315, 
128438, 
128567, 
128719, 
128900, 
129038, 
129170, 
129319, 
129468, 
129590, 
129716, 
129841, 
129981, 
130103, 
130224, 
130374, 
130540, 
130690, 
130809, 
130923, 
131030, 
131155, 
131279, 
131416, 
131569, 
131695, 
131829, 
131942, 
132072, 
132198, 
132325, 
132459, 
132610, 
132760, 
132882, 
133013, 
133146, 
133302, 
133464, 
133628, 
133754, 
133870, 
134002, 
134143, 
134258, 
134370, 
134508, 
134645, 
134781, 
134918, 
135044, 
135185, 
135337, 
135483, 
135651, 
135756, 
135883, 
136032, 
136167, 
136331, 
136482, 
136625, 
136747, 
136887, 
137000, 
137140, 
137274, 
137392, 
137514, 
137641, 
137756, 
137888, 
138013, 
138144, 
138249, 
138369, 
138493, 
138629, 
138772, 
138927, 
139072, 
139219, 
139372, 
139521, 
139668, 
139813, 
139969, 
140110, 
140254, 
140402, 
140563, 
140713, 
140872, 
141013, 
141161, 
141308, 
141456, 
141617, 
141753, 
141894, 
142019, 
142142, 
