212, 
353, 
475, 
569, 
654, 
739, 
838, 
928, 
996, 
1064, 
1142, 
1223, 
1301, 
1368, 
1420, 
1475, 
1524, 
1558, 
1603, 
1626, 
1653, 
1681, 
1710, 
1742, 
1775, 
1805, 
1829, 
1851, 
1866, 
1876, 
1884, 
1887, 
1894, 
1902, 
1908, 
1911, 
1914, 
1918, 
1921, 
1924, 
1931, 
1935, 
1940, 
1945, 
1953, 
1958, 
1971, 
1974, 
1978, 
1980, 
1987, 
1989, 
1991, 
1991, 
1995, 
2001, 
2006, 
2014, 
2023, 
2025, 
2036, 
2046, 
2054, 
2062, 
2069, 
2071, 
2073, 
2077, 
2081, 
2091, 
2093, 
2100, 
2107, 
2110, 
2111, 
2111, 
2117, 
2119, 
2124, 
2128, 
2133, 
2136, 
2139, 
2147, 
2151, 
2155, 
2163, 
2169, 
2176, 
2182, 
2191, 
2195, 
2202, 
2210, 
2217, 
2220, 
2227, 
2238, 
2244, 
2252, 
2253, 
2256, 
2264, 
2270, 
2277, 
2279, 
2285, 
2294, 
2303, 
2313, 
2330, 
2347, 
2352, 
2361, 
2365, 
2374, 
2386, 
2396, 
2411, 
2419, 
2434, 
2442, 
2454, 
2456, 
2463, 
2471, 
2479, 
2486, 
2487, 
2492, 
2495, 
2499, 
2507, 
2511, 
2519, 
2535, 
2543, 
2550, 
2557, 
2558, 
2564, 
2571, 
2575, 
2578, 
2585, 
2591, 
2593, 
2595, 
2601, 
2606, 
2611, 
2625, 
2627, 
2633, 
2640, 
2642, 
2644, 
2645, 
2655, 
2663, 
2670, 
2674, 
2684, 
2688, 
2690, 
2693, 
2695, 
2698, 
2702, 
2707, 
2708, 
2710, 
2710, 
2712, 
2718, 
2724, 
2731, 
2735, 
2740, 
2746, 
2750, 
2752, 
2757, 
2759, 
2763, 
2769, 
2772, 
2784, 
2785, 
2789, 
2797, 
2804, 
2817, 
2829, 
2840, 
2848, 
2854, 
2861, 
2871, 
2875, 
2876, 
2883, 
2886, 
2891, 
2901, 
2908, 
2913, 
2920, 
2926, 
2935, 
2942, 
2953, 
2966, 
2982, 
2991, 
3003, 
3008, 
3014, 
3020, 
3022, 
3026, 
3031, 
3034, 
3038, 
3049, 
3061, 
3064, 
3067, 
3070, 
3083, 
3091, 
3100, 
3106, 
3115, 
3122, 
3135, 
3139, 
3143, 
3152, 
3154, 
3155, 
3156, 
3159, 
3161, 
3163, 
3165, 
3175, 
3180, 
3184, 
3186, 
3193, 
3200, 
3204, 
3215, 
3220, 
3226, 
3230, 
3237, 
3240, 
3244, 
3248, 
3252, 
3259, 
3260, 
3264, 
3280, 
3291, 
3297, 
3305, 
3307, 
3309, 
3313, 
3319, 
3326, 
3338, 
3349, 
3358, 
3368, 
3372, 
3374, 
3377, 
3384, 
3389, 
3398, 
3405, 
3413, 
3422, 
3433, 
3439, 
3441, 
3444, 
3446, 
3451, 
3453, 
3462, 
3469, 
3474, 
3475, 
3479, 
3482, 
3485, 
3485, 
3492, 
3496, 
3503, 
3510, 
3515, 
3519, 
3519, 
3521, 
3524, 
3530, 
3533, 
3535, 
3542, 
3545, 
3556, 
3560, 
3560, 
3566, 
3574, 
3578, 
3586, 
3594, 
3597, 
3599, 
3605, 
3617, 
3623, 
3629, 
3635, 
3637, 
3646, 
3651, 
3654, 
3656, 
3661, 
3664, 
3671, 
3676, 
3677, 
3681, 
3686, 
3692, 
3700, 
3709, 
3714, 
3723, 
3736, 
3748, 
3755, 
3758, 
3767, 
3769, 
3773, 
3784, 
3788, 
3793, 
3799, 
3801, 
3806, 
3809, 
3812, 
3822, 
3830, 
3833, 
3838, 
3838, 
3839, 
3841, 
3842, 
3846, 
3852, 
3859, 
3866, 
3872, 
3877, 
3881, 
3888, 
3894, 
3900, 
3905, 
3908, 
3910, 
3913, 
3916, 
3920, 
3922, 
3930, 
3936, 
3944, 
3952, 
3959, 
3968, 
3973, 
3976, 
3980, 
3982, 
3982, 
3984, 
3988, 
3995, 
3998, 
3999, 
4001, 
4007, 
4011, 
4015, 
4021, 
4026, 
4033, 
4039, 
4045, 
4050, 
4053, 
4055, 
4060, 
4063, 
4065, 
4066, 
4068, 
4070, 
4073, 
4077, 
4082, 
4088, 
4095, 
4102, 
4109, 
4119, 
4124, 
4128, 
4132, 
4135, 
4137, 
4138, 
4146, 
4153, 
4160, 
4171, 
4176, 
4181, 
4190, 
4192, 
4197, 
4201, 
4207, 
4210, 
4213, 
4216, 
4219, 
4229, 
4234, 
4238, 
4239, 
4240, 
4246, 
4250, 
4254, 
4254, 
4257, 
4260, 
4260, 
4264, 
4264, 
4272, 
4277, 
4282, 
4284, 
4289, 
4291, 
4296, 
4303, 
4305, 
4311, 
4314, 
4316, 
4320, 
4334, 
4342, 
4350, 
4360, 
4365, 
4367, 
4375, 
4382, 
4384, 
4391, 
4393, 
4401, 
4403, 
4405, 
4417, 
4418, 
4425, 
4436, 
4443, 
4454, 
4456, 
4462, 
4464, 
4469, 
4470, 
4471, 
4477, 
4483, 
4488, 
4489, 
4493, 
4496, 
4505, 
4513, 
4515, 
4516, 
4516, 
4520, 
4522, 
4524, 
4525, 
4529, 
4532, 
4534, 
4536, 
4543, 
4545, 
4551, 
4557, 
4559, 
4565, 
4572, 
4578, 
4584, 
4586, 
4592, 
4596, 
4602, 
4602, 
4603, 
4605, 
4607, 
4610, 
4612, 
4613, 
4624, 
4631, 
4636, 
4642, 
4645, 
4648, 
4653, 
4659, 
4664, 
4671, 
4673, 
4678, 
4680, 
4684, 
4686, 
4694, 
4696, 
4703, 
4707, 
4713, 
4719, 
4725, 
4731, 
4735, 
4741, 
4749, 
4756, 
4758, 
4764, 
4769, 
4776, 
4778, 
4784, 
4795, 
4804, 
4813, 
4817, 
4823, 
4828, 
4831, 
4837, 
4849, 
4858, 
4862, 
4870, 
4879, 
4892, 
4906, 
4921, 
4934, 
4943, 
4945, 
4954, 
4958, 
4965, 
4971, 
4975, 
4978, 
4981, 
4987, 
4995, 
5002, 
5008, 
5016, 
5020, 
5022, 
5029, 
5031, 
5035, 
5042, 
5046, 
5048, 
5053, 
5054, 
5057, 
5063, 
5066, 
5071, 
5077, 
5082, 
5090, 
5097, 
5101, 
5102, 
5104, 
5110, 
5114, 
5118, 
5118, 
5118, 
5118, 
5122, 
5126, 
5129, 
5129, 
5132, 
5137, 
5141, 
5141, 
5142, 
5147, 
5155, 
5160, 
5168, 
5173, 
5183, 
5188, 
5190, 
5195, 
5199, 
5204, 
5209, 
5226, 
5236, 
5245, 
5256, 
5261, 
5266, 
5266, 
5266, 
5271, 
5272, 
5280, 
5282, 
5290, 
5299, 
5305, 
5310, 
5314, 
5320, 
5327, 
5334, 
5344, 
5351, 
5357, 
5363, 
5370, 
5374, 
5381, 
5383, 
5386, 
5396, 
5402, 
5408, 
5412, 
5414, 
5417, 
5423, 
5429, 
5441, 
5447, 
5447, 
5449, 
5454, 
5459, 
5461, 
5461, 
5464, 
5471, 
5476, 
5479, 
5483, 
5486, 
5489, 
5498, 
5499, 
5501, 
5503, 
5507, 
5516, 
5528, 
5534, 
5538, 
5541, 
5542, 
5546, 
5548, 
5549, 
5550, 
5555, 
5559, 
5566, 
5572, 
5578, 
5582, 
5586, 
5586, 
5586, 
5589, 
5594, 
5597, 
5601, 
5605, 
5615, 
5620, 
5624, 
5625, 
5626, 
5626, 
5626, 
5631, 
5635, 
5641, 
5645, 
5651, 
5652, 
5658, 
5658, 
5661, 
5670, 
5679, 
5684, 
5689, 
5695, 
5701, 
5708, 
5713, 
5718, 
5724, 
5729, 
5734, 
5738, 
5742, 
5746, 
5754, 
5766, 
5774, 
5783, 
5795, 
5800, 
5802, 
5802, 
5808, 
5816, 
5825, 
5838, 
5841, 
5850, 
5855, 
5870, 
5878, 
5881, 
5888, 
5898, 
5903, 
5906, 
5910, 
5915, 
5918, 
5920, 
5922, 
5927, 
5929, 
5938, 
5943, 
5949, 
5953, 
5959, 
5966, 
5974, 
5987, 
5997, 
6000, 
6001, 
6006, 
6016, 
6023, 
6031, 
6043, 
6048, 
6052, 
6060, 
6070, 
6076, 
6077, 
6081, 
6086, 
6091, 
6102, 
6111, 
6117, 
6123, 
6127, 
6132, 
6140, 
6141, 
6146, 
6151, 
6155, 
6163, 
6168, 
6175, 
6181, 
6188, 
6211, 
6215, 
6218, 
6224, 
6229, 
6241, 
6259, 
6269, 
6275, 
6285, 
6292, 
6304, 
6309, 
6315, 
6324, 
6336, 
6348, 
6352, 
6355, 
6362, 
6366, 
6370, 
6373, 
6381, 
6392, 
6398, 
6398, 
6404, 
6408, 
6411, 
6413, 
6419, 
6423, 
6426, 
6431, 
6434, 
6436, 
6439, 
6443, 
6453, 
6465, 
6471, 
6480, 
6487, 
6488, 
6488, 
6493, 
6497, 
6504, 
6507, 
6514, 
6528, 
6537, 
6542, 
6548, 
6555, 
6559, 
6568, 
6586, 
6595, 
6600, 
6610, 
6617, 
6623, 
6630, 
6635, 
6643, 
6647, 
6655, 
6660, 
6661, 
6664, 
6666, 
6668, 
6673, 
6678, 
6680, 
6689, 
6694, 
6698, 
6704, 
6707, 
6707, 
6716, 
6722, 
6725, 
6732, 
6749, 
6759, 
6769, 
6784, 
6788, 
6795, 
6803, 
6806, 
6812, 
6813, 
6818, 
6819, 
6823, 
6825, 
6831, 
6833, 
6842, 
6847, 
6849, 
6856, 
6857, 
6859, 
6864, 
6868, 
6870, 
6875, 
6879, 
6890, 
6899, 
6904, 
6909, 
6916, 
6923, 
6925, 
6928, 
6928, 
6934, 
6941, 
6945, 
6950, 
6951, 
6958, 
6962, 
6965, 
6970, 
6973, 
6978, 
6982, 
6982, 
6986, 
6992, 
6995, 
6998, 
7000, 
7003, 
7005, 
7010, 
7012, 
7019, 
7023, 
7025, 
7031, 
7034, 
7039, 
7045, 
7051, 
7057, 
7061, 
7066, 
7071, 
7074, 
7075, 
7081, 
7082, 
7088, 
7101, 
7107, 
