241, 
446, 
629, 
795, 
946, 
1089, 
1230, 
1360, 
1498, 
1628, 
1779, 
1918, 
2036, 
2165, 
2306, 
2431, 
2546, 
2675, 
2839, 
2960, 
3086, 
3208, 
3320, 
3453, 
3596, 
3730, 
3844, 
3952, 
4093, 
4198, 
4315, 
4462, 
4606, 
4741, 
4888, 
5025, 
5153, 
5295, 
5425, 
5530, 
5640, 
5744, 
5852, 
5950, 
6075, 
6190, 
6307, 
6442, 
6561, 
6696, 
6825, 
6961, 
7110, 
7262, 
7400, 
7535, 
7690, 
7834, 
7965, 
8104, 
8246, 
8417, 
8558, 
8690, 
8842, 
8968, 
9094, 
9210, 
9334, 
9451, 
9597, 
9735, 
9885, 
10054, 
10207, 
10357, 
10481, 
10621, 
10763, 
10918, 
11065, 
11200, 
11314, 
11455, 
11595, 
11747, 
11894, 
12055, 
12194, 
12326, 
12465, 
12614, 
12766, 
12933, 
13097, 
13241, 
13377, 
13510, 
13664, 
13826, 
13964, 
14095, 
14214, 
14327, 
14458, 
14586, 
14693, 
14805, 
14936, 
15066, 
15187, 
15321, 
15451, 
15577, 
15702, 
15855, 
15988, 
16102, 
16247, 
16371, 
16507, 
16632, 
16770, 
16892, 
17021, 
17125, 
17233, 
17360, 
17497, 
17615, 
17747, 
17884, 
18016, 
18156, 
18297, 
18421, 
18564, 
18718, 
18848, 
19001, 
19137, 
19284, 
19418, 
19565, 
19675, 
19808, 
19948, 
20087, 
20239, 
20369, 
20508, 
20615, 
20727, 
20853, 
20985, 
21118, 
21219, 
21338, 
21450, 
21588, 
21738, 
21865, 
21992, 
22129, 
22287, 
22417, 
22526, 
22651, 
22788, 
22930, 
23055, 
23175, 
23279, 
23405, 
23536, 
23653, 
23764, 
23871, 
23982, 
24092, 
24218, 
24349, 
24471, 
24587, 
24678, 
24784, 
24898, 
25020, 
25133, 
25283, 
25407, 
25546, 
25670, 
25806, 
25925, 
26056, 
26177, 
26289, 
26403, 
26550, 
26699, 
26856, 
27011, 
27157, 
27277, 
27417, 
27540, 
27686, 
27814, 
27926, 
28032, 
28135, 
28239, 
28364, 
28507, 
28636, 
28781, 
28964, 
29100, 
29215, 
29326, 
29438, 
29557, 
29672, 
29798, 
29931, 
30049, 
30187, 
30326, 
30466, 
30615, 
30741, 
30860, 
30984, 
31096, 
31208, 
31356, 
31504, 
31638, 
31770, 
31896, 
32015, 
32138, 
32256, 
32386, 
32523, 
32648, 
32794, 
32914, 
33037, 
33159, 
33292, 
33429, 
33569, 
33692, 
33826, 
33951, 
34107, 
34254, 
34397, 
34511, 
34624, 
34754, 
34854, 
34967, 
35091, 
35195, 
35308, 
35424, 
35570, 
35705, 
35837, 
35953, 
36076, 
36199, 
36316, 
36440, 
36573, 
36710, 
36828, 
36954, 
37088, 
37203, 
37324, 
37456, 
37581, 
37693, 
37830, 
37982, 
38111, 
38256, 
38382, 
38508, 
38633, 
38750, 
38899, 
39038, 
39189, 
39339, 
39496, 
39630, 
39761, 
39908, 
40068, 
40230, 
40399, 
40555, 
40729, 
40883, 
41043, 
41192, 
41336, 
41467, 
41611, 
41746, 
41882, 
42020, 
42165, 
42333, 
42455, 
42592, 
42713, 
42819, 
42948, 
43079, 
43201, 
43331, 
43451, 
43587, 
43718, 
43847, 
43977, 
44109, 
44263, 
44413, 
44560, 
44675, 
44797, 
44894, 
45014, 
45143, 
45264, 
45403, 
45540, 
45678, 
45795, 
45917, 
46026, 
46154, 
46286, 
46430, 
46590, 
46733, 
46898, 
47027, 
47155, 
47305, 
47426, 
47542, 
47682, 
47829, 
48007, 
48181, 
48333, 
48495, 
48637, 
48777, 
48915, 
49067, 
49190, 
49338, 
49485, 
49612, 
49757, 
49874, 
50008, 
50161, 
50284, 
50401, 
50528, 
50665, 
50823, 
50996, 
51150, 
51294, 
51467, 
51624, 
51768, 
51942, 
52077, 
52239, 
52401, 
52538, 
52679, 
52831, 
52976, 
53127, 
53297, 
53450, 
53586, 
53729, 
53871, 
54009, 
54156, 
54308, 
54451, 
54589, 
54716, 
54824, 
54945, 
55081, 
55206, 
55330, 
55475, 
55629, 
55775, 
55930, 
56090, 
56236, 
56368, 
56498, 
56623, 
56779, 
56926, 
57079, 
57218, 
57348, 
57481, 
57599, 
57727, 
57862, 
57978, 
58095, 
58253, 
58426, 
58584, 
58747, 
58893, 
59021, 
59141, 
59267, 
59422, 
59584, 
59736, 
59879, 
60048, 
60190, 
60330, 
60454, 
60579, 
60737, 
60895, 
61021, 
61145, 
61262, 
61384, 
61513, 
61650, 
61797, 
61938, 
62085, 
62223, 
62363, 
62501, 
62611, 
62738, 
62870, 
62998, 
63143, 
63255, 
63379, 
63539, 
63694, 
63839, 
63978, 
64089, 
64189, 
64303, 
64438, 
64574, 
64732, 
64867, 
65003, 
65140, 
65271, 
65384, 
65500, 
65630, 
65754, 
65901, 
66036, 
66165, 
66313, 
66462, 
66611, 
66738, 
66899, 
67047, 
67213, 
67371, 
67533, 
67662, 
67816, 
67941, 
68078, 
68210, 
68369, 
68528, 
68665, 
68818, 
68951, 
69071, 
69203, 
69341, 
69487, 
69642, 
69765, 
69895, 
70015, 
70157, 
70305, 
70443, 
70560, 
70687, 
70836, 
70974, 
71140, 
71284, 
71421, 
71577, 
71710, 
71830, 
71944, 
72041, 
72155, 
72255, 
72337, 
72432, 
72535, 
72638, 
72753, 
72855, 
72966, 
73073, 
73189, 
73302, 
73433, 
73550, 
73653, 
73775, 
73912, 
74046, 
74160, 
74282, 
74397, 
74518, 
74652, 
74757, 
74869, 
74969, 
75081, 
75212, 
75343, 
75504, 
75625, 
75748, 
75853, 
75978, 
76079, 
76196, 
76295, 
76401, 
76491, 
76601, 
76706, 
76810, 
76932, 
77068, 
77193, 
77310, 
77418, 
77524, 
77636, 
77765, 
77888, 
77993, 
78082, 
78176, 
78278, 
78381, 
78518, 
78647, 
78771, 
78916, 
79060, 
79224, 
79348, 
79463, 
79589, 
79731, 
79862, 
80001, 
80139, 
80288, 
80448, 
80563, 
80693, 
80837, 
80997, 
81151, 
81306, 
81446, 
81596, 
81720, 
81850, 
81994, 
82136, 
82272, 
82422, 
82556, 
82679, 
82788, 
82937, 
83075, 
83222, 
83355, 
83471, 
83602, 
83742, 
83870, 
83986, 
84104, 
84241, 
84360, 
84492, 
84608, 
84752, 
84888, 
85013, 
85137, 
85254, 
85362, 
85461, 
85566, 
85667, 
85783, 
85900, 
86007, 
86126, 
86243, 
86329, 
86443, 
86546, 
86659, 
86784, 
86905, 
87028, 
87152, 
87268, 
87384, 
87490, 
87606, 
87711, 
87807, 
87913, 
87978, 
88060, 
88137, 
88249, 
88353, 
88478, 
88619, 
88748, 
88886, 
89006, 
89135, 
89249, 
89356, 
89448, 
89538, 
89631, 
89737, 
89857, 
89973, 
90096, 
90217, 
90332, 
90443, 
90559, 
90678, 
90806, 
90946, 
91089, 
91216, 
91335, 
91443, 
91550, 
91669, 
91794, 
91929, 
92042, 
92166, 
92336, 
92491, 
92635, 
92784, 
92944, 
93096, 
93247, 
93370, 
93518, 
93661, 
93803, 
93934, 
94049, 
94138, 
94271, 
94384, 
94518, 
94650, 
94789, 
94915, 
95027, 
95169, 
95283, 
95398, 
95498, 
95606, 
95727, 
95826, 
95906, 
95978, 
96067, 
96171, 
96273, 
96376, 
96478, 
96582, 
96701, 
96832, 
96939, 
97041, 
97138, 
97239, 
97344, 
97458, 
97576, 
97710, 
97809, 
97922, 
98022, 
98132, 
98244, 
98352, 
98462, 
98573, 
98670, 
98774, 
98873, 
98965, 
99073, 
99187, 
99281, 
99392, 
99507, 
99638, 
99757, 
99879, 
99976, 
100076, 
100187, 
100307, 
100410, 
100507, 
100618, 
100727, 
100830, 
100934, 
101043, 
101149, 
101265, 
101388, 
101499, 
101597, 
101703, 
101804, 
101914, 
102020, 
102127, 
102237, 
102316, 
102408, 
102503, 
102597, 
102694, 
102771, 
102848, 
102902, 
102978, 
103035, 
103108, 
103171, 
103231, 
103305, 
103392, 
103491, 
103605, 
103711, 
103823, 
103937, 
104082, 
104224, 
104359, 
104485, 
104599, 
104735, 
104838, 
104940, 
105034, 
105131, 
105234, 
105349, 
105469, 
105570, 
105684, 
105798, 
105934, 
106056, 
106188, 
106308, 
106417, 
106570, 
106690, 
106810, 
106923, 
107023, 
107134, 
107233, 
107325, 
107411, 
107493, 
107588, 
107702, 
107818, 
107933, 
108046, 
108177, 
108326, 
108448, 
108592, 
108733, 
108888, 
109019, 
109150, 
109288, 
109453, 
109602, 
109742, 
109884, 
110017, 
110131, 
110239, 
110362, 
110496, 
110603, 
110720, 
110836, 
110954, 
111072, 
111202, 
111307, 
111447, 
111585, 
111730, 
111898, 
112066, 
112190, 
112340, 
112511, 
112651, 
112793, 
112956, 
113084, 
113240, 
113376, 
113513, 
113630, 
113764, 
113893, 
114028, 
114159, 
114281, 
114416, 
114529, 
114639, 
114772, 
114896, 
115025, 
115159, 
115282, 
115433, 
115593, 
115751, 
115894, 
116017, 
116150, 
116292, 
116455, 
116606, 
116734, 
116830, 
116938, 
117045, 
117173, 
117307, 
117406, 
117531, 
117643, 
117753, 
117857, 
117949, 
118050, 
118170, 
118274, 
118388, 
118519, 
118639, 
118769, 
118899, 
119013, 
119158, 
119273, 
119404, 
119542, 
119686, 
119835, 
119970, 
120093, 
120239, 
120365, 
120490, 
120636, 
120784, 
120927, 
121062, 
121181, 
121281, 
121399, 
121501, 
121623, 
121745, 
121868, 
121994, 
122106, 
122246, 
122401, 
122537, 
122678, 
122791, 
122916, 
123025, 
123158, 
123288, 
123402, 
123518, 
123648, 
123775, 
123905, 
124051, 
124209, 
124373, 
124499, 
124632, 
124753, 
124897, 
125022, 
125140, 
125234, 
125346, 
125484, 
125607, 
125743, 
125885, 
126014, 
126119, 
126231, 
126340, 
126441, 
126569, 
126684, 
126785, 
126919, 
127043, 
127181, 
127320, 
127466, 
127618, 
127761, 
127909, 
128057, 
128207, 
