239, 
375, 
498, 
620, 
726, 
815, 
917, 
1002, 
1070, 
1131, 
1213, 
1306, 
1382, 
1470, 
1540, 
1599, 
1656, 
1726, 
1778, 
1828, 
1873, 
1929, 
1977, 
2023, 
2062, 
2114, 
2153, 
2187, 
2225, 
2257, 
2273, 
2299, 
2322, 
2366, 
2403, 
2441, 
2476, 
2511, 
2545, 
2580, 
2610, 
2631, 
2654, 
2688, 
2714, 
2733, 
2760, 
2783, 
2805, 
2817, 
2847, 
2878, 
2912, 
2936, 
2972, 
2995, 
3031, 
3047, 
3077, 
3109, 
3140, 
3179, 
3208, 
3245, 
3270, 
3300, 
3324, 
3348, 
3372, 
3391, 
3417, 
3450, 
3472, 
3478, 
3487, 
3496, 
3514, 
3543, 
3566, 
3596, 
3608, 
3619, 
3628, 
3649, 
3662, 
3684, 
3705, 
3734, 
3755, 
3782, 
3812, 
3858, 
3897, 
3923, 
3940, 
3950, 
3971, 
3989, 
4008, 
4025, 
4049, 
4075, 
4107, 
4133, 
4161, 
4183, 
4203, 
4228, 
4258, 
4278, 
4290, 
4316, 
4333, 
4342, 
4361, 
4375, 
4398, 
4440, 
4462, 
4479, 
4494, 
4515, 
4535, 
4555, 
4587, 
4632, 
4671, 
4712, 
4763, 
4804, 
4862, 
4912, 
4942, 
4983, 
5024, 
5074, 
5118, 
5155, 
5195, 
5223, 
5254, 
5284, 
5311, 
5341, 
5369, 
5389, 
5428, 
5452, 
5487, 
5524, 
5562, 
5584, 
5610, 
5625, 
5642, 
5664, 
5680, 
5698, 
5721, 
5739, 
5761, 
5785, 
5820, 
5836, 
5863, 
5880, 
5894, 
5911, 
5935, 
5955, 
5976, 
5996, 
6026, 
6054, 
6085, 
6116, 
6145, 
6166, 
6181, 
6198, 
6221, 
6246, 
6270, 
6295, 
6311, 
6337, 
6352, 
6368, 
6381, 
6407, 
6424, 
6448, 
6468, 
6487, 
6508, 
6530, 
6547, 
6564, 
6579, 
6594, 
6611, 
6633, 
6654, 
6665, 
6696, 
6721, 
6746, 
6777, 
6811, 
6838, 
6866, 
6890, 
6905, 
6932, 
6951, 
6969, 
6988, 
7002, 
7023, 
7039, 
7062, 
7085, 
7097, 
7117, 
7130, 
7144, 
7154, 
7160, 
7174, 
7191, 
7206, 
7225, 
7241, 
7262, 
7283, 
7327, 
7372, 
7408, 
7458, 
7495, 
7537, 
7577, 
7602, 
7626, 
7647, 
7664, 
7685, 
7715, 
7745, 
7775, 
7811, 
7834, 
7852, 
7867, 
7890, 
7905, 
7929, 
7961, 
7997, 
8023, 
8057, 
8076, 
8104, 
8133, 
8170, 
8198, 
8219, 
8235, 
8262, 
8293, 
8313, 
8342, 
8370, 
8389, 
8421, 
8455, 
8487, 
8517, 
8540, 
8555, 
8565, 
8575, 
8588, 
8621, 
8648, 
8683, 
8710, 
8727, 
8747, 
8767, 
8779, 
8794, 
8817, 
8828, 
8864, 
8893, 
8911, 
8927, 
8952, 
8973, 
9000, 
9016, 
9042, 
9059, 
9078, 
9098, 
9121, 
9145, 
9171, 
9190, 
9216, 
9240, 
9261, 
9288, 
9312, 
9326, 
9346, 
9358, 
9374, 
9403, 
9439, 
9458, 
9479, 
9511, 
9536, 
9572, 
9596, 
9633, 
9658, 
9699, 
9723, 
9738, 
9754, 
9774, 
9803, 
9835, 
9867, 
9881, 
9905, 
9923, 
9941, 
9971, 
9999, 
10027, 
10042, 
10062, 
10082, 
10104, 
10119, 
10136, 
10160, 
10186, 
10202, 
10228, 
10248, 
10268, 
10299, 
10324, 
10345, 
10370, 
10391, 
10416, 
10440, 
10465, 
10486, 
10499, 
10522, 
10540, 
10561, 
10584, 
10597, 
10623, 
10644, 
10679, 
10705, 
10738, 
10759, 
10781, 
10799, 
10813, 
10828, 
10859, 
10888, 
10913, 
10923, 
10943, 
10965, 
10981, 
10999, 
11022, 
11040, 
11072, 
11093, 
11117, 
11150, 
11179, 
11213, 
11252, 
11281, 
11310, 
11329, 
11349, 
11361, 
11372, 
11386, 
11401, 
11421, 
11429, 
11443, 
11459, 
11476, 
11498, 
11518, 
11542, 
11566, 
11600, 
11629, 
11647, 
11671, 
11690, 
11715, 
11741, 
11771, 
11812, 
11853, 
11882, 
11903, 
11942, 
11983, 
12007, 
12020, 
12045, 
12071, 
12094, 
12113, 
12146, 
12166, 
12183, 
12205, 
12228, 
12244, 
12259, 
12279, 
12305, 
12316, 
12326, 
12331, 
12341, 
12366, 
12382, 
12399, 
12414, 
12429, 
12452, 
12480, 
12509, 
12529, 
12545, 
12561, 
12583, 
12599, 
12607, 
12622, 
12642, 
12658, 
12669, 
12681, 
12696, 
12718, 
12735, 
12757, 
12778, 
12799, 
12821, 
12848, 
12870, 
12884, 
12908, 
12925, 
12955, 
12978, 
13001, 
13027, 
13053, 
13086, 
13118, 
13148, 
13167, 
13201, 
13228, 
13259, 
13279, 
13297, 
13317, 
13342, 
13368, 
13398, 
13424, 
13445, 
13476, 
13503, 
13518, 
13541, 
13566, 
13586, 
13593, 
13617, 
13636, 
13661, 
13684, 
13714, 
13732, 
13751, 
13771, 
13779, 
13815, 
13837, 
13865, 
13892, 
13921, 
13951, 
13983, 
14009, 
14033, 
14057, 
14069, 
14087, 
14114, 
14142, 
14167, 
14190, 
14215, 
14240, 
14292, 
14317, 
14337, 
14359, 
14381, 
14407, 
14431, 
14455, 
14467, 
14495, 
14530, 
14575, 
14603, 
14617, 
14633, 
14653, 
14668, 
14688, 
14710, 
14724, 
14756, 
14786, 
14810, 
14835, 
14866, 
14886, 
14904, 
14914, 
14930, 
14951, 
14971, 
14991, 
15014, 
15038, 
15055, 
15078, 
15102, 
15125, 
15148, 
15168, 
15180, 
15203, 
15225, 
15248, 
15272, 
15297, 
15320, 
15343, 
15361, 
15381, 
15407, 
15434, 
15465, 
15504, 
15534, 
15564, 
15606, 
15638, 
15660, 
15681, 
15706, 
15734, 
15759, 
15778, 
15818, 
15845, 
15864, 
15885, 
15905, 
15929, 
15959, 
15976, 
15995, 
16012, 
16026, 
16047, 
16081, 
16107, 
16133, 
16154, 
16171, 
16190, 
16202, 
16220, 
16239, 
16267, 
16288, 
16315, 
16334, 
16355, 
16385, 
16414, 
16441, 
16466, 
16501, 
16540, 
16578, 
16601, 
16629, 
16662, 
16695, 
16716, 
16746, 
16762, 
16776, 
16790, 
16807, 
16823, 
16840, 
16859, 
16886, 
16910, 
16931, 
16950, 
16968, 
16991, 
17015, 
17036, 
17067, 
17099, 
17126, 
17156, 
17181, 
17202, 
17236, 
17271, 
17300, 
17340, 
17363, 
17385, 
17418, 
17432, 
17461, 
17481, 
17508, 
17529, 
17557, 
17589, 
17631, 
17667, 
17695, 
17720, 
17756, 
17788, 
17812, 
17836, 
17857, 
17882, 
17905, 
17922, 
17949, 
17963, 
17978, 
17998, 
18025, 
18046, 
18066, 
18088, 
18109, 
18128, 
18145, 
18170, 
18198, 
18239, 
18277, 
18306, 
18325, 
18339, 
18346, 
18360, 
18379, 
18396, 
18418, 
18454, 
18485, 
18516, 
18536, 
18556, 
18569, 
18585, 
18600, 
18618, 
18636, 
18651, 
18675, 
18696, 
18719, 
18735, 
18753, 
18783, 
18816, 
18853, 
18893, 
18941, 
18981, 
19026, 
19077, 
19113, 
19143, 
19192, 
19230, 
19264, 
19289, 
19307, 
19328, 
19354, 
19384, 
19406, 
19427, 
19435, 
19448, 
19474, 
19495, 
19505, 
19514, 
19530, 
19541, 
19555, 
19569, 
19585, 
19596, 
19612, 
19625, 
19645, 
19669, 
19681, 
19693, 
19707, 
19729, 
19752, 
19776, 
19803, 
19832, 
19859, 
19886, 
19906, 
19932, 
19965, 
19976, 
19993, 
20009, 
20024, 
20039, 
20053, 
20079, 
20112, 
20145, 
20181, 
20204, 
20229, 
20261, 
20280, 
20316, 
20341, 
20367, 
20391, 
20426, 
20445, 
20484, 
20519, 
20535, 
20552, 
20582, 
20616, 
20639, 
20666, 
20697, 
20722, 
20757, 
20779, 
20812, 
20841, 
20866, 
20901, 
20940, 
20968, 
20987, 
21009, 
21023, 
21037, 
21061, 
21085, 
21110, 
21138, 
21166, 
21188, 
21220, 
21264, 
21288, 
21312, 
21332, 
21357, 
21382, 
21403, 
21430, 
21460, 
21495, 
21531, 
21572, 
21604, 
21632, 
21661, 
21682, 
21697, 
21716, 
21726, 
21742, 
21763, 
21792, 
21810, 
21843, 
21877, 
21912, 
21949, 
21993, 
22021, 
22045, 
22066, 
22092, 
22112, 
22141, 
22168, 
22186, 
22207, 
22232, 
22264, 
22283, 
22308, 
22341, 
22366, 
22380, 
22403, 
22421, 
22451, 
22473, 
22495, 
22516, 
22534, 
22553, 
22569, 
22588, 
22606, 
22622, 
22643, 
22667, 
22677, 
22694, 
22723, 
22741, 
22771, 
22792, 
22817, 
22851, 
22869, 
22884, 
22914, 
22937, 
22959, 
22983, 
22995, 
23007, 
23012, 
23029, 
23047, 
23060, 
23075, 
23084, 
23108, 
23121, 
23136, 
23157, 
23190, 
23221, 
23244, 
23287, 
23314, 
23350, 
23374, 
23400, 
23437, 
23469, 
23498, 
23511, 
23537, 
23567, 
23593, 
23623, 
23657, 
23688, 
23723, 
23743, 
23768, 
23791, 
23819, 
23834, 
23856, 
23881, 
23909, 
23942, 
23968, 
24014, 
24048, 
24073, 
24101, 
24119, 
24142, 
24157, 
24180, 
24195, 
24212, 
24236, 
24261, 
24277, 
24300, 
24334, 
24360, 
24381, 
24402, 
24429, 
24460, 
24489, 
24515, 
24548, 
24584, 
24610, 
24642, 
24678, 
24703, 
24729, 
24748, 
24760, 
24780, 
24794, 
24814, 
24835, 
24873, 
24901, 
24924, 
24942, 
24962, 
24983, 
25003, 
25024, 
25037, 
25056, 
25063, 
25082, 
25132, 
25177, 
25202, 
25232, 
25253, 
25262, 
25286, 
25300, 
25318, 
25344, 
25365, 
25392, 
25431, 
25463, 
25484, 
25498, 
25516, 
25538, 
25552, 
25570, 
25581, 
