208, 
349, 
458, 
568, 
636, 
707, 
782, 
827, 
863, 
895, 
924, 
947, 
958, 
972, 
991, 
1003, 
1011, 
1028, 
1046, 
1064, 
1081, 
1095, 
1103, 
1117, 
1128, 
1143, 
1154, 
1162, 
1176, 
1181, 
1194, 
1208, 
1218, 
1227, 
1240, 
1250, 
1260, 
1276, 
1285, 
1289, 
1290, 
1294, 
1297, 
1301, 
1304, 
1316, 
1318, 
1319, 
1320, 
1322, 
1326, 
1326, 
1326, 
1328, 
1330, 
1330, 
1330, 
1332, 
1334, 
1338, 
1345, 
1350, 
1355, 
1358, 
1358, 
1360, 
1360, 
1364, 
1366, 
1368, 
1372, 
1375, 
1376, 
1376, 
1377, 
1379, 
1381, 
1384, 
1387, 
1389, 
1390, 
1393, 
1397, 
1399, 
1403, 
1405, 
1406, 
1407, 
1409, 
1410, 
1414, 
1417, 
1420, 
1421, 
1422, 
1426, 
1430, 
1431, 
1433, 
1436, 
1441, 
1441, 
1443, 
1446, 
1451, 
1453, 
1456, 
1464, 
1469, 
1470, 
1472, 
1474, 
1478, 
1481, 
1489, 
1501, 
1508, 
1512, 
1514, 
1515, 
1517, 
1522, 
1526, 
1532, 
1532, 
1532, 
1533, 
1535, 
1540, 
1541, 
1547, 
1549, 
1550, 
1551, 
1552, 
1558, 
1561, 
1562, 
1562, 
1562, 
1562, 
1562, 
1563, 
1565, 
1568, 
1570, 
1571, 
1577, 
1579, 
1581, 
1584, 
1584, 
1585, 
1586, 
1589, 
1590, 
1591, 
1595, 
1597, 
1599, 
1603, 
1608, 
1610, 
1610, 
1613, 
1616, 
1618, 
1621, 
1626, 
1629, 
1630, 
1634, 
1638, 
1639, 
1640, 
1644, 
1649, 
1651, 
1654, 
1655, 
1655, 
1657, 
1659, 
1660, 
1660, 
1660, 
1660, 
1660, 
1660, 
1660, 
1661, 
1665, 
1666, 
1666, 
1666, 
1670, 
1672, 
1675, 
1676, 
1678, 
1680, 
1680, 
1683, 
1687, 
1689, 
1693, 
1695, 
1698, 
1701, 
1704, 
1705, 
1706, 
1709, 
1711, 
1712, 
1714, 
1717, 
1720, 
1725, 
1728, 
1730, 
1730, 
1730, 
1733, 
1734, 
1734, 
1734, 
1736, 
1739, 
1743, 
1747, 
1749, 
1750, 
1750, 
1750, 
1750, 
1752, 
1752, 
1754, 
1754, 
1756, 
1758, 
1758, 
1760, 
1761, 
1762, 
1762, 
1764, 
1765, 
1766, 
1769, 
1772, 
1772, 
1777, 
1777, 
1781, 
1785, 
1789, 
1792, 
1798, 
1798, 
1800, 
1802, 
1803, 
1806, 
1808, 
1812, 
1814, 
1819, 
1819, 
1820, 
1823, 
1831, 
1836, 
1846, 
1848, 
1853, 
1855, 
1862, 
1868, 
1873, 
1881, 
1888, 
1890, 
1891, 
1892, 
1894, 
1894, 
1898, 
1900, 
1901, 
1904, 
1905, 
1906, 
1906, 
1906, 
1907, 
1908, 
1912, 
1913, 
1915, 
1916, 
1918, 
1920, 
1922, 
1922, 
1923, 
1924, 
1926, 
1930, 
1934, 
1934, 
1935, 
1936, 
1940, 
1941, 
1943, 
1944, 
1947, 
1954, 
1956, 
1957, 
1959, 
1963, 
1963, 
1966, 
1966, 
1967, 
1970, 
1970, 
1971, 
1972, 
1972, 
1977, 
1981, 
1983, 
1985, 
1985, 
1990, 
1992, 
1992, 
1993, 
1994, 
1994, 
1996, 
2000, 
2006, 
2008, 
2008, 
2010, 
2012, 
2013, 
2014, 
2014, 
2014, 
2014, 
2014, 
2019, 
2023, 
2027, 
2028, 
2029, 
2031, 
2031, 
2033, 
2036, 
2038, 
2040, 
2042, 
2045, 
2050, 
2051, 
2052, 
2052, 
2052, 
2052, 
2054, 
2054, 
2056, 
2058, 
2059, 
2062, 
2066, 
2069, 
2074, 
2076, 
2077, 
2078, 
2079, 
2079, 
2080, 
2082, 
2088, 
2089, 
2094, 
2095, 
2097, 
2102, 
2104, 
2105, 
2105, 
2106, 
2109, 
2109, 
2109, 
2112, 
2114, 
2120, 
2129, 
2136, 
2141, 
2144, 
2147, 
2152, 
2154, 
2159, 
2160, 
2161, 
2167, 
2175, 
2181, 
2182, 
2186, 
2186, 
2188, 
2188, 
2190, 
2191, 
2194, 
2196, 
2196, 
2197, 
2198, 
2201, 
2203, 
2205, 
2207, 
2208, 
2208, 
2209, 
2211, 
2213, 
2213, 
2215, 
2217, 
2221, 
2228, 
2231, 
2232, 
2234, 
2235, 
2236, 
2239, 
2240, 
2240, 
2240, 
2241, 
2242, 
2244, 
2245, 
2246, 
2248, 
2249, 
2250, 
2251, 
2252, 
2253, 
2254, 
2258, 
2260, 
2263, 
2264, 
2264, 
2269, 
2270, 
2270, 
2270, 
2270, 
2271, 
2273, 
2277, 
2280, 
2287, 
2289, 
2291, 
2295, 
2301, 
2301, 
2301, 
2301, 
2306, 
2309, 
2312, 
2314, 
2314, 
2317, 
2318, 
2324, 
2328, 
2333, 
2336, 
2338, 
2340, 
2345, 
2351, 
2358, 
2360, 
2360, 
2360, 
2363, 
2366, 
2366, 
2369, 
2371, 
2371, 
2372, 
2374, 
2374, 
2374, 
2375, 
2376, 
2381, 
2382, 
2387, 
2393, 
2397, 
2398, 
2401, 
2402, 
2404, 
2406, 
2407, 
2408, 
2410, 
2420, 
2429, 
2431, 
2433, 
2436, 
2441, 
2441, 
2442, 
2442, 
2443, 
2448, 
2452, 
2452, 
2452, 
2452, 
2452, 
2455, 
2458, 
2458, 
2461, 
2462, 
2462, 
2466, 
2466, 
2466, 
2470, 
2475, 
2476, 
2480, 
2482, 
2489, 
2494, 
2503, 
2507, 
2512, 
2517, 
2517, 
2518, 
2518, 
2520, 
2521, 
2522, 
2525, 
2526, 
2526, 
2530, 
2533, 
2536, 
2537, 
2540, 
2540, 
2540, 
2543, 
2543, 
2546, 
2551, 
2552, 
2555, 
2559, 
2560, 
2564, 
2565, 
2566, 
2566, 
2566, 
2568, 
2568, 
2570, 
2571, 
2572, 
2573, 
2573, 
2576, 
2578, 
2580, 
2580, 
2583, 
2585, 
2586, 
2587, 
2588, 
2590, 
2591, 
2596, 
2599, 
2600, 
2602, 
2605, 
2606, 
2609, 
2612, 
2613, 
2615, 
2616, 
2619, 
2621, 
2622, 
2626, 
2626, 
2626, 
2628, 
2630, 
2631, 
2631, 
2632, 
2632, 
2633, 
2636, 
2640, 
2642, 
2642, 
2647, 
2648, 
2648, 
2648, 
2648, 
2649, 
2656, 
2661, 
2663, 
2663, 
2665, 
2666, 
2668, 
2674, 
2676, 
2677, 
2681, 
2686, 
2687, 
2690, 
2690, 
2693, 
2695, 
2697, 
2699, 
2701, 
2702, 
2702, 
2704, 
2706, 
2708, 
2713, 
2717, 
2722, 
2725, 
2729, 
2732, 
2733, 
2734, 
2734, 
2736, 
2736, 
2736, 
2737, 
2737, 
2739, 
2739, 
2741, 
2746, 
2748, 
2748, 
2748, 
2749, 
2752, 
2754, 
2756, 
2758, 
2760, 
2762, 
2763, 
2764, 
2764, 
2764, 
2765, 
2771, 
2774, 
2774, 
2775, 
2776, 
2776, 
2776, 
2778, 
2778, 
2778, 
2782, 
2786, 
2791, 
2794, 
2799, 
2805, 
2807, 
2808, 
2812, 
2815, 
2817, 
2817, 
2818, 
2819, 
2826, 
2827, 
2829, 
2830, 
2830, 
2831, 
2832, 
2832, 
2832, 
2832, 
2834, 
2834, 
2834, 
2834, 
2836, 
2836, 
2836, 
2840, 
2843, 
2845, 
2847, 
2848, 
2850, 
2854, 
2857, 
2860, 
2865, 
2871, 
2874, 
2877, 
2878, 
2879, 
2882, 
2884, 
2884, 
2884, 
2884, 
2886, 
2886, 
2886, 
2887, 
2891, 
2899, 
2903, 
2903, 
2904, 
2904, 
2907, 
2910, 
2912, 
2915, 
2916, 
2916, 
2918, 
2921, 
2921, 
2923, 
2928, 
2929, 
2935, 
2937, 
2938, 
2938, 
2938, 
2938, 
2938, 
2939, 
2940, 
2945, 
2946, 
2950, 
2954, 
2957, 
2958, 
2960, 
2968, 
2971, 
2975, 
2978, 
2983, 
2986, 
2988, 
2988, 
2991, 
2993, 
2999, 
3000, 
3003, 
3005, 
3008, 
3012, 
3016, 
3018, 
3021, 
3023, 
3024, 
3026, 
3028, 
3028, 
3030, 
3034, 
3035, 
3036, 
3036, 
3036, 
3036, 
3038, 
3040, 
3041, 
3042, 
3042, 
3043, 
3045, 
3047, 
3051, 
3052, 
3053, 
3056, 
3056, 
3057, 
3058, 
3062, 
3066, 
3067, 
3068, 
3070, 
3070, 
3070, 
3070, 
3073, 
3079, 
3083, 
3091, 
3091, 
3094, 
3099, 
3102, 
3102, 
3103, 
3104, 
3114, 
3119, 
3122, 
3125, 
3126, 
3127, 
3133, 
3134, 
3134, 
3135, 
3139, 
3142, 
3145, 
3146, 
3148, 
3148, 
3149, 
3152, 
3152, 
3154, 
3156, 
3157, 
3163, 
3165, 
3171, 
3174, 
3180, 
3181, 
3184, 
3185, 
3186, 
3188, 
3191, 
3192, 
3193, 
3194, 
3196, 
3197, 
3202, 
3205, 
3208, 
3209, 
3211, 
3213, 
3219, 
3225, 
3231, 
3237, 
3237, 
3238, 
3240, 
3242, 
3242, 
3243, 
3244, 
3245, 
3247, 
3248, 
3248, 
3251, 
3252, 
3254, 
3255, 
3256, 
3258, 
3258, 
3260, 
3262, 
3265, 
3271, 
3273, 
3276, 
3276, 
3279, 
3283, 
3288, 
3292, 
3293, 
3297, 
3299, 
3303, 
3308, 
3312, 
3313, 
3318, 
3321, 
3327, 
3329, 
3331, 
3331, 
3333, 
3336, 
3337, 
3341, 
3348, 
3353, 
3356, 
3358, 
3360, 
3362, 
3362, 
3364, 
3366, 
3366, 
3366, 
3366, 
3366, 
3375, 
3378, 
3379, 
3380, 
3380, 
3380, 
3380, 
3381, 
3383, 
3384, 
3386, 
3388, 
3392, 
3395, 
3395, 
3398, 
3400, 
3402, 
3402, 
3404, 
3404, 
