240, 
422, 
596, 
752, 
887, 
1011, 
1159, 
1277, 
1400, 
1517, 
1654, 
1781, 
1904, 
2027, 
2125, 
2257, 
2378, 
2486, 
2607, 
2720, 
2833, 
2948, 
3078, 
3184, 
3285, 
3371, 
3470, 
3569, 
3655, 
3749, 
3855, 
3962, 
4057, 
4143, 
4223, 
4322, 
4444, 
4550, 
4655, 
4759, 
4852, 
4947, 
5046, 
5160, 
5260, 
5345, 
5469, 
5561, 
5673, 
5770, 
5876, 
5964, 
6067, 
6173, 
6287, 
6384, 
6499, 
6578, 
6662, 
6760, 
6871, 
6969, 
7089, 
7212, 
7315, 
7424, 
7544, 
7667, 
7809, 
7963, 
8073, 
8185, 
8294, 
8408, 
8516, 
8636, 
8741, 
8839, 
8934, 
9025, 
9121, 
9203, 
9304, 
9404, 
9504, 
9611, 
9700, 
9800, 
9901, 
9998, 
10101, 
10198, 
10328, 
10430, 
10540, 
10639, 
10738, 
10805, 
10906, 
11008, 
11089, 
11180, 
11267, 
11361, 
11468, 
11562, 
11643, 
11733, 
11822, 
11902, 
11975, 
12082, 
12165, 
12259, 
12355, 
12437, 
12522, 
12622, 
12715, 
12815, 
12902, 
12980, 
13069, 
13178, 
13279, 
13396, 
13506, 
13610, 
13732, 
13821, 
13916, 
14025, 
14136, 
14255, 
14359, 
14470, 
14556, 
14674, 
14777, 
14875, 
14985, 
15091, 
15200, 
15307, 
15422, 
15558, 
15707, 
15850, 
15969, 
16075, 
16188, 
16311, 
16431, 
16560, 
16681, 
16804, 
16944, 
17047, 
17173, 
17300, 
17403, 
17504, 
17622, 
17717, 
17819, 
17911, 
18036, 
18146, 
18248, 
18364, 
18473, 
18583, 
18692, 
18793, 
18888, 
18983, 
19085, 
19192, 
19289, 
19389, 
19502, 
19614, 
19729, 
19821, 
19913, 
20011, 
20104, 
20193, 
20300, 
20394, 
20461, 
20540, 
20589, 
20646, 
20703, 
20761, 
20825, 
20894, 
20990, 
21092, 
21206, 
21320, 
21421, 
21545, 
21657, 
21750, 
21832, 
21930, 
22051, 
22153, 
22258, 
22353, 
22447, 
22518, 
22607, 
22682, 
22752, 
22812, 
22874, 
22936, 
22996, 
23078, 
23149, 
23205, 
23249, 
23313, 
23378, 
23437, 
23498, 
23578, 
23649, 
23718, 
23789, 
23878, 
23947, 
24013, 
24066, 
24143, 
24218, 
24281, 
24350, 
24420, 
24469, 
24520, 
24586, 
24651, 
24732, 
24817, 
24903, 
24986, 
25067, 
25135, 
25213, 
25276, 
25342, 
25414, 
25496, 
25575, 
25679, 
25763, 
25850, 
25951, 
26026, 
26104, 
26201, 
26290, 
26385, 
26468, 
26585, 
26680, 
26756, 
26850, 
26921, 
27008, 
27069, 
27158, 
27259, 
27350, 
27441, 
27542, 
27648, 
27751, 
27843, 
27917, 
27993, 
28084, 
28161, 
28255, 
28332, 
28406, 
28488, 
28572, 
28652, 
28747, 
28825, 
28901, 
28967, 
29035, 
29095, 
29172, 
29264, 
29353, 
29437, 
29516, 
29600, 
29677, 
29756, 
29830, 
29904, 
29946, 
29996, 
30051, 
30105, 
30167, 
30248, 
30340, 
30433, 
30535, 
30635, 
30723, 
30801, 
30866, 
30942, 
31025, 
31084, 
31145, 
31209, 
31266, 
31325, 
31378, 
31438, 
31485, 
31546, 
31601, 
31663, 
31719, 
31779, 
31836, 
31909, 
31972, 
32033, 
32108, 
32182, 
32239, 
32320, 
32407, 
32475, 
32529, 
32576, 
32623, 
32690, 
32749, 
32805, 
32855, 
32918, 
32995, 
33075, 
33149, 
33206, 
33284, 
33349, 
33400, 
33468, 
33538, 
33602, 
33659, 
33715, 
33772, 
33851, 
33918, 
34010, 
34112, 
34203, 
34283, 
34358, 
34430, 
34495, 
34554, 
34603, 
34663, 
34729, 
34809, 
34874, 
34941, 
35010, 
35069, 
35129, 
35201, 
35276, 
35356, 
35439, 
35508, 
35566, 
35633, 
35712, 
35775, 
35818, 
35858, 
35891, 
35932, 
35972, 
36012, 
36060, 
36106, 
36162, 
36216, 
36268, 
36313, 
36360, 
36412, 
36472, 
36534, 
36603, 
36671, 
36764, 
36846, 
36951, 
37042, 
37131, 
37204, 
37290, 
37341, 
37401, 
37479, 
37563, 
37660, 
37730, 
37812, 
37883, 
37969, 
38054, 
38139, 
38225, 
38322, 
38422, 
38506, 
38606, 
38682, 
38763, 
38850, 
38934, 
39036, 
39137, 
39233, 
39318, 
39425, 
39519, 
39629, 
39727, 
39830, 
39938, 
40045, 
40153, 
40257, 
40351, 
40429, 
40522, 
40603, 
40683, 
40764, 
40829, 
40915, 
40992, 
41075, 
41161, 
41231, 
41313, 
41389, 
41464, 
41551, 
41615, 
41675, 
41732, 
41804, 
41875, 
41966, 
42044, 
42115, 
42165, 
42255, 
42343, 
42423, 
42491, 
42551, 
42613, 
42664, 
42721, 
42792, 
42862, 
42928, 
43016, 
43098, 
43175, 
43254, 
43358, 
43457, 
43548, 
43654, 
43733, 
43819, 
43894, 
43964, 
44044, 
44118, 
44217, 
44323, 
44409, 
44482, 
44533, 
44592, 
44645, 
44717, 
44782, 
44842, 
44914, 
44966, 
45049, 
45126, 
45217, 
45322, 
45412, 
45530, 
45658, 
45759, 
45858, 
45933, 
46011, 
46099, 
46185, 
46269, 
46345, 
46423, 
46493, 
46587, 
46670, 
46755, 
46829, 
46903, 
46954, 
47034, 
47100, 
47176, 
47280, 
47389, 
47485, 
47587, 
47653, 
47747, 
47851, 
47936, 
48022, 
48123, 
48197, 
48269, 
48351, 
48419, 
48492, 
48553, 
48624, 
48684, 
48758, 
48828, 
48894, 
48976, 
49057, 
49127, 
49193, 
49267, 
49336, 
49418, 
49495, 
49574, 
49640, 
49718, 
49784, 
49862, 
49931, 
50012, 
50089, 
50178, 
50276, 
50365, 
50464, 
50572, 
50688, 
50787, 
50869, 
50942, 
50999, 
51059, 
51106, 
51165, 
51249, 
51323, 
51390, 
51469, 
51575, 
51671, 
51783, 
51876, 
51968, 
52056, 
52150, 
52263, 
52377, 
52487, 
52591, 
52705, 
52795, 
52880, 
52948, 
53020, 
53098, 
53170, 
53230, 
53299, 
53370, 
53447, 
53510, 
53549, 
53593, 
53677, 
53747, 
53812, 
53895, 
53983, 
54065, 
54125, 
54200, 
54273, 
54349, 
54414, 
54489, 
54570, 
54664, 
54750, 
54837, 
54919, 
55004, 
55097, 
55191, 
55263, 
55318, 
55373, 
55440, 
55497, 
55576, 
55656, 
55719, 
55799, 
55869, 
55948, 
56016, 
56093, 
56154, 
56214, 
56286, 
56355, 
56405, 
56454, 
56520, 
56555, 
56583, 
56632, 
56672, 
56715, 
56786, 
56854, 
56927, 
57012, 
57109, 
57192, 
57258, 
57318, 
57387, 
57451, 
57518, 
57570, 
57614, 
57675, 
57735, 
57824, 
57903, 
58001, 
58109, 
58203, 
58311, 
58438, 
58555, 
58666, 
58784, 
58900, 
59019, 
59120, 
59242, 
59366, 
59464, 
59568, 
59657, 
59739, 
59837, 
59932, 
60040, 
60143, 
60247, 
60346, 
60466, 
60565, 
60647, 
60725, 
60814, 
60932, 
61027, 
61099, 
61170, 
61255, 
61342, 
61410, 
61487, 
61574, 
61653, 
61724, 
61796, 
61890, 
61979, 
62064, 
62127, 
62203, 
62268, 
62327, 
62421, 
62502, 
62602, 
62680, 
62778, 
62844, 
62931, 
62998, 
63073, 
63160, 
63249, 
63323, 
63399, 
63471, 
63549, 
63645, 
63715, 
63813, 
63898, 
63972, 
64056, 
64131, 
64224, 
64280, 
64348, 
64414, 
64480, 
64527, 
64568, 
64625, 
64678, 
64739, 
64795, 
64836, 
64876, 
64909, 
64954, 
65006, 
65060, 
65116, 
65167, 
65224, 
65284, 
65336, 
65385, 
65452, 
65497, 
65556, 
65602, 
65663, 
65728, 
65790, 
65849, 
65894, 
65947, 
66002, 
66037, 
66099, 
66159, 
66220, 
66295, 
66366, 
66454, 
66528, 
66590, 
66649, 
66720, 
66797, 
66868, 
66933, 
67021, 
67114, 
67178, 
67249, 
67319, 
67422, 
67534, 
67648, 
67770, 
67905, 
68026, 
68118, 
68252, 
68377, 
68494, 
68629, 
68748, 
68863, 
68958, 
69050, 
69144, 
69239, 
69347, 
69491, 
69620, 
69753, 
69888, 
70040, 
70192, 
70359, 
70524, 
70650, 
70765, 
70885, 
71001, 
71099, 
71193, 
71291, 
71389, 
71449, 
71504, 
71577, 
71650, 
71757, 
71830, 
71893, 
71960, 
72032, 
72104, 
72158, 
72210, 
72265, 
72304, 
72359, 
72405, 
72474, 
72556, 
72665, 
72751, 
72831, 
72900, 
72964, 
73026, 
73094, 
73196, 
73272, 
73358, 
73442, 
73524, 
73597, 
73673, 
73754, 
73830, 
73909, 
73983, 
74091, 
74197, 
74294, 
74391, 
74497, 
74605, 
74717, 
74809, 
74929, 
75035, 
75159, 
75272, 
75379, 
75495, 
75577, 
75681, 
75778, 
75871, 
75975, 
76073, 
76149, 
76251, 
76372, 
76492, 
76580, 
76660, 
76750, 
76861, 
76962, 
77055, 
77137, 
77207, 
77281, 
77385, 
77504, 
77604, 
77715, 
77803, 
77876, 
77932, 
78007, 
78101, 
78190, 
78274, 
78362, 
78450, 
78535, 
78616, 
78707, 
78782, 
78840, 
78891, 
78953, 
79026, 
79069, 
79112, 
79171, 
79230, 
79301, 
79350, 
79435, 
79508, 
79573, 
79630, 
79682, 
79750, 
79803, 
79865, 
79936, 
79981, 
80028, 
80105, 
80181, 
80256, 
80339, 
80411, 
80486, 
80560, 
80637, 
80713, 
80789, 
80876, 
80974, 
81042, 
81121, 
81200, 
81271, 
81345, 
81407, 
81482, 
81556, 
81633, 
81710, 
81778, 
81845, 
81915, 
81981, 
82050, 
82130, 
82216, 
82302, 
82392, 
82483, 
82565, 
82643, 
82706, 
82762, 
82817, 
82879, 
82955, 
83025, 
83094, 
83149, 
83212, 
83273, 
83326, 
83380, 
83438, 
83516, 
83600, 
83685, 
83751, 
83843, 
83931, 
84014, 
84081, 
