-304, 
-468, 
-544, 
-572, 
-600, 
-624, 
-620, 
-592, 
-640, 
-652, 
-664, 
-716, 
-728, 
-748, 
-792, 
-792, 
-784, 
-780, 
-772, 
-776, 
-776, 
-792, 
-784, 
-784, 
-772, 
-748, 
-776, 
-792, 
-784, 
-764, 
-784, 
-772, 
-788, 
-780, 
-792, 
-776, 
-776, 
-780, 
-776, 
-784, 
-784, 
-772, 
-792, 
-768, 
-768, 
-784, 
-788, 
-776, 
-776, 
-784, 
-760, 
-772, 
-784, 
-768, 
-772, 
-792, 
-784, 
-776, 
-800, 
-784, 
-776, 
-792, 
-800, 
-784, 
-768, 
-784, 
-792, 
-760, 
-776, 
-768, 
-792, 
-776, 
-772, 
-784, 
-788, 
-792, 
-800, 
-776, 
-792, 
-792, 
-776, 
-776, 
-772, 
-776, 
-780, 
-776, 
-784, 
-776, 
-768, 
-792, 
-784, 
-792, 
-784, 
-776, 
-784, 
-760, 
-792, 
-792, 
-792, 
-780, 
-764, 
-776, 
-792, 
-768, 
-784, 
-784, 
-764, 
-772, 
-784, 
-784, 
-776, 
-764, 
-776, 
-776, 
-784, 
-760, 
-800, 
-792, 
-776, 
-784, 
-756, 
-792, 
-764, 
-788, 
-784, 
-792, 
-780, 
-800, 
-784, 
-792, 
-776, 
-784, 
-792, 
-768, 
-784, 
-800, 
-764, 
-776, 
-792, 
-792, 
-784, 
-784, 
-772, 
-776, 
-792, 
-772, 
-800, 
-788, 
-800, 
-760, 
-776, 
-764, 
-792, 
-792, 
-792, 
-792, 
-788, 
-776, 
-792, 
-788, 
-784, 
-780, 
-780, 
-768, 
-784, 
-800, 
-792, 
-784, 
-800, 
-800, 
-784, 
-784, 
-784, 
-776, 
-784, 
-800, 
-792, 
-792, 
-788, 
-768, 
-792, 
-784, 
-776, 
-752, 
-752, 
-784, 
-768, 
-768, 
-768, 
-744, 
-784, 
-784, 
-800, 
-792, 
-768, 
-792, 
-780, 
-784, 
-784, 
-776, 
-792, 
-792, 
-792, 
-780, 
-784, 
-800, 
-792, 
-784, 
-800, 
-760, 
-792, 
-792, 
-776, 
-772, 
-792, 
-784, 
-768, 
-760, 
-760, 
-784, 
-792, 
-784, 
-784, 
-772, 
-772, 
-784, 
-776, 
-772, 
-776, 
-776, 
-756, 
-792, 
-784, 
-800, 
-792, 
-784, 
-784, 
-788, 
-800, 
-764, 
-800, 
-792, 
-784, 
-788, 
-792, 
-780, 
-792, 
-768, 
-792, 
-772, 
-792, 
-800, 
-792, 
-784, 
-800, 
-776, 
-792, 
-776, 
-768, 
-792, 
-784, 
-800, 
-784, 
-800, 
-776, 
-784, 
-752, 
-784, 
-772, 
-748, 
-780, 
-784, 
-752, 
-792, 
-776, 
-784, 
-800, 
-784, 
-784, 
-768, 
-792, 
-768, 
-784, 
-784, 
-776, 
-800, 
-784, 
-768, 
-784, 
-800, 
-784, 
-792, 
-752, 
-792, 
-764, 
-776, 
-792, 
-756, 
-784, 
-780, 
-768, 
-768, 
-792, 
-760, 
-760, 
-768, 
-776, 
-784, 
-768, 
-784, 
-780, 
-760, 
-792, 
-788, 
-780, 
-768, 
-776, 
-784, 
-792, 
-776, 
-780, 
-784, 
-800, 
-784, 
-792, 
-776, 
-780, 
-784, 
-800, 
-776, 
-780, 
-776, 
-784, 
-768, 
-776, 
-784, 
-776, 
-776, 
-784, 
-784, 
-788, 
-776, 
-784, 
-792, 
-748, 
-760, 
-784, 
-776, 
-792, 
-784, 
-780, 
-780, 
-792, 
-780, 
-780, 
-752, 
-776, 
-776, 
-772, 
-756, 
-784, 
-784, 
-792, 
-764, 
-780, 
-780, 
-780, 
-800, 
-752, 
-744, 
-760, 
-780, 
-760, 
-792, 
-760, 
-772, 
-776, 
-776, 
-768, 
-800, 
-776, 
-800, 
-776, 
-792, 
-772, 
-768, 
-792, 
-792, 
-800, 
-784, 
-776, 
-752, 
-752, 
-784, 
-788, 
-792, 
-784, 
-792, 
-800, 
-800, 
-792, 
-772, 
-784, 
-772, 
-772, 
-768, 
-784, 
-792, 
-776, 
-772, 
-792, 
-800, 
-792, 
-800, 
-752, 
-748, 
-776, 
-788, 
-800, 
-784, 
-756, 
-760, 
-792, 
-784, 
-760, 
-748, 
-776, 
-784, 
-792, 
-776, 
-780, 
-792, 
-768, 
-792, 
-792, 
-800, 
-776, 
-784, 
-784, 
-776, 
-788, 
-800, 
-792, 
-784, 
-800, 
-784, 
-792, 
-792, 
-800, 
-800, 
-784, 
-792, 
-792, 
-760, 
-788, 
-772, 
-768, 
-780, 
-788, 
-788, 
-760, 
-772, 
-772, 
-792, 
-784, 
-800, 
-784, 
-792, 
-800, 
-792, 
-784, 
-784, 
-776, 
-776, 
-792, 
-784, 
-792, 
-800, 
-792, 
-800, 
-776, 
-800, 
-776, 
-792, 
-800, 
-800, 
-792, 
-800, 
-784, 
-792, 
-736, 
-760, 
-784, 
-760, 
-772, 
-784, 
-780, 
-760, 
-792, 
-756, 
-772, 
-792, 
-784, 
-784, 
-760, 
-780, 
-776, 
-756, 
-768, 
-784, 
-748, 
-792, 
-792, 
-728, 
-768, 
-760, 
-772, 
-792, 
-792, 
-800, 
-772, 
-792, 
-784, 
-780, 
-768, 
-784, 
-784, 
-776, 
-768, 
-800, 
-784, 
-792, 
-800, 
-784, 
-768, 
-780, 
-776, 
-792, 
-784, 
-784, 
-764, 
-784, 
-792, 
-784, 
-784, 
-756, 
-788, 
-776, 
-780, 
-772, 
-784, 
-788, 
-784, 
-768, 
-776, 
-780, 
-760, 
-800, 
-784, 
-784, 
-768, 
-784, 
-788, 
-776, 
-768, 
-776, 
-784, 
-764, 
-748, 
-756, 
-768, 
-792, 
-792, 
-792, 
-800, 
-768, 
-800, 
-792, 
-784, 
-792, 
-792, 
-776, 
-776, 
-772, 
-760, 
-756, 
-772, 
-776, 
-784, 
-792, 
-784, 
-780, 
-768, 
-792, 
-800, 
-776, 
-784, 
-772, 
-748, 
-792, 
-784, 
-784, 
-784, 
-764, 
-776, 
-776, 
-792, 
-748, 
-768, 
-776, 
-764, 
-784, 
-776, 
-784, 
-784, 
-800, 
-784, 
-784, 
-764, 
-760, 
-768, 
-764, 
-772, 
-756, 
-784, 
-776, 
-776, 
-800, 
-752, 
-760, 
-776, 
-776, 
-792, 
-800, 
-792, 
-784, 
-792, 
-768, 
-784, 
-776, 
-780, 
-792, 
-784, 
-776, 
-768, 
-776, 
-784, 
-792, 
-772, 
-780, 
-788, 
-788, 
-788, 
-760, 
-792, 
-776, 
-780, 
-776, 
-784, 
-800, 
-756, 
-800, 
-792, 
-792, 
-780, 
-776, 
-784, 
-784, 
-768, 
-792, 
-776, 
-800, 
-792, 
-776, 
-784, 
-768, 
-784, 
-784, 
-764, 
-764, 
-772, 
-784, 
-792, 
-792, 
-760, 
-780, 
-764, 
-752, 
-764, 
-760, 
-784, 
-792, 
-784, 
-784, 
-792, 
-760, 
-768, 
-776, 
-784, 
-800, 
-784, 
-792, 
-772, 
-784, 
-776, 
-792, 
-780, 
-772, 
-776, 
-800, 
-768, 
-784, 
-784, 
-776, 
-792, 
-764, 
-756, 
-784, 
-784, 
-800, 
-792, 
-784, 
-784, 
-792, 
-784, 
-792, 
-776, 
-784, 
-784, 
-784, 
-792, 
-792, 
-800, 
-768, 
-756, 
-784, 
-792, 
-780, 
-788, 
-768, 
-776, 
-792, 
-784, 
-776, 
-776, 
-788, 
-800, 
-792, 
-792, 
-792, 
-768, 
-764, 
-780, 
-780, 
-772, 
-764, 
-776, 
-772, 
-768, 
-764, 
-752, 
-768, 
-792, 
-768, 
-760, 
-760, 
-792, 
-776, 
-792, 
-768, 
-788, 
-784, 
-792, 
-780, 
-776, 
-764, 
-768, 
-776, 
-784, 
-776, 
-792, 
-800, 
-792, 
-776, 
-760, 
-776, 
-784, 
-780, 
-784, 
-768, 
-792, 
-784, 
-776, 
-752, 
-776, 
-792, 
-800, 
-784, 
-784, 
-776, 
-800, 
-800, 
-772, 
-748, 
-792, 
-784, 
-784, 
-784, 
-760, 
-800, 
-788, 
-768, 
-800, 
-800, 
-760, 
-792, 
-792, 
-784, 
-776, 
-736, 
-768, 
-780, 
-800, 
-800, 
-776, 
-768, 
-792, 
-772, 
-764, 
-776, 
-800, 
-784, 
-776, 
-792, 
-800, 
-772, 
-776, 
-792, 
-784, 
-776, 
-780, 
-760, 
-784, 
-784, 
-792, 
-792, 
-792, 
-772, 
-792, 
-784, 
-800, 
-784, 
-768, 
-752, 
-744, 
-752, 
-760, 
-800, 
-792, 
-788, 
-780, 
-768, 
-784, 
-776, 
-784, 
-784, 
-800, 
-776, 
-792, 
-784, 
-776, 
-772, 
-768, 
-792, 
-776, 
-784, 
-772, 
-776, 
-784, 
-780, 
-792, 
-784, 
-784, 
-768, 
-776, 
-784, 
-788, 
-800, 
-800, 
-784, 
-752, 
-760, 
-740, 
-776, 
-788, 
-784, 
-792, 
-792, 
-776, 
-764, 
-736, 
-768, 
-784, 
-784, 
-776, 
-736, 
-792, 
-792, 
-760, 
-784, 
-800, 
-792, 
-776, 
-760, 
-780, 
-760, 
-780, 
-772, 
-792, 
-792, 
-772, 
-776, 
-788, 
-768, 
-780, 
-780, 
-760, 
-772, 
-792, 
-784, 
-788, 
-760, 
-792, 
-780, 
-792, 
-792, 
-784, 
-772, 
-776, 
-784, 
-784, 
-788, 
-800, 
-776, 
-776, 
-784, 
-784, 
-792, 
-792, 
-776, 
-784, 
-776, 
-780, 
-764, 
-756, 
-744, 
-756, 
-752, 
-780, 
-784, 
-792, 
-792, 
-784, 
-788, 
-768, 
-792, 
-792, 
-784, 
-772, 
-788, 
-800, 
-792, 
-776, 
-772, 
-784, 
-784, 
-792, 
-768, 
-784, 
-776, 
-784, 
-792, 
-784, 
-776, 
-800, 
-764, 
-792, 
-792, 
-800, 
-792, 
-792, 
-784, 
-800, 
-772, 
-792, 
-784, 
-772, 
-776, 
-784, 
-784, 
-784, 
