-236, 
-320, 
-372, 
-376, 
-412, 
-456, 
-424, 
-428, 
-452, 
-452, 
-452, 
-488, 
-504, 
-512, 
-476, 
-496, 
-488, 
-524, 
-528, 
-548, 
-528, 
-528, 
-536, 
-544, 
-556, 
-560, 
-552, 
-552, 
-564, 
-572, 
-552, 
-532, 
-552, 
-544, 
-584, 
-540, 
-556, 
-564, 
-552, 
-556, 
-564, 
-576, 
-580, 
-588, 
-580, 
-612, 
-552, 
-560, 
-592, 
-584, 
-624, 
-604, 
-584, 
-564, 
-568, 
-588, 
-584, 
-552, 
-576, 
-552, 
-516, 
-552, 
-584, 
-568, 
-552, 
-560, 
-552, 
-552, 
-568, 
-512, 
-548, 
-548, 
-572, 
-560, 
-560, 
-588, 
-604, 
-608, 
-600, 
-568, 
-544, 
-540, 
-528, 
-500, 
-544, 
-520, 
-556, 
-568, 
-588, 
-572, 
-552, 
-544, 
-532, 
-540, 
-520, 
-552, 
-600, 
-664, 
-648, 
-624, 
-580, 
-560, 
-568, 
-528, 
-516, 
-528, 
-512, 
-516, 
-516, 
-560, 
-600, 
-584, 
-596, 
-604, 
-572, 
-584, 
-588, 
-528, 
-596, 
-604, 
-564, 
-536, 
-568, 
-572, 
-580, 
-564, 
-576, 
-628, 
-568, 
-608, 
-576, 
-568, 
-604, 
-592, 
-592, 
-572, 
-604, 
-620, 
-544, 
-528, 
-576, 
-580, 
-608, 
-580, 
-560, 
-552, 
-592, 
-616, 
-576, 
-596, 
-592, 
-540, 
-536, 
-536, 
-584, 
-556, 
-576, 
-560, 
-532, 
-512, 
-548, 
-560, 
-556, 
-564, 
-568, 
-536, 
-500, 
-532, 
-524, 
-564, 
-540, 
-572, 
-528, 
-508, 
-452, 
-504, 
-520, 
-544, 
-524, 
-552, 
-552, 
-564, 
-568, 
-600, 
-576, 
-552, 
-568, 
-564, 
-560, 
-592, 
-600, 
-608, 
-620, 
-624, 
-572, 
-560, 
-552, 
-588, 
-600, 
-580, 
-588, 
-596, 
-628, 
-580, 
-592, 
-620, 
-624, 
-644, 
-632, 
-616, 
-640, 
-600, 
-572, 
-584, 
-568, 
-584, 
-596, 
-580, 
-552, 
-568, 
-596, 
-580, 
-636, 
-604, 
-592, 
-572, 
-632, 
-640, 
-608, 
-632, 
-648, 
-680, 
-644, 
-668, 
-656, 
-636, 
-644, 
-620, 
-612, 
-656, 
-692, 
-700, 
-712, 
-744, 
-712, 
-716, 
-712, 
-720, 
-736, 
-764, 
-728, 
-700, 
-704, 
-716, 
-656, 
-680, 
-660, 
-712, 
-664, 
-716, 
-712, 
-712, 
-704, 
-716, 
-700, 
-712, 
-692, 
-720, 
-700, 
-708, 
-688, 
-704, 
-664, 
-708, 
-672, 
-680, 
-712, 
-728, 
-708, 
-708, 
-768, 
-724, 
-728, 
-736, 
-732, 
-756, 
-708, 
-708, 
-712, 
-728, 
-752, 
-724, 
-688, 
-728, 
-712, 
-664, 
-628, 
-620, 
-600, 
-640, 
-652, 
-692, 
-692, 
-720, 
-732, 
-704, 
-696, 
-680, 
-688, 
-692, 
-644, 
-700, 
-692, 
-708, 
-740, 
-732, 
-720, 
-728, 
-744, 
-740, 
-728, 
-684, 
-692, 
-656, 
-652, 
-660, 
-708, 
-744, 
-748, 
-732, 
-732, 
-696, 
-732, 
-692, 
-708, 
-732, 
-712, 
-712, 
-712, 
-700, 
-664, 
-720, 
-716, 
-756, 
-728, 
-668, 
-720, 
-720, 
-716, 
-728, 
-740, 
-708, 
-720, 
-736, 
-712, 
-724, 
-748, 
-740, 
-704, 
-732, 
-728, 
-712, 
-700, 
-752, 
-744, 
-752, 
-736, 
-728, 
-704, 
-684, 
-712, 
-736, 
-736, 
-716, 
-708, 
-700, 
-688, 
-692, 
-680, 
-684, 
-680, 
-700, 
-708, 
-712, 
-684, 
-684, 
-684, 
-708, 
-716, 
-732, 
-716, 
-700, 
-712, 
-716, 
-688, 
-724, 
-740, 
-724, 
-724, 
-716, 
-716, 
-692, 
-680, 
-676, 
-680, 
-684, 
-704, 
-704, 
-716, 
-704, 
-680, 
-688, 
-704, 
-728, 
-680, 
-660, 
-656, 
-684, 
-700, 
-648, 
-664, 
-692, 
-656, 
-700, 
-704, 
-680, 
-704, 
-692, 
-688, 
-688, 
-712, 
-736, 
-744, 
-728, 
-660, 
-696, 
-652, 
-628, 
-708, 
-656, 
-696, 
-676, 
-692, 
-692, 
-704, 
-724, 
-732, 
-708, 
-660, 
-688, 
-656, 
-684, 
-672, 
-684, 
-652, 
-696, 
-716, 
-728, 
-716, 
-752, 
-776, 
-760, 
-776, 
-712, 
-652, 
-668, 
-660, 
-616, 
-672, 
-700, 
-680, 
-680, 
-720, 
-664, 
-688, 
-700, 
-684, 
-696, 
-680, 
-688, 
-652, 
-656, 
-664, 
-628, 
-616, 
-664, 
-600, 
-592, 
-640, 
-660, 
-660, 
-696, 
-644, 
-656, 
-684, 
-688, 
-696, 
-716, 
-708, 
-692, 
-720, 
-712, 
-696, 
-712, 
-724, 
-696, 
-688, 
-724, 
-748, 
-760, 
-760, 
-740, 
-724, 
-760, 
-760, 
-724, 
-708, 
-688, 
-688, 
-684, 
-704, 
-736, 
-700, 
-684, 
-712, 
-752, 
-692, 
-720, 
-712, 
-696, 
-704, 
-684, 
-704, 
-696, 
-660, 
-668, 
-704, 
-696, 
-696, 
-688, 
-692, 
-704, 
-672, 
-688, 
-696, 
-704, 
-716, 
-684, 
-724, 
-712, 
-704, 
-716, 
-664, 
-696, 
-720, 
-668, 
-676, 
-692, 
-672, 
-716, 
-716, 
-696, 
-712, 
-720, 
-748, 
-752, 
-748, 
-716, 
-732, 
-716, 
-708, 
-748, 
-732, 
-716, 
-720, 
-724, 
-704, 
-716, 
-680, 
-680, 
-700, 
-688, 
-688, 
-712, 
-680, 
-680, 
-680, 
-716, 
-708, 
-704, 
-724, 
-720, 
-728, 
-716, 
-680, 
-708, 
-704, 
-708, 
-676, 
-660, 
-660, 
-680, 
-704, 
-692, 
-728, 
-736, 
-704, 
-736, 
-708, 
-720, 
-736, 
-692, 
-708, 
-700, 
-692, 
-712, 
-692, 
-676, 
-668, 
-700, 
-680, 
-704, 
-724, 
-716, 
-720, 
-756, 
-748, 
-712, 
-664, 
-676, 
-692, 
-712, 
-724, 
-724, 
-724, 
-692, 
-648, 
-696, 
-736, 
-720, 
-708, 
-672, 
-672, 
-660, 
-692, 
-680, 
-692, 
-688, 
-712, 
-760, 
-724, 
-732, 
-712, 
-736, 
-744, 
-740, 
-748, 
-760, 
-764, 
-752, 
-744, 
-744, 
-724, 
-708, 
-732, 
-728, 
-748, 
-736, 
-720, 
-732, 
-748, 
-704, 
-740, 
-748, 
-752, 
-740, 
-744, 
-704, 
-696, 
-684, 
-692, 
-656, 
-632, 
-640, 
-660, 
-696, 
-732, 
-692, 
-700, 
-668, 
-668, 
-676, 
-700, 
-720, 
-672, 
-680, 
-668, 
-676, 
-692, 
-712, 
-680, 
-680, 
-736, 
-744, 
-752, 
-728, 
-732, 
-744, 
-748, 
-704, 
-712, 
-708, 
-688, 
-712, 
-692, 
-672, 
-636, 
-676, 
-672, 
-696, 
-692, 
-760, 
-724, 
-724, 
-708, 
-752, 
-732, 
-692, 
-696, 
-720, 
-700, 
-756, 
-736, 
-728, 
-708, 
-724, 
-704, 
-640, 
-680, 
-664, 
-712, 
-716, 
-740, 
-728, 
-752, 
-740, 
-728, 
-668, 
-676, 
-696, 
-748, 
-740, 
-748, 
-748, 
-748, 
-740, 
-732, 
-704, 
-660, 
-688, 
-660, 
-692, 
-716, 
-720, 
-680, 
-696, 
-684, 
-728, 
-692, 
-708, 
-728, 
-688, 
-692, 
-712, 
-740, 
-740, 
-700, 
-716, 
-736, 
-724, 
-744, 
-720, 
-712, 
-724, 
-748, 
-712, 
-692, 
-720, 
-740, 
-736, 
-776, 
-760, 
-728, 
-736, 
-736, 
-736, 
-748, 
-716, 
-696, 
-680, 
-684, 
-688, 
-704, 
-672, 
-700, 
-740, 
-712, 
-736, 
-684, 
-660, 
-672, 
-668, 
-704, 
-728, 
-736, 
-716, 
-712, 
-664, 
-676, 
-712, 
-716, 
-732, 
-696, 
-712, 
-732, 
-724, 
-728, 
-752, 
-712, 
-712, 
-724, 
-720, 
-724, 
-728, 
-676, 
-668, 
-708, 
-736, 
-704, 
-696, 
-664, 
-680, 
-760, 
-732, 
-700, 
-692, 
-704, 
-716, 
-660, 
-676, 
-704, 
-692, 
-740, 
-728, 
-724, 
-696, 
-724, 
-716, 
-736, 
-748, 
-716, 
-736, 
-708, 
-728, 
-748, 
-736, 
-708, 
-716, 
-728, 
-720, 
-724, 
-700, 
-696, 
-736, 
-700, 
-744, 
-740, 
-732, 
-740, 
-744, 
-716, 
-720, 
-720, 
-728, 
-716, 
-716, 
-720, 
-724, 
-740, 
-728, 
-708, 
-740, 
-768, 
-760, 
-752, 
-724, 
-732, 
-728, 
-708, 
-744, 
-744, 
-724, 
-736, 
-720, 
-696, 
-716, 
-704, 
-660, 
-652, 
-664, 
-660, 
-684, 
-708, 
-724, 
-728, 
-716, 
-704, 
-716, 
-692, 
-688, 
-676, 
-688, 
-700, 
-668, 
-680, 
-696, 
-728, 
-708, 
-692, 
-744, 
-716, 
-712, 
-716, 
-740, 
-784, 
-760, 
-780, 
-768, 
-768, 
-776, 
-732, 
-712, 
-680, 
-672, 
-724, 
-696, 
-700, 
-724, 
-740, 
-724, 
-728, 
-720, 
-740, 
-720, 
-680, 
-692, 
-672, 
-696, 
-664, 
-680, 
-708, 
-688, 
-716, 
-744, 
-700, 
-704, 
-700, 
-728, 
-740, 
-764, 
-776, 
-756, 
-744, 
-724, 
-696, 
-720, 
-752, 
-720, 
-744, 
-720, 
-768, 
-756, 
-740, 
-704, 
-696, 
-716, 
-712, 
-708, 
-708, 
-736, 
-708, 
-696, 
-744, 
-708, 
-724, 
-704, 
-688, 
-672, 
-700, 
-660, 
-688, 
