-272, 
-408, 
-492, 
-568, 
-588, 
-588, 
-616, 
-632, 
-652, 
-656, 
-660, 
-668, 
-676, 
-676, 
-660, 
-672, 
-676, 
-680, 
-676, 
-668, 
-676, 
-676, 
-660, 
-676, 
-684, 
-692, 
-692, 
-688, 
-676, 
-676, 
-680, 
-688, 
-684, 
-684, 
-672, 
-664, 
-680, 
-676, 
-660, 
-656, 
-676, 
-676, 
-680, 
-676, 
-676, 
-664, 
-648, 
-660, 
-652, 
-648, 
-676, 
-672, 
-664, 
-664, 
-644, 
-636, 
-636, 
-656, 
-660, 
-660, 
-664, 
-660, 
-652, 
-648, 
-664, 
-664, 
-668, 
-652, 
-668, 
-672, 
-668, 
-664, 
-660, 
-672, 
-672, 
-668, 
-684, 
-680, 
-672, 
-680, 
-672, 
-684, 
-676, 
-684, 
-676, 
-672, 
-668, 
-672, 
-668, 
-672, 
-680, 
-672, 
-672, 
-688, 
-668, 
-664, 
-664, 
-668, 
-680, 
-680, 
-680, 
-684, 
-688, 
-688, 
-696, 
-688, 
-688, 
-688, 
-684, 
-680, 
-672, 
-676, 
-688, 
-688, 
-684, 
-672, 
-684, 
-688, 
-672, 
-684, 
-672, 
-688, 
-680, 
-688, 
-696, 
-692, 
-684, 
-704, 
-708, 
-708, 
-700, 
-692, 
-684, 
-696, 
-696, 
-692, 
-668, 
-688, 
-692, 
-680, 
-688, 
-688, 
-684, 
-692, 
-688, 
-680, 
-684, 
-684, 
-696, 
-688, 
-684, 
-692, 
-684, 
-692, 
-680, 
-680, 
-684, 
-688, 
-688, 
-684, 
-700, 
-688, 
-688, 
-692, 
-684, 
-684, 
-688, 
-692, 
-696, 
-692, 
-688, 
-688, 
-688, 
-700, 
-692, 
-700, 
-692, 
-692, 
-684, 
-684, 
-684, 
-688, 
-688, 
-696, 
-680, 
-680, 
-692, 
-692, 
-684, 
-684, 
-688, 
-680, 
-688, 
-684, 
-684, 
-688, 
-680, 
-672, 
-684, 
-684, 
-688, 
-676, 
-688, 
-688, 
-688, 
-684, 
-684, 
-684, 
-676, 
-676, 
-688, 
-684, 
-684, 
-696, 
-692, 
-704, 
-704, 
-692, 
-684, 
-696, 
-696, 
-688, 
-684, 
-700, 
-696, 
-696, 
-696, 
-680, 
-692, 
-684, 
-692, 
-700, 
-672, 
-652, 
-668, 
-696, 
-688, 
-688, 
-696, 
-704, 
-708, 
-704, 
-688, 
-696, 
-680, 
-676, 
-676, 
-672, 
-696, 
-692, 
-684, 
-688, 
-688, 
-688, 
-700, 
-688, 
-708, 
-688, 
-688, 
-680, 
-688, 
-688, 
-680, 
-684, 
-684, 
-672, 
-688, 
-688, 
-692, 
-688, 
-684, 
-700, 
-696, 
-700, 
-704, 
-700, 
-700, 
-696, 
-708, 
-712, 
-704, 
-708, 
-696, 
-684, 
-660, 
-676, 
-680, 
-696, 
-696, 
-680, 
-680, 
-684, 
-692, 
-692, 
-700, 
-696, 
-700, 
-700, 
-700, 
-696, 
-680, 
-676, 
-676, 
-684, 
-688, 
-680, 
-692, 
-708, 
-704, 
-692, 
-700, 
-692, 
-688, 
-688, 
-680, 
-680, 
-676, 
-684, 
-684, 
-688, 
-700, 
-696, 
-700, 
-692, 
-704, 
-716, 
-732, 
-732, 
-736, 
-732, 
-724, 
-756, 
-760, 
-756, 
-760, 
-748, 
-756, 
-760, 
-772, 
-768, 
-764, 
-764, 
-764, 
-772, 
-780, 
-772, 
-784, 
-788, 
-800, 
-800, 
-792, 
-792, 
-792, 
-792, 
-800, 
-800, 
-800, 
-800, 
-800, 
-792, 
-800, 
-800, 
-800, 
-800, 
-800, 
-800, 
-800, 
-792, 
-800, 
-800, 
-800, 
-800, 
-800, 
-800, 
-800, 
-800, 
-800, 
-800, 
-800, 
-800, 
-792, 
-800, 
-800, 
-800, 
-800, 
-800, 
-792, 
-800, 
-800, 
-792, 
-800, 
-800, 
-800, 
-800, 
-800, 
-800, 
-800, 
-792, 
-800, 
-800, 
-800, 
-800, 
-784, 
-792, 
-800, 
-800, 
-800, 
-800, 
-784, 
-784, 
-792, 
-800, 
-800, 
-800, 
-784, 
-784, 
-792, 
-792, 
-784, 
-784, 
-792, 
-792, 
-784, 
-784, 
-800, 
-792, 
-800, 
-800, 
-792, 
-792, 
-800, 
-792, 
-792, 
-800, 
-792, 
-800, 
-800, 
-792, 
-800, 
-800, 
-800, 
-800, 
-800, 
-792, 
-800, 
-800, 
-800, 
-800, 
-800, 
-800, 
-800, 
-800, 
-800, 
-800, 
-792, 
-792, 
-792, 
-784, 
-792, 
-800, 
-800, 
-792, 
-792, 
-800, 
-792, 
-792, 
-800, 
-792, 
-800, 
-800, 
-800, 
-800, 
-800, 
-800, 
-800, 
-800, 
-792, 
-800, 
-800, 
-792, 
-792, 
-800, 
-800, 
-800, 
-800, 
-800, 
-800, 
-800, 
-800, 
-784, 
-800, 
-800, 
-776, 
-792, 
-792, 
-800, 
-800, 
-800, 
-792, 
-800, 
-800, 
-792, 
-800, 
-800, 
-792, 
-800, 
-792, 
-792, 
-788, 
-772, 
-792, 
-800, 
-772, 
-776, 
-788, 
-792, 
-800, 
-800, 
-800, 
-800, 
-792, 
-800, 
-800, 
-800, 
-800, 
-792, 
-788, 
-800, 
-784, 
-800, 
-788, 
-800, 
-800, 
-780, 
-792, 
-792, 
-800, 
-800, 
-792, 
-784, 
-792, 
-800, 
-792, 
-792, 
-800, 
-800, 
-792, 
-792, 
-800, 
-800, 
-800, 
-792, 
-784, 
-788, 
-792, 
-800, 
-800, 
-800, 
-800, 
-800, 
-792, 
-800, 
-800, 
-800, 
-800, 
-800, 
-800, 
-800, 
-800, 
-800, 
-800, 
-792, 
-792, 
-792, 
-788, 
-784, 
-788, 
-792, 
-800, 
-792, 
-800, 
-776, 
-792, 
-800, 
-800, 
-792, 
-792, 
-792, 
-800, 
-800, 
-792, 
-792, 
-792, 
-792, 
-792, 
-800, 
-800, 
-800, 
-800, 
-800, 
-792, 
-784, 
-800, 
-800, 
-800, 
-800, 
-800, 
-792, 
-800, 
-792, 
-792, 
-792, 
-800, 
-792, 
-784, 
-784, 
-784, 
-792, 
-800, 
-800, 
-800, 
-800, 
-800, 
-792, 
-800, 
-792, 
-792, 
-792, 
-800, 
-800, 
-792, 
-792, 
-800, 
-800, 
-792, 
-792, 
-792, 
-800, 
-800, 
-792, 
-800, 
-800, 
-800, 
-800, 
-792, 
-800, 
-800, 
-800, 
-792, 
-788, 
-792, 
-800, 
-800, 
-800, 
-800, 
-800, 
-792, 
-800, 
-800, 
-792, 
-792, 
-792, 
-780, 
-792, 
-792, 
-800, 
-792, 
-800, 
-800, 
-800, 
-800, 
-800, 
-800, 
-800, 
-800, 
-800, 
-792, 
-784, 
-800, 
-800, 
-800, 
-792, 
-792, 
-800, 
-800, 
-800, 
-800, 
-800, 
-792, 
-792, 
-792, 
-792, 
-784, 
-792, 
-784, 
-800, 
-792, 
-800, 
-800, 
-800, 
-800, 
-800, 
-800, 
-800, 
-800, 
-792, 
-800, 
-800, 
-792, 
-800, 
-788, 
-788, 
-784, 
-784, 
-784, 
-784, 
-784, 
-784, 
-792, 
-792, 
-792, 
-792, 
-784, 
-792, 
-792, 
-800, 
-800, 
-784, 
-792, 
-800, 
-800, 
-800, 
-792, 
-800, 
-800, 
-792, 
-800, 
-800, 
-800, 
-800, 
-800, 
-800, 
-784, 
-800, 
-800, 
-792, 
-784, 
-792, 
-800, 
-800, 
-800, 
-800, 
-800, 
-800, 
-800, 
-800, 
-800, 
-792, 
-800, 
-800, 
-792, 
-792, 
-800, 
-800, 
-800, 
-788, 
-792, 
-800, 
-800, 
-800, 
-792, 
-800, 
-792, 
-800, 
-800, 
-800, 
-800, 
-800, 
-800, 
-792, 
-792, 
-784, 
-776, 
-784, 
-800, 
-800, 
-792, 
-780, 
-784, 
-784, 
-792, 
-780, 
-800, 
-784, 
-800, 
-800, 
-800, 
-792, 
-784, 
-800, 
-800, 
-800, 
-800, 
-800, 
-800, 
-800, 
-800, 
-800, 
-784, 
-780, 
-784, 
-776, 
-792, 
-800, 
-800, 
-800, 
-792, 
-792, 
-800, 
-800, 
-800, 
-792, 
-800, 
-784, 
-776, 
-792, 
-784, 
-784, 
-792, 
-792, 
-792, 
-792, 
-792, 
-792, 
-784, 
-792, 
-784, 
-792, 
-800, 
-800, 
-800, 
-792, 
-800, 
-800, 
-800, 
-800, 
-792, 
-800, 
-792, 
-800, 
-800, 
-800, 
-792, 
-800, 
-792, 
-792, 
-784, 
-792, 
-784, 
-792, 
-792, 
-792, 
-792, 
-784, 
-792, 
-792, 
-792, 
-784, 
-800, 
-800, 
-784, 
-800, 
-800, 
-800, 
-792, 
-792, 
-800, 
-800, 
-800, 
-800, 
-800, 
-800, 
-788, 
-800, 
-800, 
-800, 
-800, 
-800, 
-792, 
-800, 
-792, 
-800, 
-800, 
-800, 
-800, 
-800, 
-800, 
-800, 
-800, 
-800, 
-800, 
-800, 
-792, 
-776, 
-784, 
-792, 
-792, 
-800, 
-800, 
-800, 
-800, 
-800, 
-800, 
-792, 
-776, 
-792, 
-800, 
-800, 
-800, 
-800, 
-792, 
-800, 
-800, 
-800, 
-792, 
-800, 
-792, 
-800, 
-800, 
-800, 
-800, 
-800, 
-800, 
-800, 
-800, 
-800, 
-800, 
-792, 
-792, 
-784, 
-792, 
-792, 
-800, 
-800, 
-792, 
-792, 
-800, 
-800, 
-800, 
-800, 
-800, 
-800, 
-800, 
-800, 
-800, 
-800, 
-800, 
-800, 
-800, 
-800, 
-792, 
-792, 
-792, 
-800, 
-800, 
-800, 
-800, 
-800, 
-800, 
-800, 
-800, 
-800, 
-800, 
-800, 
-788, 
-792, 
-800, 
-800, 
-792, 
-800, 
-800, 
-800, 
-800, 
-800, 
-800, 
-800, 
-800, 
-800, 
-800, 
-792, 
-792, 
-800, 
-800, 
-784, 
-792, 
-800, 
-800, 
-792, 
-792, 
-800, 
-800, 
