-344, 
-516, 
-616, 
-664, 
-680, 
-692, 
-712, 
-712, 
-728, 
-736, 
-736, 
-792, 
-792, 
-780, 
-792, 
-792, 
-800, 
-784, 
-784, 
-800, 
-800, 
-792, 
-792, 
-800, 
-800, 
-792, 
-800, 
-800, 
-792, 
-792, 
-800, 
-784, 
-800, 
-784, 
-776, 
-800, 
-784, 
-792, 
-784, 
-800, 
-792, 
-800, 
-792, 
-792, 
-800, 
-780, 
-800, 
-776, 
-772, 
-792, 
-792, 
-792, 
-800, 
-800, 
-788, 
-792, 
-792, 
-784, 
-792, 
-788, 
-784, 
-800, 
-792, 
-792, 
-792, 
-784, 
-784, 
-792, 
-784, 
-800, 
-800, 
-792, 
-800, 
-792, 
-800, 
-800, 
-800, 
-800, 
-780, 
-776, 
-792, 
-784, 
-792, 
-784, 
-784, 
-800, 
-784, 
-800, 
-800, 
-792, 
-780, 
-780, 
-792, 
-792, 
-780, 
-792, 
-784, 
-780, 
-780, 
-776, 
-792, 
-800, 
-772, 
-792, 
-800, 
-800, 
-792, 
-792, 
-800, 
-776, 
-792, 
-800, 
-800, 
-776, 
-800, 
-800, 
-792, 
-800, 
-780, 
-800, 
-788, 
-776, 
-800, 
-792, 
-792, 
-800, 
-792, 
-792, 
-800, 
-800, 
-792, 
-788, 
-800, 
-792, 
-800, 
-792, 
-800, 
-792, 
-800, 
-800, 
-776, 
-784, 
-776, 
-764, 
-784, 
-788, 
-764, 
-792, 
-784, 
-772, 
-792, 
-800, 
-800, 
-800, 
-792, 
-800, 
-800, 
-800, 
-800, 
-800, 
-800, 
-792, 
-800, 
-792, 
-788, 
-792, 
-800, 
-800, 
-800, 
-784, 
-800, 
-800, 
-800, 
-792, 
-792, 
-792, 
-792, 
-788, 
-800, 
-800, 
-792, 
-776, 
-800, 
-788, 
-800, 
-792, 
-800, 
-784, 
-800, 
-800, 
-792, 
-800, 
-800, 
-800, 
-800, 
-792, 
-792, 
-784, 
-792, 
-800, 
-792, 
-780, 
-800, 
-792, 
-800, 
-792, 
-792, 
-792, 
-792, 
-800, 
-784, 
-784, 
-792, 
-792, 
-800, 
-800, 
-800, 
-780, 
-800, 
-800, 
-792, 
-792, 
-776, 
-792, 
-792, 
-792, 
-792, 
-784, 
-776, 
-776, 
-784, 
-800, 
-792, 
-784, 
-772, 
-776, 
-800, 
-792, 
-800, 
-800, 
-792, 
-800, 
-800, 
-800, 
-800, 
-792, 
-792, 
-792, 
-792, 
-800, 
-792, 
-800, 
-792, 
-792, 
-792, 
-792, 
-800, 
-800, 
-800, 
-784, 
-800, 
-800, 
-768, 
-792, 
-776, 
-800, 
-800, 
-792, 
-800, 
-792, 
-792, 
-780, 
-784, 
-784, 
-800, 
-768, 
-776, 
-784, 
-800, 
-800, 
-788, 
-792, 
-776, 
-776, 
-768, 
-780, 
-784, 
-800, 
-800, 
-792, 
-800, 
-800, 
-792, 
-784, 
-792, 
-800, 
-792, 
-800, 
-800, 
-784, 
-800, 
-800, 
-792, 
-780, 
-800, 
-800, 
-800, 
-800, 
-800, 
-800, 
-780, 
-800, 
-800, 
-784, 
-792, 
-800, 
-800, 
-800, 
-800, 
-792, 
-800, 
-792, 
-788, 
-800, 
-800, 
-800, 
-800, 
-792, 
-784, 
-784, 
-800, 
-800, 
-800, 
-792, 
-800, 
-800, 
-792, 
-792, 
-792, 
-776, 
-800, 
-800, 
-792, 
-800, 
-776, 
-784, 
-800, 
-792, 
-772, 
-784, 
-792, 
-800, 
-800, 
-800, 
-792, 
-792, 
-800, 
-800, 
-800, 
-792, 
-768, 
-784, 
-792, 
-800, 
-800, 
-800, 
-792, 
-800, 
-800, 
-784, 
-792, 
-784, 
-792, 
-800, 
-800, 
-800, 
-800, 
-792, 
-800, 
-800, 
-792, 
-800, 
-788, 
-780, 
-800, 
-792, 
-792, 
-776, 
-800, 
-772, 
-776, 
-772, 
-800, 
-784, 
-784, 
-800, 
-792, 
-784, 
-784, 
-792, 
-800, 
-792, 
-800, 
-792, 
-800, 
-800, 
-792, 
-776, 
-784, 
-792, 
-792, 
-776, 
-784, 
-784, 
-800, 
-792, 
-800, 
-800, 
-792, 
-784, 
-776, 
-792, 
-800, 
-788, 
-800, 
-792, 
-800, 
-792, 
-780, 
-800, 
-800, 
-800, 
-800, 
-792, 
-792, 
-792, 
-792, 
-800, 
-800, 
-800, 
-800, 
-792, 
-792, 
-800, 
-788, 
-800, 
-784, 
-776, 
-800, 
-800, 
-800, 
-792, 
-784, 
-792, 
-800, 
-800, 
-800, 
-800, 
-776, 
-784, 
-800, 
-800, 
-792, 
-800, 
-776, 
-800, 
-788, 
-792, 
-792, 
-776, 
-772, 
-772, 
-800, 
-784, 
-792, 
-800, 
-784, 
-800, 
-792, 
-784, 
-792, 
-792, 
-792, 
-784, 
-800, 
-800, 
-800, 
-788, 
-800, 
-800, 
-800, 
-800, 
-784, 
-800, 
-792, 
-800, 
-792, 
-800, 
-792, 
-792, 
-792, 
-792, 
-800, 
-800, 
-784, 
-784, 
-800, 
-800, 
-792, 
-776, 
-800, 
-800, 
-800, 
-792, 
-792, 
-800, 
-792, 
-784, 
-792, 
-800, 
-792, 
-800, 
-800, 
-784, 
-800, 
-800, 
-792, 
-792, 
-800, 
-800, 
-800, 
-800, 
-792, 
-792, 
-800, 
-784, 
-784, 
-792, 
-800, 
-800, 
-800, 
-792, 
-800, 
-792, 
-800, 
-792, 
-792, 
-784, 
-792, 
-800, 
-768, 
-772, 
-800, 
-800, 
-800, 
-792, 
-800, 
-792, 
-784, 
-792, 
-792, 
-800, 
-784, 
-800, 
-792, 
-800, 
-792, 
-776, 
-776, 
-800, 
-788, 
-756, 
-780, 
-784, 
-800, 
-792, 
-792, 
-800, 
-784, 
-800, 
-792, 
-784, 
-792, 
-800, 
-792, 
-792, 
-784, 
-800, 
-792, 
-784, 
-792, 
-792, 
-792, 
-800, 
-800, 
-788, 
-792, 
-800, 
-792, 
-792, 
-800, 
-792, 
-784, 
-800, 
-788, 
-800, 
-792, 
-792, 
-792, 
-792, 
-792, 
-792, 
-792, 
-784, 
-792, 
-800, 
-800, 
-792, 
-792, 
-784, 
-800, 
-800, 
-800, 
-780, 
-800, 
-800, 
-800, 
-800, 
-792, 
-792, 
-800, 
-800, 
-780, 
-800, 
-800, 
-800, 
-800, 
-800, 
-800, 
-788, 
-792, 
-792, 
-800, 
-800, 
-784, 
-800, 
-800, 
-772, 
-800, 
-800, 
-784, 
-784, 
-800, 
-784, 
-784, 
-792, 
-800, 
-792, 
-800, 
-792, 
-800, 
-800, 
-800, 
-792, 
-800, 
-784, 
-792, 
-776, 
-792, 
-800, 
-800, 
-792, 
-792, 
-784, 
-784, 
-800, 
-800, 
-772, 
-772, 
-800, 
-792, 
-800, 
-800, 
-792, 
-792, 
-784, 
-792, 
-800, 
-800, 
-800, 
-800, 
-792, 
-784, 
-792, 
-792, 
-800, 
-800, 
-784, 
-792, 
-800, 
-800, 
-800, 
-780, 
-800, 
-784, 
-792, 
-792, 
-788, 
-792, 
-792, 
-800, 
-800, 
-792, 
-792, 
-792, 
-800, 
-792, 
-792, 
-792, 
-784, 
-792, 
-776, 
-800, 
-776, 
-776, 
-768, 
-792, 
-792, 
-800, 
-800, 
-788, 
-776, 
-800, 
-800, 
-800, 
-784, 
-776, 
-800, 
-768, 
-768, 
-760, 
-792, 
-784, 
-800, 
-800, 
-780, 
-784, 
-788, 
-780, 
-780, 
-792, 
-792, 
-776, 
-792, 
-768, 
-800, 
-792, 
-800, 
-784, 
-776, 
-792, 
-792, 
-800, 
-800, 
-800, 
-792, 
-800, 
-776, 
-800, 
-784, 
-792, 
-780, 
-792, 
-800, 
-792, 
-768, 
-792, 
-792, 
-792, 
-792, 
-800, 
-800, 
-768, 
-792, 
-792, 
-800, 
-788, 
-772, 
-780, 
-792, 
-776, 
-792, 
-780, 
-784, 
-800, 
-792, 
-800, 
-784, 
-784, 
-800, 
-792, 
-792, 
-792, 
-800, 
-800, 
-784, 
-800, 
-784, 
-800, 
-792, 
-792, 
-792, 
-800, 
-792, 
-768, 
-800, 
-784, 
-800, 
-792, 
-800, 
-800, 
-800, 
-792, 
-784, 
-792, 
-784, 
-792, 
-792, 
-800, 
-784, 
-792, 
-800, 
-800, 
-800, 
-792, 
-776, 
-800, 
-800, 
-800, 
-800, 
-800, 
-792, 
-800, 
-788, 
-792, 
-776, 
-800, 
-788, 
-792, 
-800, 
-792, 
-800, 
-784, 
-792, 
-800, 
-776, 
-792, 
-792, 
-792, 
-784, 
-800, 
-800, 
-800, 
-792, 
-784, 
-800, 
-800, 
-784, 
-784, 
-800, 
-784, 
-792, 
-800, 
-800, 
-784, 
-792, 
-800, 
-784, 
-792, 
-784, 
-800, 
-800, 
-792, 
-784, 
-792, 
-792, 
-792, 
-776, 
-800, 
-800, 
-792, 
-792, 
-792, 
-792, 
-800, 
-800, 
-800, 
-800, 
-792, 
-784, 
-784, 
-800, 
-792, 
-792, 
-776, 
-792, 
-800, 
-800, 
-776, 
-756, 
-800, 
-792, 
-800, 
-772, 
-780, 
-784, 
-800, 
-792, 
-788, 
-792, 
-800, 
-800, 
-768, 
-792, 
-792, 
-780, 
-800, 
-780, 
-784, 
-792, 
-800, 
-784, 
-780, 
-800, 
-784, 
-784, 
-792, 
-776, 
-792, 
-784, 
-800, 
-792, 
-788, 
-800, 
-764, 
-792, 
-800, 
-800, 
-792, 
-800, 
-800, 
-784, 
-792, 
-800, 
-776, 
-784, 
-800, 
-792, 
-800, 
-740, 
-756, 
-792, 
-800, 
-792, 
-800, 
-800, 
-792, 
-800, 
-792, 
-800, 
-800, 
-792, 
-800, 
-792, 
-792, 
-792, 
-800, 
-780, 
-792, 
-792, 
-792, 
-792, 
-792, 
-784, 
-792, 
-792, 
-784, 
-792, 
-792, 
-800, 
-788, 
-800, 
-776, 
-800, 
-800, 
-800, 
-800, 
-800, 
-792, 
-792, 
-792, 
