-252, 
-340, 
-364, 
-356, 
-400, 
-380, 
-416, 
-440, 
-500, 
-452, 
-484, 
-528, 
-548, 
-520, 
-592, 
-572, 
-544, 
-516, 
-552, 
-544, 
-588, 
-604, 
-628, 
-608, 
-588, 
-616, 
-580, 
-584, 
-600, 
-580, 
-588, 
-616, 
-612, 
-588, 
-600, 
-564, 
-616, 
-588, 
-580, 
-572, 
-580, 
-624, 
-628, 
-640, 
-572, 
-612, 
-620, 
-584, 
-580, 
-584, 
-536, 
-540, 
-556, 
-532, 
-596, 
-604, 
-616, 
-652, 
-640, 
-612, 
-572, 
-568, 
-572, 
-588, 
-636, 
-580, 
-568, 
-572, 
-584, 
-528, 
-524, 
-520, 
-564, 
-588, 
-560, 
-568, 
-532, 
-524, 
-552, 
-560, 
-596, 
-548, 
-588, 
-576, 
-580, 
-560, 
-584, 
-580, 
-576, 
-632, 
-624, 
-628, 
-588, 
-628, 
-608, 
-628, 
-632, 
-592, 
-628, 
-656, 
-648, 
-636, 
-660, 
-712, 
-672, 
-660, 
-648, 
-604, 
-604, 
-636, 
-592, 
-608, 
-616, 
-560, 
-616, 
-644, 
-664, 
-696, 
-668, 
-676, 
-680, 
-656, 
-640, 
-656, 
-636, 
-692, 
-716, 
-680, 
-660, 
-652, 
-644, 
-604, 
-632, 
-640, 
-652, 
-596, 
-632, 
-616, 
-628, 
-660, 
-632, 
-668, 
-640, 
-652, 
-664, 
-660, 
-712, 
-716, 
-672, 
-652, 
-648, 
-620, 
-620, 
-620, 
-612, 
-596, 
-644, 
-600, 
-672, 
-632, 
-608, 
-632, 
-676, 
-612, 
-620, 
-652, 
-624, 
-604, 
-604, 
-612, 
-612, 
-596, 
-636, 
-652, 
-664, 
-620, 
-660, 
-668, 
-652, 
-588, 
-612, 
-628, 
-640, 
-636, 
-616, 
-604, 
-616, 
-604, 
-616, 
-632, 
-652, 
-632, 
-584, 
-560, 
-564, 
-528, 
-552, 
-580, 
-600, 
-672, 
-656, 
-664, 
-668, 
-668, 
-676, 
-692, 
-652, 
-688, 
-688, 
-696, 
-708, 
-732, 
-692, 
-680, 
-636, 
-640, 
-648, 
-660, 
-672, 
-668, 
-716, 
-660, 
-688, 
-676, 
-712, 
-700, 
-708, 
-720, 
-732, 
-720, 
-752, 
-752, 
-744, 
-696, 
-680, 
-700, 
-700, 
-684, 
-684, 
-668, 
-656, 
-708, 
-676, 
-708, 
-680, 
-660, 
-640, 
-676, 
-680, 
-680, 
-704, 
-696, 
-696, 
-752, 
-736, 
-720, 
-716, 
-704, 
-700, 
-676, 
-732, 
-720, 
-704, 
-676, 
-656, 
-684, 
-644, 
-644, 
-680, 
-688, 
-600, 
-568, 
-600, 
-548, 
-548, 
-560, 
-620, 
-628, 
-600, 
-660, 
-664, 
-644, 
-616, 
-608, 
-604, 
-644, 
-636, 
-696, 
-672, 
-664, 
-684, 
-712, 
-680, 
-684, 
-716, 
-716, 
-716, 
-688, 
-620, 
-644, 
-684, 
-684, 
-696, 
-708, 
-684, 
-676, 
-652, 
-656, 
-616, 
-660, 
-676, 
-732, 
-704, 
-696, 
-712, 
-688, 
-728, 
-716, 
-692, 
-672, 
-652, 
-660, 
-672, 
-652, 
-656, 
-668, 
-656, 
-684, 
-676, 
-680, 
-696, 
-696, 
-684, 
-688, 
-712, 
-728, 
-688, 
-704, 
-748, 
-728, 
-728, 
-700, 
-680, 
-708, 
-684, 
-656, 
-640, 
-680, 
-692, 
-720, 
-716, 
-740, 
-740, 
-668, 
-696, 
-696, 
-692, 
-660, 
-708, 
-740, 
-704, 
-708, 
-696, 
-696, 
-728, 
-744, 
-736, 
-676, 
-648, 
-664, 
-648, 
-676, 
-676, 
-684, 
-696, 
-684, 
-656, 
-648, 
-672, 
-676, 
-652, 
-652, 
-668, 
-648, 
-664, 
-668, 
-692, 
-680, 
-708, 
-692, 
-704, 
-660, 
-612, 
-624, 
-624, 
-664, 
-640, 
-652, 
-628, 
-576, 
-632, 
-620, 
-616, 
-620, 
-664, 
-652, 
-672, 
-644, 
-684, 
-656, 
-680, 
-692, 
-716, 
-752, 
-744, 
-712, 
-748, 
-744, 
-732, 
-716, 
-740, 
-728, 
-692, 
-640, 
-692, 
-700, 
-684, 
-700, 
-676, 
-712, 
-692, 
-720, 
-716, 
-664, 
-696, 
-668, 
-704, 
-712, 
-728, 
-692, 
-688, 
-684, 
-696, 
-676, 
-684, 
-688, 
-636, 
-676, 
-644, 
-628, 
-632, 
-660, 
-648, 
-672, 
-652, 
-636, 
-644, 
-636, 
-652, 
-660, 
-656, 
-672, 
-640, 
-660, 
-648, 
-676, 
-688, 
-656, 
-656, 
-680, 
-640, 
-712, 
-708, 
-704, 
-716, 
-672, 
-608, 
-612, 
-656, 
-684, 
-684, 
-656, 
-660, 
-652, 
-644, 
-704, 
-692, 
-692, 
-696, 
-660, 
-676, 
-676, 
-672, 
-676, 
-636, 
-652, 
-676, 
-648, 
-676, 
-712, 
-728, 
-716, 
-708, 
-696, 
-660, 
-704, 
-708, 
-716, 
-704, 
-736, 
-720, 
-716, 
-700, 
-704, 
-720, 
-728, 
-700, 
-684, 
-692, 
-684, 
-680, 
-712, 
-712, 
-696, 
-656, 
-644, 
-696, 
-668, 
-708, 
-676, 
-672, 
-632, 
-660, 
-680, 
-648, 
-636, 
-672, 
-664, 
-676, 
-644, 
-632, 
-636, 
-628, 
-680, 
-608, 
-612, 
-632, 
-656, 
-632, 
-608, 
-608, 
-624, 
-668, 
-656, 
-660, 
-720, 
-684, 
-708, 
-684, 
-660, 
-652, 
-672, 
-692, 
-664, 
-676, 
-696, 
-660, 
-700, 
-680, 
-652, 
-668, 
-652, 
-676, 
-680, 
-692, 
-684, 
-728, 
-704, 
-696, 
-640, 
-668, 
-704, 
-628, 
-628, 
-672, 
-704, 
-712, 
-688, 
-660, 
-632, 
-620, 
-628, 
-600, 
-632, 
-608, 
-628, 
-568, 
-620, 
-648, 
-672, 
-664, 
-632, 
-676, 
-724, 
-720, 
-680, 
-672, 
-676, 
-748, 
-744, 
-712, 
-696, 
-728, 
-728, 
-688, 
-712, 
-696, 
-696, 
-676, 
-656, 
-684, 
-680, 
-688, 
-720, 
-720, 
-704, 
-656, 
-672, 
-632, 
-632, 
-620, 
-600, 
-616, 
-632, 
-636, 
-652, 
-644, 
-636, 
-696, 
-664, 
-676, 
-740, 
-720, 
-656, 
-688, 
-672, 
-640, 
-660, 
-640, 
-616, 
-588, 
-588, 
-624, 
-656, 
-688, 
-672, 
-668, 
-724, 
-660, 
-692, 
-716, 
-716, 
-648, 
-668, 
-644, 
-692, 
-648, 
-696, 
-636, 
-656, 
-684, 
-640, 
-648, 
-688, 
-692, 
-688, 
-656, 
-684, 
-688, 
-700, 
-716, 
-688, 
-676, 
-664, 
-708, 
-688, 
-684, 
-684, 
-636, 
-652, 
-712, 
-688, 
-664, 
-696, 
-700, 
-720, 
-696, 
-648, 
-696, 
-740, 
-712, 
-732, 
-688, 
-600, 
-624, 
-692, 
-684, 
-684, 
-676, 
-676, 
-672, 
-656, 
-620, 
-656, 
-632, 
-632, 
-600, 
-616, 
-624, 
-608, 
-628, 
-604, 
-628, 
-680, 
-680, 
-652, 
-636, 
-628, 
-644, 
-632, 
-632, 
-640, 
-660, 
-656, 
-608, 
-628, 
-608, 
-608, 
-648, 
-708, 
-680, 
-668, 
-700, 
-732, 
-696, 
-676, 
-704, 
-672, 
-704, 
-716, 
-700, 
-732, 
-732, 
-724, 
-716, 
-732, 
-684, 
-660, 
-692, 
-668, 
-644, 
-680, 
-672, 
-692, 
-688, 
-704, 
-716, 
-708, 
-700, 
-680, 
-720, 
-664, 
-696, 
-656, 
-660, 
-680, 
-688, 
-688, 
-664, 
-684, 
-668, 
-696, 
-712, 
-692, 
-700, 
-680, 
-648, 
-640, 
-660, 
-668, 
-656, 
-636, 
-624, 
-628, 
-608, 
-616, 
-620, 
-624, 
-636, 
-684, 
-680, 
-664, 
-624, 
-612, 
-624, 
-692, 
-644, 
-660, 
-704, 
-708, 
-676, 
-680, 
-672, 
-688, 
-680, 
-652, 
-656, 
-656, 
-700, 
-728, 
-700, 
-632, 
-680, 
-600, 
-616, 
-644, 
-680, 
-700, 
-684, 
-708, 
-664, 
-704, 
-756, 
-720, 
-712, 
-704, 
-732, 
-700, 
-680, 
-648, 
-656, 
-648, 
-656, 
-692, 
-644, 
-648, 
-656, 
-652, 
-624, 
-612, 
-604, 
-616, 
-632, 
-676, 
-620, 
-676, 
-680, 
-660, 
-688, 
-672, 
-696, 
-700, 
-692, 
-692, 
-704, 
-644, 
-692, 
-696, 
-660, 
-600, 
-636, 
-648, 
-664, 
-664, 
-656, 
-708, 
-664, 
-660, 
-684, 
-688, 
-648, 
-640, 
-676, 
-728, 
-724, 
-724, 
-700, 
-696, 
-668, 
-720, 
-712, 
-696, 
-696, 
-736, 
-728, 
-716, 
-724, 
-716, 
-748, 
-732, 
-752, 
-724, 
-752, 
-720, 
-692, 
-692, 
-680, 
-684, 
-680, 
-652, 
-648, 
-660, 
-640, 
-648, 
-648, 
-620, 
-632, 
-608, 
-676, 
-676, 
-608, 
-652, 
-680, 
-648, 
-664, 
-660, 
-616, 
-620, 
-604, 
-616, 
-660, 
-648, 
-672, 
-668, 
-664, 
-656, 
-672, 
-696, 
-644, 
-644, 
-684, 
-664, 
-688, 
-640, 
-620, 
-600, 
-612, 
-644, 
-636, 
-572, 
-560, 
-620, 
-680, 
-652, 
-668, 
-688, 
-648, 
-688, 
-700, 
-696, 
-684, 
-688, 
-688, 
-700, 
-696, 
-676, 
-636, 
-644, 
-652, 
-664, 
-624, 
-604, 
-576, 
-600, 
-648, 
-656, 
-664, 
-632, 
-696, 
-692, 
-696, 
-700, 
-708, 
-672, 
-696, 
-704, 
-728, 
-712, 
-652, 
-664, 
-648, 
-648, 
-668, 
-676, 
-672, 
-676, 
-696, 
-708, 
-704, 
-696, 
-672, 
