-252, 
-368, 
-432, 
-432, 
-496, 
-508, 
-508, 
-552, 
-588, 
-568, 
-560, 
-508, 
-532, 
-556, 
-572, 
-592, 
-592, 
-608, 
-604, 
-644, 
-644, 
-652, 
-624, 
-672, 
-652, 
-672, 
-684, 
-664, 
-668, 
-704, 
-712, 
-728, 
-712, 
-672, 
-700, 
-656, 
-680, 
-700, 
-696, 
-696, 
-712, 
-732, 
-692, 
-668, 
-724, 
-736, 
-716, 
-724, 
-716, 
-752, 
-736, 
-724, 
-700, 
-708, 
-724, 
-696, 
-696, 
-720, 
-708, 
-676, 
-724, 
-708, 
-696, 
-732, 
-704, 
-716, 
-700, 
-740, 
-708, 
-724, 
-704, 
-700, 
-772, 
-768, 
-756, 
-768, 
-732, 
-748, 
-712, 
-728, 
-768, 
-772, 
-764, 
-752, 
-740, 
-708, 
-708, 
-720, 
-736, 
-724, 
-712, 
-664, 
-684, 
-712, 
-728, 
-728, 
-692, 
-752, 
-772, 
-748, 
-708, 
-704, 
-712, 
-716, 
-732, 
-712, 
-704, 
-728, 
-712, 
-756, 
-732, 
-716, 
-764, 
-740, 
-724, 
-700, 
-696, 
-716, 
-716, 
-732, 
-712, 
-728, 
-724, 
-712, 
-680, 
-656, 
-676, 
-652, 
-644, 
-680, 
-632, 
-692, 
-664, 
-668, 
-692, 
-656, 
-672, 
-676, 
-672, 
-684, 
-684, 
-688, 
-700, 
-688, 
-708, 
-720, 
-728, 
-688, 
-680, 
-692, 
-720, 
-724, 
-712, 
-744, 
-732, 
-748, 
-728, 
-720, 
-732, 
-728, 
-740, 
-728, 
-748, 
-716, 
-728, 
-744, 
-768, 
-744, 
-720, 
-736, 
-720, 
-736, 
-712, 
-724, 
-700, 
-684, 
-728, 
-736, 
-720, 
-704, 
-748, 
-696, 
-712, 
-756, 
-724, 
-732, 
-744, 
-728, 
-732, 
-748, 
-744, 
-752, 
-760, 
-744, 
-748, 
-756, 
-728, 
-752, 
-744, 
-708, 
-724, 
-752, 
-744, 
-732, 
-708, 
-720, 
-700, 
-680, 
-696, 
-712, 
-712, 
-740, 
-716, 
-732, 
-720, 
-748, 
-756, 
-748, 
-736, 
-712, 
-720, 
-748, 
-776, 
-736, 
-772, 
-768, 
-784, 
-776, 
-760, 
-752, 
-736, 
-704, 
-716, 
-720, 
-724, 
-652, 
-648, 
-648, 
-660, 
-672, 
-680, 
-676, 
-732, 
-736, 
-744, 
-736, 
-724, 
-708, 
-684, 
-688, 
-696, 
-732, 
-700, 
-704, 
-736, 
-720, 
-708, 
-664, 
-688, 
-688, 
-728, 
-728, 
-728, 
-680, 
-668, 
-704, 
-704, 
-724, 
-696, 
-716, 
-756, 
-720, 
-740, 
-708, 
-640, 
-696, 
-692, 
-724, 
-720, 
-756, 
-740, 
-752, 
-732, 
-736, 
-724, 
-684, 
-720, 
-760, 
-720, 
-752, 
-748, 
-748, 
-736, 
-696, 
-704, 
-728, 
-756, 
-712, 
-720, 
-736, 
-712, 
-720, 
-704, 
-736, 
-748, 
-748, 
-692, 
-728, 
-688, 
-696, 
-696, 
-700, 
-704, 
-724, 
-740, 
-736, 
-736, 
-740, 
-724, 
-704, 
-700, 
-744, 
-708, 
-712, 
-708, 
-704, 
-684, 
-716, 
-716, 
-712, 
-728, 
-756, 
-764, 
-744, 
-728, 
-716, 
-724, 
-736, 
-724, 
-736, 
-700, 
-700, 
-700, 
-708, 
-728, 
-724, 
-728, 
-720, 
-748, 
-760, 
-720, 
-700, 
-732, 
-708, 
-740, 
-700, 
-700, 
-720, 
-732, 
-704, 
-752, 
-736, 
-712, 
-712, 
-728, 
-728, 
-720, 
-736, 
-720, 
-740, 
-744, 
-720, 
-720, 
-688, 
-704, 
-728, 
-732, 
-752, 
-768, 
-748, 
-720, 
-736, 
-712, 
-708, 
-744, 
-736, 
-748, 
-736, 
-740, 
-744, 
-720, 
-708, 
-732, 
-708, 
-688, 
-680, 
-704, 
-716, 
-748, 
-704, 
-716, 
-748, 
-764, 
-744, 
-760, 
-764, 
-768, 
-764, 
-748, 
-740, 
-736, 
-752, 
-736, 
-696, 
-720, 
-708, 
-712, 
-696, 
-708, 
-700, 
-684, 
-704, 
-684, 
-692, 
-660, 
-676, 
-696, 
-684, 
-696, 
-704, 
-720, 
-696, 
-724, 
-704, 
-724, 
-708, 
-716, 
-724, 
-752, 
-740, 
-752, 
-764, 
-728, 
-748, 
-784, 
-768, 
-792, 
-760, 
-760, 
-756, 
-740, 
-768, 
-744, 
-704, 
-704, 
-728, 
-728, 
-760, 
-752, 
-724, 
-776, 
-776, 
-752, 
-744, 
-768, 
-768, 
-776, 
-752, 
-756, 
-724, 
-720, 
-740, 
-736, 
-744, 
-760, 
-760, 
-772, 
-736, 
-724, 
-708, 
-716, 
-720, 
-704, 
-676, 
-664, 
-688, 
-732, 
-696, 
-680, 
-732, 
-728, 
-720, 
-732, 
-712, 
-700, 
-720, 
-688, 
-744, 
-732, 
-716, 
-724, 
-716, 
-724, 
-716, 
-772, 
-768, 
-736, 
-752, 
-736, 
-732, 
-716, 
-720, 
-744, 
-756, 
-748, 
-700, 
-716, 
-704, 
-740, 
-660, 
-696, 
-728, 
-728, 
-696, 
-728, 
-748, 
-720, 
-704, 
-720, 
-724, 
-708, 
-704, 
-640, 
-696, 
-708, 
-764, 
-744, 
-720, 
-716, 
-728, 
-728, 
-712, 
-720, 
-652, 
-668, 
-724, 
-768, 
-740, 
-720, 
-728, 
-720, 
-748, 
-732, 
-696, 
-708, 
-708, 
-716, 
-692, 
-732, 
-756, 
-740, 
-712, 
-712, 
-744, 
-736, 
-732, 
-724, 
-716, 
-704, 
-700, 
-724, 
-748, 
-736, 
-740, 
-724, 
-712, 
-732, 
-724, 
-708, 
-720, 
-708, 
-724, 
-724, 
-712, 
-676, 
-672, 
-684, 
-688, 
-668, 
-680, 
-712, 
-692, 
-716, 
-712, 
-712, 
-708, 
-724, 
-716, 
-728, 
-736, 
-728, 
-720, 
-720, 
-760, 
-728, 
-740, 
-732, 
-740, 
-716, 
-696, 
-720, 
-732, 
-732, 
-752, 
-760, 
-744, 
-752, 
-700, 
-720, 
-724, 
-704, 
-728, 
-712, 
-724, 
-728, 
-684, 
-684, 
-716, 
-700, 
-708, 
-720, 
-720, 
-684, 
-696, 
-720, 
-744, 
-756, 
-756, 
-732, 
-736, 
-744, 
-744, 
-720, 
-716, 
-720, 
-716, 
-716, 
-736, 
-744, 
-752, 
-704, 
-684, 
-696, 
-684, 
-692, 
-736, 
-724, 
-676, 
-708, 
-712, 
-672, 
-704, 
-712, 
-720, 
-740, 
-720, 
-740, 
-728, 
-744, 
-712, 
-708, 
-704, 
-732, 
-716, 
-688, 
-688, 
-700, 
-732, 
-728, 
-700, 
-720, 
-708, 
-720, 
-744, 
-720, 
-728, 
-736, 
-716, 
-732, 
-744, 
-724, 
-732, 
-772, 
-720, 
-704, 
-684, 
-688, 
-724, 
-736, 
-748, 
-776, 
-768, 
-732, 
-752, 
-720, 
-696, 
-644, 
-684, 
-708, 
-740, 
-728, 
-760, 
-792, 
-756, 
-728, 
-748, 
-752, 
-720, 
-716, 
-756, 
-728, 
-724, 
-716, 
-700, 
-704, 
-668, 
-660, 
-684, 
-628, 
-688, 
-704, 
-684, 
-644, 
-700, 
-712, 
-744, 
-760, 
-732, 
-712, 
-736, 
-744, 
-776, 
-776, 
-740, 
-744, 
-752, 
-764, 
-752, 
-756, 
-760, 
-768, 
-724, 
-732, 
-740, 
-732, 
-716, 
-712, 
-768, 
-760, 
-744, 
-716, 
-732, 
-732, 
-708, 
-708, 
-696, 
-696, 
-716, 
-724, 
-708, 
-732, 
-720, 
-712, 
-748, 
-720, 
-760, 
-720, 
-672, 
-684, 
-692, 
-724, 
-680, 
-700, 
-716, 
-728, 
-704, 
-712, 
-716, 
-708, 
-696, 
-740, 
-716, 
-708, 
-736, 
-724, 
-672, 
-744, 
-716, 
-684, 
-712, 
-684, 
-728, 
-700, 
-704, 
-716, 
-700, 
-704, 
-708, 
-720, 
-728, 
-744, 
-748, 
-752, 
-744, 
-724, 
-708, 
-704, 
-700, 
-656, 
-672, 
-652, 
-688, 
-696, 
-712, 
-716, 
-712, 
-728, 
-736, 
-708, 
-676, 
-688, 
-684, 
-712, 
-720, 
-708, 
-724, 
-748, 
-768, 
-768, 
-752, 
-736, 
-744, 
-720, 
-676, 
-696, 
-712, 
-664, 
-664, 
-708, 
-716, 
-716, 
-728, 
-728, 
-736, 
-708, 
-724, 
-720, 
-696, 
-728, 
-728, 
-712, 
-716, 
-736, 
-724, 
-708, 
-724, 
-728, 
-700, 
-760, 
-748, 
-768, 
-780, 
-744, 
-768, 
-724, 
-740, 
-708, 
-752, 
-740, 
-716, 
-700, 
-688, 
-700, 
-740, 
-700, 
-676, 
-736, 
-736, 
-716, 
-716, 
-704, 
-752, 
-760, 
-760, 
-788, 
-752, 
-748, 
-768, 
-760, 
-752, 
-732, 
-752, 
-728, 
-720, 
-712, 
-724, 
-712, 
-672, 
-696, 
-688, 
-700, 
-712, 
-676, 
-696, 
-740, 
-732, 
-704, 
-716, 
-712, 
-696, 
-660, 
-664, 
-704, 
-720, 
-716, 
-724, 
-720, 
-728, 
-732, 
-708, 
-708, 
-712, 
-688, 
-672, 
-712, 
-692, 
-724, 
-712, 
-716, 
-724, 
-736, 
-752, 
-724, 
-712, 
-760, 
-732, 
-700, 
-720, 
-728, 
-720, 
-700, 
-696, 
-716, 
-712, 
-688, 
-680, 
-684, 
-628, 
-644, 
-652, 
-704, 
-728, 
-728, 
-732, 
-740, 
-720, 
-732, 
-700, 
-700, 
-736, 
-720, 
-728, 
-692, 
-724, 
-744, 
-700, 
-732, 
-728, 
-732, 
-672, 
-660, 
-684, 
-700, 
-736, 
-732, 
-752, 
-728, 
-720, 
-736, 
-732, 
-708, 
-712, 
-692, 
-716, 
-724, 
-728, 
-720, 
-740, 
-744, 
-768, 
-764, 
