-272, 
-296, 
-352, 
-416, 
-444, 
-452, 
-464, 
-408, 
-440, 
-448, 
-400, 
-440, 
-464, 
-432, 
-472, 
-508, 
-488, 
-488, 
-464, 
-448, 
-484, 
-448, 
-472, 
-504, 
-472, 
-512, 
-512, 
-580, 
-548, 
-516, 
-556, 
-516, 
-536, 
-476, 
-496, 
-504, 
-504, 
-480, 
-532, 
-540, 
-512, 
-508, 
-508, 
-536, 
-532, 
-492, 
-528, 
-520, 
-456, 
-508, 
-456, 
-468, 
-480, 
-520, 
-488, 
-476, 
-480, 
-532, 
-472, 
-464, 
-500, 
-488, 
-520, 
-528, 
-524, 
-528, 
-484, 
-532, 
-576, 
-480, 
-460, 
-440, 
-444, 
-444, 
-480, 
-508, 
-520, 
-540, 
-480, 
-532, 
-532, 
-588, 
-572, 
-552, 
-508, 
-528, 
-476, 
-540, 
-516, 
-532, 
-496, 
-556, 
-536, 
-548, 
-520, 
-552, 
-588, 
-588, 
-564, 
-596, 
-560, 
-580, 
-540, 
-532, 
-568, 
-624, 
-584, 
-584, 
-596, 
-612, 
-632, 
-628, 
-604, 
-616, 
-612, 
-612, 
-544, 
-588, 
-608, 
-600, 
-536, 
-528, 
-556, 
-596, 
-600, 
-600, 
-632, 
-644, 
-660, 
-608, 
-632, 
-604, 
-596, 
-644, 
-672, 
-660, 
-676, 
-656, 
-636, 
-644, 
-612, 
-600, 
-608, 
-612, 
-652, 
-640, 
-580, 
-508, 
-596, 
-604, 
-616, 
-620, 
-696, 
-732, 
-704, 
-664, 
-672, 
-680, 
-648, 
-660, 
-656, 
-628, 
-692, 
-660, 
-656, 
-628, 
-640, 
-644, 
-656, 
-596, 
-616, 
-672, 
-652, 
-632, 
-624, 
-592, 
-596, 
-676, 
-692, 
-656, 
-656, 
-660, 
-648, 
-652, 
-660, 
-588, 
-544, 
-600, 
-624, 
-600, 
-656, 
-580, 
-560, 
-592, 
-620, 
-640, 
-580, 
-588, 
-596, 
-644, 
-612, 
-580, 
-568, 
-632, 
-616, 
-608, 
-636, 
-628, 
-680, 
-664, 
-668, 
-664, 
-700, 
-668, 
-672, 
-732, 
-712, 
-664, 
-644, 
-668, 
-672, 
-648, 
-656, 
-648, 
-648, 
-636, 
-588, 
-604, 
-616, 
-624, 
-632, 
-644, 
-628, 
-616, 
-584, 
-620, 
-636, 
-628, 
-588, 
-588, 
-568, 
-548, 
-560, 
-512, 
-580, 
-600, 
-600, 
-568, 
-556, 
-616, 
-608, 
-600, 
-632, 
-556, 
-604, 
-628, 
-628, 
-668, 
-572, 
-584, 
-600, 
-620, 
-576, 
-588, 
-572, 
-564, 
-636, 
-668, 
-668, 
-668, 
-668, 
-668, 
-672, 
-644, 
-632, 
-612, 
-652, 
-628, 
-636, 
-628, 
-636, 
-620, 
-540, 
-564, 
-628, 
-636, 
-612, 
-612, 
-620, 
-620, 
-608, 
-620, 
-668, 
-656, 
-668, 
-612, 
-644, 
-624, 
-636, 
-668, 
-632, 
-620, 
-616, 
-572, 
-592, 
-612, 
-584, 
-572, 
-588, 
-564, 
-560, 
-528, 
-548, 
-512, 
-520, 
-544, 
-588, 
-548, 
-560, 
-556, 
-572, 
-564, 
-624, 
-592, 
-588, 
-612, 
-624, 
-632, 
-648, 
-624, 
-616, 
-620, 
-632, 
-592, 
-616, 
-616, 
-560, 
-532, 
-612, 
-600, 
-636, 
-608, 
-664, 
-644, 
-588, 
-616, 
-592, 
-652, 
-640, 
-584, 
-556, 
-560, 
-580, 
-588, 
-584, 
-616, 
-604, 
-588, 
-572, 
-588, 
-576, 
-516, 
-544, 
-524, 
-564, 
-572, 
-600, 
-624, 
-568, 
-576, 
-612, 
-652, 
-616, 
-612, 
-624, 
-592, 
-592, 
-652, 
-664, 
-624, 
-624, 
-624, 
-600, 
-624, 
-608, 
-652, 
-612, 
-652, 
-672, 
-700, 
-688, 
-700, 
-668, 
-664, 
-656, 
-620, 
-640, 
-556, 
-592, 
-616, 
-572, 
-592, 
-684, 
-668, 
-632, 
-592, 
-608, 
-612, 
-604, 
-616, 
-632, 
-580, 
-608, 
-608, 
-612, 
-604, 
-600, 
-592, 
-596, 
-588, 
-564, 
-584, 
-640, 
-656, 
-648, 
-652, 
-628, 
-616, 
-556, 
-560, 
-584, 
-584, 
-636, 
-636, 
-644, 
-652, 
-668, 
-692, 
-664, 
-672, 
-672, 
-676, 
-640, 
-612, 
-648, 
-636, 
-672, 
-652, 
-632, 
-660, 
-648, 
-656, 
-660, 
-696, 
-688, 
-680, 
-676, 
-676, 
-664, 
-708, 
-732, 
-732, 
-700, 
-672, 
-652, 
-628, 
-616, 
-608, 
-592, 
-592, 
-604, 
-664, 
-692, 
-668, 
-672, 
-692, 
-656, 
-676, 
-616, 
-644, 
-648, 
-632, 
-644, 
-680, 
-720, 
-716, 
-688, 
-648, 
-680, 
-636, 
-624, 
-592, 
-648, 
-624, 
-632, 
-592, 
-576, 
-592, 
-564, 
-616, 
-640, 
-588, 
-568, 
-588, 
-672, 
-668, 
-592, 
-620, 
-648, 
-652, 
-592, 
-560, 
-588, 
-604, 
-612, 
-608, 
-568, 
-644, 
-668, 
-644, 
-632, 
-644, 
-572, 
-584, 
-588, 
-596, 
-616, 
-628, 
-628, 
-628, 
-628, 
-588, 
-608, 
-624, 
-624, 
-616, 
-576, 
-604, 
-552, 
-580, 
-520, 
-608, 
-588, 
-592, 
-632, 
-624, 
-616, 
-620, 
-612, 
-652, 
-584, 
-576, 
-632, 
-664, 
-648, 
-636, 
-660, 
-688, 
-692, 
-660, 
-604, 
-632, 
-660, 
-688, 
-652, 
-580, 
-608, 
-584, 
-640, 
-656, 
-688, 
-668, 
-628, 
-636, 
-672, 
-712, 
-700, 
-704, 
-676, 
-696, 
-668, 
-620, 
-596, 
-608, 
-616, 
-596, 
-672, 
-660, 
-660, 
-648, 
-684, 
-736, 
-700, 
-668, 
-656, 
-704, 
-660, 
-652, 
-652, 
-656, 
-628, 
-588, 
-652, 
-652, 
-648, 
-676, 
-660, 
-660, 
-652, 
-652, 
-644, 
-660, 
-648, 
-628, 
-640, 
-656, 
-644, 
-616, 
-632, 
-664, 
-716, 
-684, 
-704, 
-704, 
-696, 
-664, 
-648, 
-620, 
-640, 
-640, 
-656, 
-640, 
-632, 
-640, 
-604, 
-600, 
-612, 
-600, 
-564, 
-612, 
-636, 
-596, 
-668, 
-612, 
-640, 
-624, 
-640, 
-704, 
-728, 
-716, 
-700, 
-672, 
-652, 
-684, 
-660, 
-644, 
-664, 
-696, 
-696, 
-660, 
-668, 
-652, 
-660, 
-644, 
-668, 
-628, 
-592, 
-628, 
-644, 
-676, 
-616, 
-608, 
-620, 
-608, 
-612, 
-604, 
-600, 
-600, 
-600, 
-604, 
-592, 
-636, 
-656, 
-656, 
-664, 
-668, 
-640, 
-552, 
-576, 
-584, 
-580, 
-604, 
-572, 
-604, 
-656, 
-628, 
-620, 
-600, 
-664, 
-680, 
-600, 
-628, 
-644, 
-540, 
-596, 
-592, 
-584, 
-576, 
-556, 
-596, 
-648, 
-640, 
-612, 
-608, 
-636, 
-652, 
-568, 
-584, 
-564, 
-588, 
-604, 
-600, 
-616, 
-568, 
-536, 
-608, 
-604, 
-612, 
-652, 
-652, 
-672, 
-640, 
-620, 
-564, 
-600, 
-644, 
-644, 
-664, 
-692, 
-664, 
-592, 
-660, 
-664, 
-684, 
-700, 
-688, 
-700, 
-724, 
-712, 
-660, 
-656, 
-644, 
-656, 
-644, 
-640, 
-628, 
-572, 
-564, 
-620, 
-612, 
-600, 
-616, 
-636, 
-584, 
-584, 
-616, 
-628, 
-588, 
-632, 
-644, 
-616, 
-612, 
-588, 
-612, 
-596, 
-632, 
-608, 
-580, 
-612, 
-552, 
-520, 
-536, 
-544, 
-532, 
-580, 
-608, 
-624, 
-652, 
-656, 
-644, 
-664, 
-632, 
-600, 
-584, 
-616, 
-608, 
-596, 
-604, 
-628, 
-596, 
-604, 
-592, 
-600, 
-564, 
-584, 
-616, 
-628, 
-604, 
-576, 
-592, 
-580, 
-552, 
-568, 
-604, 
-624, 
-628, 
-604, 
-608, 
-576, 
-560, 
-636, 
-656, 
-620, 
-608, 
-636, 
-628, 
-628, 
-608, 
-624, 
-620, 
-628, 
-676, 
-636, 
-612, 
-592, 
-508, 
-580, 
-568, 
-580, 
-604, 
-588, 
-612, 
-604, 
-588, 
-596, 
-532, 
-544, 
-512, 
-548, 
-524, 
-540, 
-536, 
-472, 
-480, 
-540, 
-612, 
-572, 
-616, 
-616, 
-628, 
-568, 
-604, 
-596, 
-572, 
-524, 
-540, 
-524, 
-504, 
-468, 
-464, 
-512, 
-476, 
-468, 
-472, 
-480, 
-440, 
-464, 
-488, 
-500, 
-520, 
-564, 
-544, 
-544, 
-544, 
-568, 
-552, 
-564, 
-508, 
-492, 
-536, 
-508, 
-524, 
-552, 
-516, 
-524, 
-488, 
-420, 
-480, 
-516, 
-544, 
-580, 
-528, 
-532, 
-536, 
-508, 
-492, 
-464, 
-536, 
-584, 
-568, 
-588, 
-572, 
-560, 
-552, 
-568, 
-512, 
-532, 
-596, 
-600, 
-600, 
-608, 
-588, 
-544, 
-592, 
-584, 
-500, 
-580, 
-536, 
-532, 
-572, 
-628, 
-580, 
-580, 
-544, 
-532, 
-568, 
-608, 
-524, 
-552, 
-568, 
-564, 
-620, 
-640, 
-616, 
-528, 
-540, 
-500, 
-492, 
-512, 
-492, 
-460, 
-496, 
-496, 
-504, 
-528, 
-508, 
-500, 
-512, 
-528, 
-488, 
-500, 
-500, 
-480, 
-520, 
-536, 
-504, 
-480, 
-480, 
-512, 
-488, 
-500, 
-508, 
-496, 
-488, 
-532, 
-556, 
-540, 
-532, 
-536, 
-492, 
-456, 
-484, 
-484, 
-484, 
-468, 
-468, 
-496, 
-472, 
-528, 
-516, 
-564, 
-584, 
-600, 
-580, 
-592, 
-584, 
-624, 
-612, 
-528, 
-556, 
-576, 
