-148, 
-288, 
-328, 
-340, 
-344, 
-376, 
-372, 
-356, 
-328, 
-340, 
-336, 
-324, 
-428, 
-468, 
-400, 
-440, 
-388, 
-348, 
-344, 
-328, 
-308, 
-352, 
-416, 
-396, 
-388, 
-372, 
-364, 
-364, 
-372, 
-436, 
-380, 
-416, 
-388, 
-364, 
-356, 
-388, 
-432, 
-484, 
-412, 
-416, 
-372, 
-352, 
-324, 
-360, 
-364, 
-320, 
-376, 
-368, 
-388, 
-376, 
-356, 
-396, 
-420, 
-468, 
-428, 
-452, 
-448, 
-360, 
-396, 
-424, 
-316, 
-396, 
-388, 
-388, 
-368, 
-388, 
-416, 
-396, 
-344, 
-372, 
-400, 
-352, 
-380, 
-368, 
-296, 
-392, 
-408, 
-476, 
-440, 
-364, 
-376, 
-400, 
-416, 
-324, 
-348, 
-376, 
-368, 
-356, 
-396, 
-360, 
-384, 
-380, 
-324, 
-404, 
-424, 
-360, 
-376, 
-360, 
-368, 
-420, 
-384, 
-420, 
-424, 
-432, 
-428, 
-364, 
-336, 
-396, 
-400, 
-464, 
-472, 
-352, 
-360, 
-356, 
-456, 
-416, 
-404, 
-356, 
-420, 
-400, 
-368, 
-400, 
-436, 
-400, 
-424, 
-436, 
-400, 
-432, 
-420, 
-384, 
-384, 
-404, 
-440, 
-384, 
-396, 
-452, 
-400, 
-388, 
-384, 
-364, 
-400, 
-392, 
-420, 
-340, 
-396, 
-384, 
-404, 
-416, 
-328, 
-348, 
-400, 
-400, 
-392, 
-384, 
-400, 
-404, 
-384, 
-364, 
-376, 
-336, 
-360, 
-340, 
-376, 
-384, 
-360, 
-308, 
-308, 
-352, 
-368, 
-436, 
-376, 
-360, 
-340, 
-372, 
-360, 
-388, 
-392, 
-420, 
-468, 
-484, 
-388, 
-432, 
-384, 
-372, 
-456, 
-424, 
-400, 
-456, 
-376, 
-452, 
-432, 
-368, 
-508, 
-408, 
-340, 
-352, 
-388, 
-368, 
-388, 
-340, 
-408, 
-352, 
-340, 
-368, 
-356, 
-412, 
-384, 
-456, 
-424, 
-364, 
-328, 
-396, 
-468, 
-468, 
-412, 
-368, 
-384, 
-388, 
-388, 
-396, 
-448, 
-360, 
-384, 
-384, 
-428, 
-368, 
-352, 
-332, 
-332, 
-380, 
-336, 
-328, 
-352, 
-368, 
-400, 
-368, 
-400, 
-420, 
-452, 
-496, 
-428, 
-404, 
-432, 
-420, 
-372, 
-416, 
-400, 
-296, 
-340, 
-308, 
-388, 
-428, 
-396, 
-336, 
-344, 
-320, 
-388, 
-328, 
-320, 
-336, 
-396, 
-404, 
-368, 
-380, 
-376, 
-372, 
-380, 
-412, 
-332, 
-344, 
-328, 
-404, 
-396, 
-368, 
-404, 
-384, 
-336, 
-328, 
-300, 
-344, 
-336, 
-328, 
-348, 
-380, 
-384, 
-416, 
-444, 
-432, 
-396, 
-452, 
-388, 
-372, 
-400, 
-388, 
-324, 
-364, 
-328, 
-360, 
-340, 
-360, 
-336, 
-332, 
-376, 
-348, 
-420, 
-432, 
-428, 
-532, 
-504, 
-416, 
-392, 
-388, 
-348, 
-312, 
-316, 
-356, 
-376, 
-352, 
-360, 
-400, 
-448, 
-408, 
-364, 
-368, 
-364, 
-388, 
-416, 
-412, 
-356, 
-372, 
-424, 
-496, 
-400, 
-400, 
-408, 
-408, 
-432, 
-460, 
-404, 
-428, 
-388, 
-348, 
-336, 
-324, 
-356, 
-340, 
-404, 
-460, 
-468, 
-424, 
-400, 
-496, 
-448, 
-416, 
-444, 
-416, 
-396, 
-380, 
-380, 
-408, 
-376, 
-376, 
-412, 
-384, 
-396, 
-376, 
-416, 
-388, 
-376, 
-444, 
-376, 
-380, 
-408, 
-360, 
-396, 
-380, 
-356, 
-368, 
-352, 
-412, 
-428, 
-344, 
-332, 
-396, 
-412, 
-412, 
-372, 
-428, 
-440, 
-412, 
-392, 
-392, 
-440, 
-408, 
-456, 
-408, 
-388, 
-372, 
-396, 
-408, 
-420, 
-424, 
-440, 
-456, 
-452, 
-388, 
-316, 
-344, 
-336, 
-348, 
-376, 
-356, 
-328, 
-316, 
-312, 
-352, 
-404, 
-372, 
-400, 
-440, 
-436, 
-476, 
-436, 
-412, 
-420, 
-320, 
-384, 
-380, 
-408, 
-392, 
-396, 
-352, 
-380, 
-388, 
-344, 
-384, 
-420, 
-392, 
-456, 
-452, 
-380, 
-420, 
-392, 
-440, 
-432, 
-424, 
-460, 
-432, 
-384, 
-360, 
-388, 
-408, 
-380, 
-360, 
-444, 
-408, 
-424, 
-432, 
-448, 
-412, 
-348, 
-308, 
-368, 
-408, 
-372, 
-320, 
-312, 
-296, 
-344, 
-360, 
-340, 
-400, 
-388, 
-428, 
-420, 
-468, 
-448, 
-364, 
-312, 
-384, 
-396, 
-408, 
-352, 
-340, 
-416, 
-424, 
-404, 
-360, 
-400, 
-340, 
-368, 
-376, 
-380, 
-332, 
-336, 
-372, 
-412, 
-424, 
-408, 
-356, 
-316, 
-344, 
-380, 
-360, 
-400, 
-456, 
-460, 
-376, 
-328, 
-360, 
-392, 
-392, 
-408, 
-396, 
-440, 
-384, 
-400, 
-448, 
-500, 
-488, 
-432, 
-404, 
-304, 
-348, 
-376, 
-396, 
-372, 
-384, 
-364, 
-416, 
-420, 
-372, 
-348, 
-368, 
-304, 
-280, 
-348, 
-328, 
-360, 
-388, 
-364, 
-372, 
-328, 
-364, 
-376, 
-404, 
-424, 
-440, 
-400, 
-404, 
-388, 
-372, 
-464, 
-416, 
-428, 
-432, 
-344, 
-392, 
-444, 
-428, 
-448, 
-472, 
-436, 
-468, 
-440, 
-388, 
-384, 
-356, 
-392, 
-344, 
-396, 
-436, 
-376, 
-376, 
-384, 
-404, 
-432, 
-436, 
-428, 
-408, 
-440, 
-332, 
-328, 
-396, 
-372, 
-372, 
-404, 
-436, 
-384, 
-416, 
-328, 
-356, 
-328, 
-292, 
-296, 
-396, 
-360, 
-392, 
-368, 
-400, 
-384, 
-380, 
-388, 
-332, 
-356, 
-368, 
-488, 
-432, 
-376, 
-436, 
-480, 
-464, 
-396, 
-376, 
-388, 
-360, 
-408, 
-376, 
-400, 
-456, 
-408, 
-432, 
-544, 
-456, 
-424, 
-428, 
-408, 
-408, 
-388, 
-408, 
-408, 
-368, 
-368, 
-376, 
-400, 
-380, 
-392, 
-416, 
-380, 
-400, 
-376, 
-372, 
-416, 
-392, 
-396, 
-352, 
-340, 
-380, 
-392, 
-380, 
-412, 
-424, 
-412, 
-444, 
-408, 
-432, 
-424, 
-468, 
-388, 
-320, 
-328, 
-308, 
-416, 
-376, 
-364, 
-340, 
-320, 
-316, 
-416, 
-404, 
-416, 
-412, 
-392, 
-416, 
-396, 
-368, 
-360, 
-368, 
-376, 
-400, 
-380, 
-344, 
-284, 
-300, 
-284, 
-352, 
-324, 
-420, 
-396, 
-368, 
-432, 
-460, 
-440, 
-388, 
-372, 
-380, 
-352, 
-432, 
-444, 
-448, 
-424, 
-456, 
-436, 
-432, 
-364, 
-416, 
-400, 
-436, 
-364, 
-364, 
-360, 
-388, 
-388, 
-372, 
-324, 
-388, 
-392, 
-424, 
-312, 
-368, 
-380, 
-396, 
-380, 
-392, 
-324, 
-288, 
-360, 
-428, 
-428, 
-372, 
-404, 
-396, 
-400, 
-420, 
-396, 
-352, 
-320, 
-324, 
-312, 
-316, 
-332, 
-336, 
-404, 
-448, 
-404, 
-472, 
-448, 
-436, 
-404, 
-392, 
-344, 
-384, 
-388, 
-416, 
-404, 
-356, 
-376, 
-316, 
-372, 
-424, 
-356, 
-372, 
-416, 
-420, 
-420, 
-352, 
-300, 
-360, 
-380, 
-292, 
-316, 
-376, 
-384, 
-316, 
-348, 
-396, 
-336, 
-372, 
-392, 
-400, 
-396, 
-368, 
-424, 
-440, 
-492, 
-464, 
-404, 
-376, 
-396, 
-388, 
-296, 
-296, 
-420, 
-396, 
-412, 
-416, 
-296, 
-364, 
-348, 
-296, 
-284, 
-320, 
-424, 
-360, 
-348, 
-332, 
-356, 
-368, 
-308, 
-396, 
-368, 
-360, 
-304, 
-420, 
-360, 
-364, 
-408, 
-380, 
-388, 
-396, 
-400, 
-336, 
-380, 
-352, 
-404, 
-420, 
-404, 
-372, 
-408, 
-432, 
-476, 
-416, 
-388, 
-360, 
-428, 
-432, 
-400, 
-420, 
-380, 
-384, 
-404, 
-436, 
-416, 
-412, 
-352, 
-368, 
-396, 
-412, 
-428, 
-500, 
-452, 
-404, 
-360, 
-396, 
-384, 
-368, 
-360, 
-368, 
-392, 
-380, 
-380, 
-320, 
-308, 
-368, 
-300, 
-316, 
-384, 
-412, 
-408, 
-400, 
-352, 
-356, 
-380, 
-316, 
-324, 
-368, 
-448, 
-380, 
-356, 
-444, 
-464, 
-484, 
-448, 
-352, 
-388, 
-404, 
-400, 
-392, 
-392, 
-416, 
-440, 
-340, 
-320, 
-356, 
-316, 
-412, 
-424, 
-404, 
-352, 
-376, 
-372, 
-400, 
-388, 
-400, 
-348, 
-380, 
-380, 
-340, 
-352, 
-372, 
-360, 
-400, 
-404, 
-320, 
-344, 
-360, 
-332, 
-380, 
-400, 
-408, 
-416, 
-476, 
-416, 
-456, 
-460, 
-464, 
-496, 
-456, 
-424, 
-440, 
-428, 
-412, 
-400, 
-396, 
-400, 
-444, 
-356, 
-360, 
-384, 
-348, 
-372, 
-360, 
-380, 
-388, 
-360, 
-364, 
-376, 
-364, 
-328, 
-412, 
-432, 
-476, 
-400, 
-400, 
-408, 
-404, 
-332, 
-368, 
-428, 
-416, 
-392, 
-340, 
-396, 
-372, 
-404, 
-344, 
-372, 
-428, 
-420, 
-436, 
-428, 
-416, 
-352, 
-332, 
-344, 
-348, 
-360, 
-372, 
-388, 
-416, 
-416, 
-364, 
-284, 
-304, 
-368, 
-384, 
-372, 
-440, 
-448, 
-436, 
-356, 
-428, 
-364, 
-428, 
-412, 
-380, 
-396, 
-472, 
-468, 
-472, 
-456, 
