-800, 
-800, 
-784, 
-800, 
-800, 
-800, 
-800, 
-800, 
-800, 
-800, 
-800, 
-800, 
-800, 
-800, 
-800, 
-792, 
-780, 
-800, 
-800, 
-800, 
-800, 
-800, 
-800, 
-800, 
-800, 
-800, 
-800, 
-792, 
-784, 
-800, 
-800, 
-800, 
-800, 
-800, 
-800, 
-800, 
-800, 
-800, 
-792, 
-800, 
-800, 
-800, 
-800, 
-800, 
-800, 
-800, 
-792, 
-800, 
-800, 
-800, 
-788, 
-792, 
-800, 
-800, 
-800, 
-800, 
-800, 
-800, 
-800, 
-800, 
-800, 
-800, 
-800, 
-800, 
-792, 
-792, 
-800, 
-800, 
-800, 
-800, 
-800, 
-800, 
-800, 
-800, 
-800, 
-800, 
-800, 
-800, 
-800, 
-784, 
-792, 
-800, 
-792, 
-800, 
-800, 
-800, 
-800, 
-800, 
-800, 
-800, 
-800, 
-800, 
-800, 
-800, 
-792, 
-800, 
-800, 
-800, 
-800, 
-800, 
-800, 
