-260, 
-384, 
-472, 
-492, 
-532, 
-536, 
-560, 
-516, 
-540, 
-548, 
-608, 
-608, 
-576, 
-552, 
-580, 
-604, 
-620, 
-620, 
-632, 
-620, 
-596, 
-628, 
-644, 
-660, 
-660, 
-632, 
-632, 
-624, 
-644, 
-640, 
-636, 
-656, 
-636, 
-636, 
-604, 
-624, 
-656, 
-640, 
-632, 
-636, 
-636, 
-616, 
-644, 
-656, 
-648, 
-632, 
-676, 
-672, 
-660, 
-640, 
-656, 
-656, 
-672, 
-648, 
-620, 
-612, 
-596, 
-656, 
-644, 
-648, 
-644, 
-656, 
-656, 
-636, 
-664, 
-664, 
-652, 
-660, 
-644, 
-648, 
-636, 
-608, 
-608, 
-628, 
-608, 
-628, 
-596, 
-588, 
-624, 
-628, 
-640, 
-640, 
-648, 
-652, 
-632, 
-636, 
-668, 
-660, 
-680, 
-668, 
-640, 
-652, 
-672, 
-668, 
-656, 
-656, 
-652, 
-616, 
-640, 
-644, 
-612, 
-612, 
-636, 
-640, 
-632, 
-636, 
-620, 
-628, 
-636, 
-628, 
-632, 
-644, 
-640, 
-604, 
-632, 
-608, 
-608, 
-644, 
-636, 
-600, 
-636, 
-620, 
-608, 
-608, 
-620, 
-624, 
-644, 
-616, 
-624, 
-628, 
-628, 
-644, 
-672, 
-620, 
-640, 
-636, 
-656, 
-656, 
-648, 
-616, 
-616, 
-616, 
-648, 
-640, 
-660, 
-644, 
-652, 
-632, 
-636, 
-648, 
-628, 
-620, 
-656, 
-680, 
-680, 
-668, 
-656, 
-624, 
-640, 
-672, 
-676, 
-672, 
-672, 
-672, 
-660, 
-664, 
-648, 
-652, 
-616, 
-660, 
-652, 
-648, 
-648, 
-636, 
-604, 
-604, 
-632, 
-660, 
-652, 
-648, 
-648, 
-656, 
-632, 
-644, 
-640, 
-664, 
-632, 
-636, 
-652, 
-644, 
-640, 
-648, 
-612, 
-624, 
-632, 
-616, 
-632, 
-636, 
-644, 
-612, 
-616, 
-616, 
-620, 
-604, 
-640, 
-636, 
-632, 
-616, 
-612, 
-608, 
-616, 
-616, 
-636, 
-640, 
-644, 
-640, 
-636, 
-656, 
-648, 
-640, 
-640, 
-624, 
-616, 
-640, 
-628, 
-596, 
-600, 
-604, 
-644, 
-640, 
-612, 
-612, 
-620, 
-620, 
-616, 
-616, 
-628, 
-636, 
-648, 
-640, 
-636, 
-616, 
-600, 
-612, 
-612, 
-636, 
-624, 
-608, 
-644, 
-624, 
-612, 
-588, 
-616, 
-600, 
-612, 
-632, 
-616, 
-628, 
-616, 
-604, 
-624, 
-632, 
-632, 
-632, 
-640, 
-640, 
-648, 
-616, 
-612, 
-636, 
-628, 
-636, 
-608, 
-628, 
-644, 
-620, 
-652, 
-664, 
-640, 
-600, 
-640, 
-628, 
-628, 
-596, 
-600, 
-620, 
-640, 
-640, 
-672, 
-668, 
-620, 
-608, 
-604, 
-660, 
-632, 
-664, 
-648, 
-648, 
-624, 
-620, 
-592, 
-608, 
-616, 
-644, 
-620, 
-604, 
-608, 
-596, 
-612, 
-604, 
-588, 
-576, 
-584, 
-620, 
-648, 
-636, 
-636, 
-668, 
-664, 
-632, 
-660, 
-668, 
-684, 
-656, 
-656, 
-652, 
-656, 
-680, 
-640, 
-680, 
-664, 
-660, 
-676, 
-676, 
-676, 
-660, 
-676, 
-692, 
-700, 
-680, 
-692, 
-676, 
-676, 
-668, 
-692, 
-680, 
-664, 
-668, 
-676, 
-656, 
-680, 
-704, 
-672, 
-688, 
-688, 
-708, 
-744, 
-740, 
-708, 
-704, 
-724, 
-708, 
-748, 
-760, 
-780, 
-768, 
-772, 
-732, 
-760, 
-780, 
-792, 
-780, 
-792, 
-792, 
-792, 
-776, 
-784, 
-800, 
-784, 
-784, 
-760, 
-768, 
-784, 
-788, 
-772, 
-760, 
-752, 
-744, 
-776, 
-772, 
-784, 
-768, 
-776, 
-784, 
-764, 
-768, 
-776, 
-760, 
-744, 
-752, 
-744, 
-768, 
-768, 
-776, 
-756, 
-768, 
-776, 
-752, 
-740, 
-756, 
-756, 
-760, 
-720, 
-752, 
-748, 
-740, 
-784, 
-764, 
-756, 
-772, 
-768, 
-760, 
-752, 
-776, 
-764, 
-768, 
-784, 
-740, 
-760, 
-764, 
-728, 
-744, 
-732, 
-728, 
-756, 
-764, 
-756, 
-784, 
-768, 
-748, 
-752, 
-756, 
-748, 
-748, 
-732, 
-748, 
-768, 
-748, 
-756, 
-748, 
-792, 
-776, 
-736, 
-744, 
-760, 
-748, 
-744, 
-780, 
-776, 
-764, 
-744, 
-768, 
-768, 
-768, 
-776, 
-776, 
-772, 
-748, 
-768, 
-752, 
-784, 
-776, 
-760, 
-784, 
-792, 
-780, 
-788, 
-760, 
-760, 
-760, 
-744, 
-748, 
-760, 
-760, 
-768, 
-764, 
-752, 
-740, 
-744, 
-720, 
-732, 
-744, 
-776, 
-784, 
-768, 
-736, 
-768, 
-760, 
-768, 
-752, 
-784, 
-768, 
-768, 
-772, 
-764, 
-756, 
-724, 
-768, 
-784, 
-792, 
-784, 
-756, 
-760, 
-736, 
-736, 
-724, 
-720, 
-716, 
-760, 
-744, 
-756, 
-760, 
-780, 
-760, 
-752, 
-740, 
-768, 
-764, 
-756, 
-776, 
-768, 
-744, 
-752, 
-752, 
-780, 
-768, 
-776, 
-768, 
-756, 
-752, 
-732, 
-712, 
-740, 
-732, 
-752, 
-776, 
-784, 
-756, 
-776, 
-752, 
-744, 
-756, 
-772, 
-776, 
-768, 
-768, 
-744, 
-748, 
-768, 
-760, 
-768, 
-788, 
-772, 
-768, 
-768, 
-768, 
-724, 
-732, 
-752, 
-748, 
-756, 
-728, 
-768, 
-776, 
-776, 
-760, 
-792, 
-760, 
-744, 
-712, 
-716, 
-716, 
-740, 
-752, 
-756, 
-760, 
-756, 
-784, 
-784, 
-740, 
-748, 
-756, 
-764, 
-784, 
-792, 
-792, 
-792, 
-792, 
-792, 
-776, 
-792, 
-792, 
-800, 
-792, 
-760, 
-736, 
-728, 
-756, 
-792, 
-800, 
-772, 
-784, 
-760, 
-772, 
-764, 
-792, 
-776, 
-744, 
-752, 
-720, 
-748, 
-760, 
-760, 
-768, 
-756, 
-784, 
-768, 
-784, 
-776, 
-752, 
-752, 
-720, 
-736, 
-732, 
-724, 
-712, 
-756, 
-740, 
-720, 
-732, 
-728, 
-708, 
-708, 
-728, 
-728, 
-760, 
-764, 
-728, 
-752, 
-732, 
-724, 
-720, 
-712, 
-724, 
-736, 
-732, 
-736, 
-784, 
-772, 
-776, 
-784, 
-784, 
-792, 
-776, 
-760, 
-772, 
-768, 
-760, 
-756, 
-760, 
-760, 
-756, 
-776, 
-776, 
-784, 
-760, 
-780, 
-792, 
-784, 
-748, 
-748, 
-780, 
-776, 
-768, 
-716, 
-736, 
-736, 
-740, 
-784, 
-792, 
-792, 
-768, 
-760, 
-768, 
-768, 
-752, 
-744, 
-792, 
-784, 
-784, 
-792, 
-760, 
-784, 
-780, 
-776, 
-744, 
-756, 
-764, 
-784, 
-768, 
-756, 
-768, 
-768, 
-748, 
-760, 
-744, 
-752, 
-736, 
-752, 
-740, 
-744, 
-776, 
-760, 
-728, 
-776, 
-768, 
-748, 
-792, 
-784, 
-768, 
-752, 
-760, 
-740, 
-724, 
-736, 
-752, 
-744, 
-736, 
-736, 
-752, 
-772, 
-732, 
-728, 
-748, 
-748, 
-744, 
-748, 
-740, 
-768, 
-768, 
-776, 
-764, 
-764, 
-740, 
-740, 
-752, 
-760, 
-736, 
-748, 
-772, 
-752, 
-752, 
-792, 
-792, 
-760, 
-752, 
-752, 
-760, 
-780, 
-752, 
-772, 
-772, 
-784, 
-776, 
-768, 
-744, 
-756, 
-776, 
-784, 
-784, 
-764, 
-768, 
-780, 
-752, 
-772, 
-748, 
-776, 
-784, 
-784, 
-772, 
-768, 
-776, 
-768, 
-784, 
-768, 
-784, 
-776, 
-752, 
-756, 
-764, 
-772, 
-800, 
-760, 
-768, 
-764, 
-744, 
-760, 
-764, 
-740, 
-752, 
-772, 
-780, 
-772, 
-780, 
-752, 
-784, 
-764, 
-764, 
-760, 
-784, 
-776, 
-784, 
-760, 
-760, 
-776, 
-760, 
-768, 
-784, 
-752, 
-732, 
-716, 
-772, 
-728, 
-744, 
-768, 
-748, 
-732, 
-732, 
-752, 
-740, 
-736, 
-760, 
-776, 
-776, 
-760, 
-768, 
-764, 
-772, 
-792, 
-772, 
-752, 
-764, 
-760, 
-792, 
-792, 
-784, 
-748, 
-788, 
-772, 
-776, 
-756, 
-776, 
-776, 
-752, 
-744, 
-744, 
-768, 
-776, 
-772, 
-768, 
-784, 
-764, 
-760, 
-780, 
-740, 
-736, 
-736, 
-768, 
-736, 
-744, 
-752, 
-728, 
-740, 
-752, 
-768, 
-776, 
-752, 
-716, 
-724, 
-736, 
-772, 
-740, 
-740, 
-744, 
-764, 
-744, 
-752, 
-728, 
-720, 
-720, 
-776, 
-784, 
-756, 
-768, 
-776, 
-784, 
-760, 
-768, 
-740, 
-736, 
-736, 
-732, 
-724, 
-752, 
-780, 
-756, 
-764, 
-764, 
-748, 
-744, 
-748, 
-752, 
-728, 
-752, 
-768, 
-776, 
-776, 
-772, 
-776, 
-780, 
-776, 
-760, 
-720, 
-716, 
-708, 
-716, 
-716, 
-752, 
-748, 
-748, 
-752, 
-756, 
-772, 
-772, 
-784, 
-784, 
-800, 
-772, 
-716, 
-752, 
-736, 
-784, 
-768, 
-764, 
-772, 
-760, 
-760, 
-772, 
-744, 
-768, 
-784, 
-776, 
-756, 
-784, 
-772, 
-760, 
-756, 
-732, 
-740, 
-764, 
-780, 
-792, 
-776, 
-768, 
-800, 
-800, 
-776, 
-764, 
-756, 
-768, 
-780, 
-768, 
-772, 
-756, 
-740, 
-776, 
-748, 
-756, 
-768, 
-760, 
-780, 
-784, 
-748, 
-732, 
-768, 
-760, 
-768, 
-792, 
-756, 
-768, 
-768, 
