-320, 
-444, 
-472, 
-504, 
-536, 
-580, 
-592, 
-604, 
-620, 
-636, 
-648, 
-660, 
-680, 
-692, 
-688, 
-688, 
-684, 
-672, 
-680, 
-672, 
-676, 
-672, 
-692, 
-692, 
-692, 
-688, 
-708, 
-704, 
-720, 
-724, 
-736, 
-736, 
-744, 
-748, 
-752, 
-760, 
-776, 
-780, 
-788, 
-792, 
-800, 
-800, 
-800, 
-800, 
-800, 
-800, 
-792, 
-792, 
-800, 
-792, 
-792, 
-800, 
-800, 
-800, 
-800, 
-800, 
-800, 
-792, 
-792, 
-800, 
-800, 
-800, 
-800, 
-800, 
-800, 
-800, 
-800, 
-800, 
-792, 
-792, 
-800, 
-800, 
-800, 
-800, 
-800, 
-800, 
-792, 
-792, 
-792, 
-792, 
-800, 
-792, 
-792, 
-800, 
-800, 
-800, 
-792, 
-792, 
-784, 
-800, 
-800, 
-800, 
-800, 
-800, 
-800, 
-800, 
-800, 
-800, 
-800, 
-800, 
-800, 
-800, 
-800, 
-800, 
-800, 
-800, 
-792, 
-792, 
-800, 
-800, 
-800, 
-800, 
-792, 
-800, 
-800, 
-788, 
-800, 
-800, 
-800, 
-792, 
-800, 
-800, 
-800, 
-800, 
-792, 
-792, 
-792, 
-792, 
-800, 
-800, 
-800, 
-792, 
-800, 
-792, 
-800, 
-800, 
-792, 
-800, 
-800, 
-800, 
-792, 
-800, 
-784, 
-800, 
-800, 
-800, 
-800, 
-800, 
-800, 
-800, 
-800, 
-800, 
-800, 
-800, 
-800, 
-800, 
-800, 
-800, 
-792, 
-800, 
-800, 
-800, 
-800, 
-800, 
-800, 
-800, 
-800, 
-792, 
-792, 
-800, 
-800, 
-800, 
-792, 
-792, 
-800, 
-800, 
-800, 
-800, 
-800, 
-800, 
-800, 
-792, 
-792, 
-800, 
-800, 
-800, 
-800, 
-800, 
-800, 
-800, 
-800, 
-792, 
-768, 
-776, 
-776, 
-784, 
-800, 
-800, 
-800, 
-800, 
-800, 
-800, 
-792, 
-800, 
-800, 
-800, 
-792, 
-792, 
-800, 
-800, 
-800, 
-800, 
-800, 
-800, 
-800, 
-800, 
-800, 
-800, 
-800, 
-800, 
-800, 
-800, 
-800, 
-800, 
-792, 
-776, 
-760, 
-792, 
-800, 
-800, 
-800, 
-800, 
-800, 
-800, 
-800, 
-792, 
-792, 
-792, 
-800, 
-792, 
-800, 
-800, 
-792, 
-776, 
-792, 
-792, 
-792, 
-800, 
-800, 
-800, 
-800, 
-792, 
-792, 
-792, 
-792, 
-800, 
-800, 
-800, 
-800, 
-800, 
-800, 
-800, 
-800, 
-800, 
-800, 
-792, 
-800, 
-800, 
-800, 
-800, 
-800, 
-800, 
-792, 
-792, 
-800, 
-792, 
-792, 
-800, 
-800, 
-800, 
-792, 
-792, 
-800, 
-800, 
-800, 
-800, 
-800, 
-792, 
-800, 
-800, 
-800, 
-800, 
-800, 
-800, 
-800, 
-800, 
-784, 
-784, 
-800, 
-800, 
-800, 
-800, 
-800, 
-800, 
-792, 
-800, 
-800, 
-800, 
-800, 
-800, 
-800, 
-800, 
-800, 
-792, 
-800, 
-800, 
-800, 
-800, 
-800, 
-800, 
-800, 
-800, 
-800, 
-792, 
-792, 
-792, 
-800, 
-800, 
-800, 
-800, 
-800, 
-800, 
-800, 
-800, 
-800, 
-800, 
-800, 
-788, 
-800, 
-800, 
-800, 
-800, 
-800, 
-800, 
-800, 
-792, 
-784, 
-792, 
-792, 
-800, 
-800, 
-800, 
-800, 
-792, 
-800, 
-800, 
-800, 
-800, 
-792, 
-784, 
-800, 
-800, 
-800, 
-800, 
-800, 
-800, 
-792, 
-792, 
-800, 
-792, 
-792, 
-792, 
-784, 
-800, 
-792, 
-792, 
-800, 
-800, 
-800, 
-800, 
-800, 
-800, 
-800, 
-800, 
-800, 
-792, 
-792, 
-800, 
-800, 
-800, 
-800, 
-800, 
-800, 
-800, 
-800, 
-800, 
-800, 
-800, 
-800, 
-800, 
-800, 
-792, 
-800, 
-800, 
-800, 
-800, 
-792, 
-800, 
-800, 
-800, 
-800, 
-792, 
-792, 
-792, 
-784, 
-792, 
-800, 
-800, 
-792, 
-800, 
-800, 
-800, 
-800, 
-792, 
-792, 
-792, 
-800, 
-800, 
-800, 
-800, 
-800, 
-792, 
-800, 
-784, 
-792, 
-792, 
-800, 
-800, 
-800, 
-800, 
-800, 
-800, 
-800, 
-800, 
-800, 
-800, 
-800, 
-800, 
-800, 
-800, 
-800, 
-800, 
-800, 
-792, 
-784, 
-792, 
-800, 
-800, 
-792, 
-792, 
-800, 
-800, 
-800, 
-800, 
-792, 
-792, 
-792, 
-792, 
-792, 
-792, 
-792, 
-800, 
-800, 
-800, 
-800, 
-800, 
-792, 
-800, 
-792, 
-792, 
-800, 
-800, 
-800, 
-792, 
-800, 
-792, 
-792, 
-792, 
-792, 
-792, 
-800, 
-800, 
-792, 
-800, 
-800, 
-800, 
-800, 
-800, 
-800, 
-800, 
-800, 
-800, 
-800, 
-800, 
-800, 
-792, 
-800, 
-800, 
-800, 
-800, 
-800, 
-792, 
-800, 
-792, 
-792, 
-792, 
-792, 
-800, 
-792, 
-800, 
-800, 
-800, 
-800, 
-800, 
-800, 
-800, 
-792, 
-800, 
-800, 
-800, 
-792, 
-792, 
-800, 
-784, 
-792, 
-792, 
-792, 
-792, 
-800, 
-800, 
-800, 
-800, 
-800, 
-800, 
-800, 
-800, 
-800, 
-800, 
-800, 
-800, 
-800, 
-800, 
-784, 
-792, 
-792, 
-800, 
-800, 
-800, 
-800, 
-792, 
-800, 
-800, 
-800, 
-800, 
-800, 
-800, 
-800, 
-800, 
-792, 
-792, 
-800, 
-800, 
-800, 
-800, 
-800, 
-800, 
-800, 
-800, 
-800, 
-792, 
-800, 
-792, 
-800, 
-800, 
-800, 
-800, 
-792, 
-792, 
-800, 
-800, 
-800, 
-800, 
-800, 
-800, 
-800, 
-800, 
-800, 
-800, 
-800, 
-792, 
-800, 
-800, 
-800, 
-800, 
-800, 
-792, 
-800, 
-792, 
-792, 
-792, 
-792, 
-784, 
-792, 
-800, 
-800, 
-792, 
-800, 
-800, 
-800, 
-800, 
-800, 
-800, 
-800, 
-800, 
-800, 
-792, 
-784, 
-800, 
-800, 
-800, 
-800, 
-800, 
-800, 
-800, 
-800, 
-800, 
-800, 
-800, 
-800, 
-800, 
-800, 
-800, 
-800, 
-800, 
-800, 
-800, 
-800, 
-800, 
-784, 
-784, 
-792, 
-800, 
-800, 
-800, 
-800, 
-800, 
-800, 
-800, 
-800, 
-800, 
-800, 
-800, 
-792, 
-792, 
-800, 
-800, 
-800, 
-800, 
-800, 
-800, 
-800, 
-800, 
-800, 
-800, 
-800, 
-800, 
-792, 
-792, 
-784, 
-800, 
-800, 
-792, 
-800, 
-800, 
-792, 
-800, 
-800, 
-800, 
-800, 
-800, 
-800, 
-800, 
-800, 
-792, 
-792, 
-800, 
-800, 
-800, 
-800, 
-792, 
-792, 
-792, 
-800, 
-792, 
-792, 
-800, 
-800, 
-792, 
-792, 
-792, 
-800, 
-800, 
-792, 
-792, 
-800, 
-800, 
-792, 
-792, 
-800, 
-792, 
-792, 
-800, 
-800, 
-800, 
-800, 
-800, 
-800, 
-800, 
-800, 
-800, 
-800, 
-800, 
-800, 
-800, 
-800, 
-792, 
-800, 
-800, 
-800, 
-800, 
-800, 
-800, 
-800, 
-800, 
-800, 
-800, 
-792, 
-800, 
-800, 
-800, 
-792, 
-800, 
-800, 
-800, 
-800, 
-800, 
-800, 
-800, 
-800, 
-800, 
-800, 
-800, 
-800, 
-800, 
-800, 
-800, 
-800, 
-800, 
-800, 
-800, 
-800, 
-800, 
-800, 
-800, 
-800, 
-800, 
-792, 
-800, 
-792, 
-792, 
-800, 
-800, 
-800, 
-784, 
-780, 
-780, 
-800, 
-800, 
-800, 
-800, 
-792, 
-800, 
-800, 
-800, 
-800, 
-800, 
-800, 
-800, 
-800, 
-800, 
-800, 
-800, 
-800, 
-800, 
-800, 
-800, 
-800, 
-800, 
-800, 
-800, 
-800, 
-800, 
-800, 
-800, 
-800, 
-800, 
-800, 
-792, 
-800, 
-800, 
-800, 
-792, 
-800, 
-800, 
-792, 
-792, 
-800, 
-800, 
-800, 
-800, 
-792, 
-800, 
-800, 
-792, 
-800, 
-800, 
-800, 
-800, 
-800, 
-800, 
-800, 
-800, 
-800, 
-792, 
-800, 
-800, 
-800, 
-800, 
-800, 
-800, 
-800, 
-800, 
-800, 
-792, 
-792, 
-784, 
-800, 
-800, 
-800, 
-800, 
-800, 
-800, 
-800, 
-800, 
-800, 
-800, 
-800, 
-800, 
-800, 
-800, 
-800, 
-792, 
-792, 
-800, 
-792, 
-784, 
-784, 
-792, 
-792, 
-784, 
-784, 
-792, 
-800, 
-792, 
-792, 
-800, 
-800, 
-800, 
-800, 
-800, 
-792, 
-800, 
-800, 
-800, 
-800, 
-800, 
-800, 
-800, 
-800, 
-792, 
-800, 
-800, 
-800, 
-800, 
-800, 
-792, 
-800, 
-800, 
-800, 
-792, 
-800, 
-800, 
-780, 
-800, 
-800, 
-800, 
-792, 
-792, 
-792, 
-776, 
-768, 
-784, 
-780, 
-792, 
-800, 
-800, 
-800, 
-792, 
-800, 
-800, 
-800, 
-800, 
-800, 
-792, 
-792, 
-792, 
-792, 
-800, 
-800, 
-800, 
-800, 
-784, 
-800, 
-800, 
-800, 
-800, 
-800, 
-800, 
-800, 
-800, 
-800, 
-800, 
-800, 
-792, 
-792, 
-792, 
-784, 
-784, 
-784, 
-792, 
-800, 
-800, 
-800, 
-800, 
-800, 
-800, 
-800, 
-800, 
-800, 
-800, 
-800, 
-800, 
-792, 
-792, 
-800, 
-800, 
-800, 
-800, 
-792, 
-800, 
-800, 
-800, 
-800, 
-800, 
-800, 
-800, 
-800, 
-792, 
-800, 
-800, 
-792, 
-800, 
-800, 
-800, 
-800, 
-800, 
-800, 
-800, 
-792, 
-800, 
-800, 
