-208, 
-248, 
-264, 
-344, 
-380, 
-352, 
-372, 
-416, 
-384, 
-372, 
-348, 
-356, 
-396, 
-380, 
-412, 
-424, 
-388, 
-388, 
-424, 
-396, 
-344, 
-416, 
-452, 
-500, 
-504, 
-488, 
-424, 
-496, 
-416, 
-396, 
-384, 
-392, 
-376, 
-380, 
-296, 
-284, 
-364, 
-272, 
-328, 
-332, 
-292, 
-288, 
-340, 
-368, 
-400, 
-348, 
-416, 
-324, 
-324, 
-324, 
-380, 
-372, 
-432, 
-448, 
-424, 
-448, 
-368, 
-388, 
-368, 
-308, 
-344, 
-348, 
-396, 
-444, 
-324, 
-356, 
-356, 
-372, 
-348, 
-368, 
-380, 
-376, 
-372, 
-356, 
-380, 
-388, 
-376, 
-364, 
-288, 
-336, 
-352, 
-356, 
-400, 
-352, 
-348, 
-372, 
-368, 
-404, 
-380, 
-384, 
-396, 
-344, 
-384, 
-380, 
-356, 
-416, 
-364, 
-428, 
-364, 
-380, 
-336, 
-308, 
-388, 
-440, 
-416, 
-420, 
-396, 
-376, 
-336, 
-352, 
-332, 
-336, 
-348, 
-336, 
-384, 
-356, 
-364, 
-332, 
-388, 
-356, 
-328, 
-348, 
-348, 
-380, 
-360, 
-440, 
-380, 
-344, 
-356, 
-340, 
-336, 
-324, 
-368, 
-416, 
-408, 
-424, 
-412, 
-404, 
-364, 
-420, 
-380, 
-380, 
-384, 
-400, 
-464, 
-440, 
-436, 
-396, 
-372, 
-356, 
-340, 
-408, 
-408, 
-412, 
-412, 
-404, 
-432, 
-424, 
-360, 
-420, 
-344, 
-392, 
-384, 
-352, 
-408, 
-372, 
-388, 
-348, 
-352, 
-352, 
-376, 
-368, 
-408, 
-360, 
-352, 
-360, 
-348, 
-368, 
-480, 
-380, 
-368, 
-396, 
-388, 
-432, 
-360, 
-348, 
-356, 
-376, 
-328, 
-368, 
-352, 
-364, 
-408, 
-332, 
-308, 
-324, 
-352, 
-328, 
-392, 
-304, 
-304, 
-364, 
-368, 
-372, 
-320, 
-332, 
-356, 
-292, 
-300, 
-336, 
-336, 
-356, 
-392, 
-384, 
-388, 
-404, 
-408, 
-412, 
-392, 
-340, 
-368, 
-356, 
-336, 
-320, 
-348, 
-304, 
-296, 
-364, 
-388, 
-328, 
-360, 
-372, 
-300, 
-328, 
-392, 
-372, 
-392, 
-472, 
-408, 
-392, 
-352, 
-372, 
-396, 
-392, 
-340, 
-316, 
-332, 
-340, 
-380, 
-392, 
-408, 
-420, 
-332, 
-328, 
-384, 
-416, 
-396, 
-348, 
-304, 
-292, 
-376, 
-300, 
-328, 
-348, 
-340, 
-404, 
-376, 
-360, 
-336, 
-348, 
-388, 
-380, 
-392, 
-340, 
-288, 
-224, 
-348, 
-360, 
-392, 
-388, 
-392, 
-380, 
-368, 
-336, 
-324, 
-360, 
-408, 
-404, 
-388, 
-352, 
-372, 
-404, 
-516, 
-368, 
-340, 
-356, 
-372, 
-344, 
-368, 
-280, 
-308, 
-332, 
-332, 
-348, 
-336, 
-336, 
-356, 
-348, 
-336, 
-340, 
-336, 
-308, 
-336, 
-364, 
-404, 
-368, 
-356, 
-352, 
-328, 
-364, 
-408, 
-380, 
-348, 
-396, 
-384, 
-352, 
-328, 
-304, 
-372, 
-324, 
-360, 
-376, 
-352, 
-316, 
-360, 
-292, 
-364, 
-348, 
-332, 
-312, 
-324, 
-352, 
-368, 
-388, 
-328, 
-384, 
-400, 
-328, 
-332, 
-332, 
-316, 
-336, 
-328, 
-260, 
-320, 
-320, 
-324, 
-332, 
-372, 
-304, 
-340, 
-316, 
-324, 
-368, 
-416, 
-420, 
-364, 
-324, 
-352, 
-352, 
-352, 
-332, 
-324, 
-364, 
-388, 
-372, 
-380, 
-368, 
-344, 
-348, 
-348, 
-420, 
-380, 
-316, 
-344, 
-384, 
-348, 
-324, 
-344, 
-284, 
-352, 
-320, 
-260, 
-372, 
-432, 
-308, 
-340, 
-340, 
-388, 
-408, 
-340, 
-312, 
-272, 
-284, 
-376, 
-376, 
-356, 
-336, 
-308, 
-324, 
-364, 
-368, 
-388, 
-408, 
-340, 
-340, 
-328, 
-320, 
-312, 
-312, 
-384, 
-296, 
-324, 
-316, 
-288, 
-280, 
-384, 
-376, 
-400, 
-424, 
-344, 
-372, 
-332, 
-364, 
-408, 
-388, 
-364, 
-364, 
-360, 
-388, 
-284, 
-308, 
-320, 
-356, 
-400, 
-388, 
-392, 
-352, 
-344, 
-296, 
-400, 
-372, 
-360, 
-364, 
-344, 
-316, 
-324, 
-376, 
-316, 
-376, 
-372, 
-424, 
-384, 
-400, 
-380, 
-400, 
-376, 
-356, 
-332, 
-356, 
-372, 
-348, 
-384, 
-344, 
-348, 
-308, 
-328, 
-348, 
-332, 
-328, 
-332, 
-356, 
-404, 
-420, 
-412, 
-412, 
-404, 
-396, 
-316, 
-360, 
-400, 
-376, 
-392, 
-368, 
-360, 
-360, 
-356, 
-332, 
-376, 
-332, 
-320, 
-364, 
-360, 
-380, 
-352, 
-312, 
-332, 
-328, 
-316, 
-336, 
-384, 
-404, 
-412, 
-404, 
-372, 
-364, 
-296, 
-324, 
-420, 
-400, 
-340, 
-304, 
-312, 
-316, 
-348, 
-364, 
-392, 
-432, 
-440, 
-416, 
-368, 
-412, 
-336, 
-356, 
-304, 
-380, 
-376, 
-404, 
-456, 
-432, 
-384, 
-328, 
-332, 
-368, 
-372, 
-404, 
-400, 
-372, 
-308, 
-340, 
-376, 
-324, 
-280, 
-340, 
-316, 
-304, 
-268, 
-336, 
-332, 
-328, 
-284, 
-352, 
-364, 
-400, 
-372, 
-384, 
-360, 
-352, 
-380, 
-372, 
-428, 
-388, 
-348, 
-372, 
-356, 
-348, 
-368, 
-336, 
-336, 
-332, 
-332, 
-320, 
-400, 
-380, 
-408, 
-388, 
-352, 
-272, 
-252, 
-292, 
-324, 
-312, 
-324, 
-340, 
-376, 
-436, 
-432, 
-380, 
-416, 
-384, 
-380, 
-440, 
-400, 
-336, 
-400, 
-420, 
-396, 
-412, 
-376, 
-384, 
-292, 
-316, 
-372, 
-364, 
-368, 
-356, 
-348, 
-320, 
-360, 
-400, 
-428, 
-332, 
-376, 
-412, 
-396, 
-340, 
-340, 
-352, 
-360, 
-372, 
-316, 
-352, 
-364, 
-364, 
-336, 
-332, 
-352, 
-356, 
-348, 
-364, 
-308, 
-272, 
-304, 
-388, 
-396, 
-412, 
-416, 
-396, 
-456, 
-456, 
-412, 
-308, 
-320, 
-356, 
-356, 
-380, 
-380, 
-324, 
-332, 
-360, 
-384, 
-432, 
-408, 
-388, 
-348, 
-308, 
-344, 
-336, 
-352, 
-364, 
-324, 
-328, 
-340, 
-340, 
-376, 
-404, 
-364, 
-372, 
-444, 
-356, 
-356, 
-460, 
-400, 
-356, 
-332, 
-316, 
-276, 
-284, 
-304, 
-296, 
-376, 
-392, 
-416, 
-404, 
-380, 
-356, 
-336, 
-368, 
-380, 
-328, 
-352, 
-348, 
-380, 
-356, 
-380, 
-372, 
-344, 
-308, 
-360, 
-336, 
-352, 
-352, 
-340, 
-404, 
-332, 
-364, 
-380, 
-308, 
-340, 
-348, 
-412, 
-400, 
-396, 
-396, 
-380, 
-372, 
-344, 
-376, 
-368, 
-388, 
-400, 
-436, 
-396, 
-456, 
-416, 
-352, 
-412, 
-344, 
-288, 
-312, 
-380, 
-304, 
-340, 
-376, 
-332, 
-376, 
-428, 
-384, 
-320, 
-392, 
-368, 
-356, 
-400, 
-368, 
-344, 
-352, 
-304, 
-340, 
-368, 
-300, 
-384, 
-376, 
-344, 
-352, 
-388, 
-348, 
-372, 
-388, 
-428, 
-420, 
-352, 
-368, 
-400, 
-336, 
-328, 
-332, 
-340, 
-332, 
-352, 
-344, 
-392, 
-376, 
-348, 
-404, 
-376, 
-384, 
-336, 
-344, 
-336, 
-356, 
-396, 
-344, 
-352, 
-344, 
-296, 
-368, 
-324, 
-376, 
-372, 
-452, 
-428, 
-376, 
-372, 
-428, 
-472, 
-388, 
-352, 
-432, 
-344, 
-384, 
-380, 
-392, 
-356, 
-336, 
-360, 
-332, 
-404, 
-352, 
-296, 
-332, 
-348, 
-324, 
-388, 
-372, 
-316, 
-376, 
-376, 
-448, 
-420, 
-488, 
-516, 
-424, 
-340, 
-364, 
-312, 
-376, 
-320, 
-348, 
-284, 
-312, 
-356, 
-356, 
-336, 
-372, 
-320, 
-344, 
-380, 
-372, 
-368, 
-296, 
-328, 
-276, 
-308, 
-328, 
-360, 
-384, 
-376, 
-348, 
-336, 
-292, 
-380, 
-388, 
-400, 
-456, 
-484, 
-400, 
-340, 
-376, 
-344, 
-396, 
-344, 
-368, 
-372, 
-332, 
-368, 
-416, 
-432, 
-424, 
-428, 
-308, 
-320, 
-324, 
-424, 
-420, 
-352, 
-308, 
-340, 
-312, 
-332, 
-308, 
-340, 
-328, 
-352, 
-376, 
-384, 
-372, 
-460, 
-376, 
-364, 
-376, 
-416, 
-428, 
-376, 
-412, 
-404, 
-432, 
-428, 
-468, 
-416, 
-368, 
-400, 
-400, 
-360, 
-396, 
-364, 
-320, 
-352, 
-408, 
-364, 
-324, 
-388, 
-428, 
-460, 
-428, 
-448, 
-408, 
-352, 
-320, 
-356, 
-368, 
-328, 
-328, 
-356, 
-332, 
-376, 
-360, 
-400, 
-348, 
-340, 
-308, 
-404, 
-408, 
-360, 
-352, 
-336, 
-336, 
-348, 
-392, 
-352, 
-352, 
-316, 
-332, 
-328, 
-436, 
-416, 
-392, 
-388, 
-392, 
-416, 
-448, 
-396, 
-336, 
-348, 
-336, 
-352, 
-332, 
-348, 
-260, 
-308, 
-340, 
-360, 
-392, 
-392, 
-412, 
-368, 
-396, 
-316, 
-344, 
-396, 
-356, 
-340, 
-296, 
-288, 
-348, 
-352, 
-432, 
-464, 
-392, 
-364, 
-396, 
-372, 
-356, 
-332, 
-268, 
-260, 
-288, 
-352, 
-376, 
-376, 
-392, 
-468, 
