-248, 
-436, 
-508, 
-536, 
-576, 
-612, 
-600, 
-584, 
-580, 
-600, 
-576, 
-576, 
-620, 
-632, 
-632, 
-632, 
-636, 
-632, 
-612, 
-648, 
-632, 
-600, 
-624, 
-624, 
-652, 
-636, 
-660, 
-632, 
-636, 
-644, 
-640, 
-628, 
-672, 
-664, 
-632, 
-668, 
-636, 
-644, 
-668, 
-660, 
-660, 
-676, 
-672, 
-684, 
-668, 
-720, 
-696, 
-728, 
-744, 
-780, 
-784, 
-784, 
-752, 
-776, 
-760, 
-752, 
-748, 
-724, 
-748, 
-704, 
-736, 
-772, 
-760, 
-756, 
-776, 
-768, 
-744, 
-768, 
-748, 
-772, 
-792, 
-784, 
-784, 
-780, 
-736, 
-748, 
-788, 
-788, 
-784, 
-764, 
-800, 
-792, 
-784, 
-800, 
-792, 
-784, 
-784, 
-792, 
-800, 
-784, 
-800, 
-784, 
-784, 
-776, 
-768, 
-792, 
-792, 
-776, 
-760, 
-768, 
-784, 
-748, 
-764, 
-772, 
-780, 
-784, 
-748, 
-772, 
-748, 
-792, 
-776, 
-792, 
-776, 
-792, 
-752, 
-748, 
-760, 
-776, 
-780, 
-792, 
-800, 
-788, 
-784, 
-776, 
-780, 
-760, 
-784, 
-780, 
-756, 
-764, 
-784, 
-772, 
-748, 
-772, 
-784, 
-744, 
-744, 
-744, 
-764, 
-772, 
-760, 
-788, 
-792, 
-760, 
-780, 
-792, 
-736, 
-728, 
-768, 
-760, 
-760, 
-756, 
-760, 
-772, 
-784, 
-800, 
-772, 
-772, 
-800, 
-776, 
-768, 
-752, 
-780, 
-776, 
-760, 
-760, 
-768, 
-792, 
-768, 
-776, 
-772, 
-760, 
-784, 
-792, 
-792, 
-760, 
-760, 
-768, 
-800, 
-792, 
-784, 
-772, 
-776, 
-768, 
-772, 
-772, 
-772, 
-800, 
-780, 
-732, 
-768, 
-792, 
-776, 
-768, 
-788, 
-780, 
-728, 
-764, 
-760, 
-756, 
-792, 
-792, 
-776, 
-748, 
-776, 
-776, 
-788, 
-792, 
-784, 
-756, 
-784, 
-768, 
-792, 
-760, 
-776, 
-736, 
-768, 
-764, 
-764, 
-784, 
-780, 
-776, 
-764, 
-792, 
-784, 
-768, 
-772, 
-764, 
-776, 
-756, 
-792, 
-784, 
-768, 
-772, 
-800, 
-776, 
-772, 
-764, 
-764, 
-736, 
-776, 
-744, 
-792, 
-784, 
-772, 
-784, 
-792, 
-752, 
-776, 
-744, 
-748, 
-768, 
-752, 
-776, 
-784, 
-776, 
-792, 
-792, 
-764, 
-800, 
-776, 
-800, 
-788, 
-772, 
-744, 
-788, 
-760, 
-748, 
-780, 
-768, 
-760, 
-784, 
-760, 
-776, 
-776, 
-764, 
-756, 
-732, 
-768, 
-760, 
-752, 
-784, 
-768, 
-780, 
-756, 
-760, 
-756, 
-792, 
-736, 
-740, 
-784, 
-768, 
-768, 
-752, 
-776, 
-772, 
-784, 
-792, 
-768, 
-776, 
-744, 
-784, 
-792, 
-776, 
-792, 
-784, 
-800, 
-760, 
-764, 
-740, 
-736, 
-784, 
-780, 
-792, 
-776, 
-744, 
-768, 
-752, 
-780, 
-784, 
-756, 
-768, 
-752, 
-780, 
-784, 
-756, 
-744, 
-792, 
-784, 
-792, 
-736, 
-792, 
-776, 
-800, 
-800, 
-768, 
-756, 
-776, 
-772, 
-760, 
-756, 
-788, 
-788, 
-772, 
-740, 
-764, 
-792, 
-768, 
-760, 
-792, 
-792, 
-788, 
-792, 
-788, 
-792, 
-800, 
-776, 
-788, 
-784, 
-768, 
-776, 
-768, 
-736, 
-740, 
-744, 
-756, 
-744, 
-776, 
-784, 
-768, 
-772, 
-764, 
-800, 
-776, 
-776, 
-792, 
-776, 
-768, 
-756, 
-776, 
-760, 
-760, 
-776, 
-792, 
-784, 
-768, 
-784, 
-784, 
-792, 
-764, 
-780, 
-784, 
-776, 
-776, 
-760, 
-768, 
-772, 
-748, 
-756, 
-740, 
-776, 
-800, 
-776, 
-776, 
-776, 
-724, 
-748, 
-756, 
-740, 
-784, 
-768, 
-792, 
-792, 
-736, 
-720, 
-760, 
-772, 
-748, 
-784, 
-776, 
-780, 
-780, 
-776, 
-792, 
-764, 
-764, 
-776, 
-776, 
-752, 
-752, 
-740, 
-768, 
-792, 
-784, 
-772, 
-792, 
-784, 
-800, 
-784, 
-760, 
-780, 
-760, 
-764, 
-752, 
-776, 
-792, 
-776, 
-768, 
-760, 
-764, 
-792, 
-784, 
-744, 
-752, 
-772, 
-772, 
-800, 
-784, 
-756, 
-756, 
-776, 
-776, 
-776, 
-748, 
-752, 
-768, 
-784, 
-764, 
-784, 
-784, 
-776, 
-720, 
-752, 
-792, 
-756, 
-748, 
-760, 
-768, 
-784, 
-768, 
-776, 
-780, 
-800, 
-784, 
-768, 
-784, 
-764, 
-760, 
-740, 
-744, 
-760, 
-784, 
-768, 
-760, 
-768, 
-776, 
-772, 
-756, 
-752, 
-792, 
-784, 
-776, 
-768, 
-776, 
-724, 
-740, 
-768, 
-792, 
-792, 
-792, 
-800, 
-768, 
-800, 
-768, 
-780, 
-768, 
-788, 
-792, 
-792, 
-800, 
-760, 
-792, 
-764, 
-768, 
-756, 
-776, 
-784, 
-792, 
-784, 
-776, 
-748, 
-760, 
-760, 
-768, 
-784, 
-760, 
-752, 
-764, 
-784, 
-772, 
-780, 
-768, 
-784, 
-768, 
-744, 
-756, 
-800, 
-800, 
-780, 
-784, 
-800, 
-792, 
-792, 
-792, 
-792, 
-776, 
-776, 
-776, 
-752, 
-756, 
-784, 
-772, 
-784, 
-768, 
-792, 
-784, 
-792, 
-792, 
-800, 
-800, 
-768, 
-776, 
-760, 
-780, 
-764, 
-768, 
-776, 
-740, 
-776, 
-756, 
-760, 
-780, 
-764, 
-768, 
-740, 
-792, 
-784, 
-752, 
-764, 
-748, 
-768, 
-780, 
-784, 
-792, 
-792, 
-748, 
-768, 
-740, 
-760, 
-752, 
-760, 
-792, 
-784, 
-756, 
-792, 
-780, 
-756, 
-784, 
-776, 
-792, 
-768, 
-768, 
-784, 
-772, 
-748, 
-736, 
-792, 
-772, 
-800, 
-776, 
-752, 
-740, 
-780, 
-784, 
-764, 
-744, 
-764, 
-788, 
-784, 
-768, 
-768, 
-760, 
-768, 
-800, 
-800, 
-784, 
-784, 
-768, 
-784, 
-772, 
-768, 
-768, 
-748, 
-792, 
-764, 
-736, 
-788, 
-764, 
-772, 
-776, 
-748, 
-752, 
-792, 
-776, 
-776, 
-752, 
-776, 
-792, 
-748, 
-772, 
-748, 
-784, 
-768, 
-776, 
-776, 
-760, 
-792, 
-748, 
-772, 
-776, 
-792, 
-776, 
-768, 
-784, 
-792, 
-752, 
-768, 
-768, 
-792, 
-768, 
-792, 
-764, 
-740, 
-768, 
-784, 
-768, 
-768, 
-784, 
-784, 
-800, 
-792, 
-752, 
-776, 
-792, 
-768, 
-800, 
-776, 
-760, 
-776, 
-772, 
-784, 
-768, 
-732, 
-800, 
-756, 
-776, 
-760, 
-784, 
-780, 
-764, 
-760, 
-752, 
-784, 
-768, 
-760, 
-792, 
-772, 
-784, 
-784, 
-776, 
-768, 
-800, 
-768, 
-776, 
-772, 
-764, 
-768, 
-784, 
-788, 
-792, 
-800, 
-776, 
-768, 
-772, 
-756, 
-772, 
-792, 
-776, 
-792, 
-784, 
-748, 
-736, 
-756, 
-792, 
-756, 
-760, 
-776, 
-760, 
-756, 
-784, 
-776, 
-784, 
-792, 
-776, 
-776, 
-768, 
-780, 
-788, 
-776, 
-776, 
-792, 
-792, 
-792, 
-792, 
-792, 
-752, 
-724, 
-772, 
-764, 
-760, 
-752, 
-772, 
-776, 
-768, 
-768, 
-784, 
-768, 
-784, 
-792, 
-752, 
-764, 
-784, 
-784, 
-792, 
-760, 
-780, 
-724, 
-792, 
-756, 
-748, 
-744, 
-780, 
-776, 
-768, 
-792, 
-784, 
-776, 
-780, 
-748, 
-768, 
-776, 
-776, 
-780, 
-764, 
-784, 
-772, 
-792, 
-780, 
-768, 
-780, 
-800, 
-756, 
-800, 
-772, 
-760, 
-748, 
-792, 
-776, 
-768, 
-764, 
-784, 
-784, 
-776, 
-800, 
-760, 
-744, 
-748, 
-748, 
-768, 
-768, 
-772, 
-764, 
-772, 
-784, 
-760, 
-772, 
-792, 
-768, 
-740, 
-760, 
-752, 
-776, 
-776, 
-772, 
-768, 
-800, 
-784, 
-768, 
-732, 
-736, 
-776, 
-776, 
-784, 
-764, 
-756, 
-748, 
-776, 
-764, 
-788, 
-764, 
-760, 
-784, 
-772, 
-792, 
-792, 
-784, 
-756, 
-784, 
-784, 
-800, 
-772, 
-764, 
-740, 
-768, 
-784, 
-740, 
-744, 
-764, 
-784, 
-784, 
-756, 
-756, 
-768, 
-776, 
-752, 
-748, 
-776, 
-776, 
-800, 
-752, 
-784, 
-772, 
-768, 
-776, 
-784, 
-800, 
-784, 
-792, 
-780, 
-792, 
-780, 
-776, 
-772, 
-772, 
-772, 
-752, 
-772, 
-756, 
-768, 
-732, 
-764, 
-740, 
-764, 
-780, 
-784, 
-792, 
-784, 
-764, 
-772, 
-792, 
-792, 
-760, 
-792, 
-752, 
-732, 
-764, 
-772, 
-780, 
-764, 
-784, 
-756, 
-776, 
-760, 
-744, 
-752, 
-772, 
-760, 
-776, 
-768, 
-784, 
-732, 
-784, 
-784, 
-768, 
-760, 
-760, 
-784, 
-744, 
-776, 
-768, 
-776, 
-772, 
-780, 
-776, 
-792, 
-792, 
-748, 
-784, 
-772, 
-724, 
-764, 
-764, 
-764, 
-752, 
-784, 
-784, 
-784, 
-772, 
-764, 
-772, 
-800, 
-784, 
-764, 
-756, 
-748, 
-740, 
-748, 
-732, 
-772, 
-780, 
-740, 
-776, 
-800, 
-744, 
-764, 
-768, 
-784, 
-792, 
-792, 
-784, 
-800, 
-800, 
-756, 
-792, 
-736, 
-772, 
-776, 
-788, 
-764, 
-776, 
-784, 
