-352, 
-456, 
-508, 
-524, 
-524, 
-544, 
-560, 
-584, 
-604, 
-616, 
-636, 
-636, 
-632, 
-632, 
-644, 
-644, 
-648, 
-656, 
-652, 
-648, 
-640, 
-652, 
-648, 
-664, 
-660, 
-660, 
-656, 
-656, 
-660, 
-648, 
-640, 
-660, 
-640, 
-648, 
-640, 
-644, 
-636, 
-636, 
-644, 
-660, 
-672, 
-668, 
-652, 
-656, 
-644, 
-656, 
-660, 
-644, 
-640, 
-640, 
-648, 
-672, 
-668, 
-660, 
-664, 
-660, 
-660, 
-684, 
-676, 
-684, 
-696, 
-684, 
-676, 
-676, 
-672, 
-664, 
-664, 
-680, 
-660, 
-688, 
-684, 
-680, 
-672, 
-676, 
-672, 
-652, 
-676, 
-672, 
-672, 
-672, 
-688, 
-688, 
-684, 
-656, 
-648, 
-648, 
-672, 
-688, 
-688, 
-680, 
-680, 
-664, 
-668, 
-688, 
-680, 
-688, 
-676, 
-680, 
-692, 
-692, 
-696, 
-668, 
-680, 
-684, 
-672, 
-656, 
-628, 
-656, 
-652, 
-664, 
-672, 
-652, 
-668, 
-676, 
-680, 
-696, 
-692, 
-684, 
-672, 
-668, 
-688, 
-684, 
-680, 
-684, 
-676, 
-668, 
-652, 
-672, 
-680, 
-660, 
-664, 
-668, 
-680, 
-680, 
-672, 
-684, 
-668, 
-672, 
-684, 
-676, 
-684, 
-684, 
-688, 
-672, 
-692, 
-672, 
-668, 
-668, 
-668, 
-664, 
-680, 
-688, 
-676, 
-692, 
-676, 
-664, 
-676, 
-672, 
-668, 
-652, 
-684, 
-688, 
-676, 
-684, 
-692, 
-664, 
-660, 
-660, 
-656, 
-656, 
-660, 
-652, 
-660, 
-672, 
-684, 
-676, 
-680, 
-668, 
-664, 
-684, 
-684, 
-672, 
-660, 
-644, 
-648, 
-660, 
-672, 
-676, 
-656, 
-680, 
-672, 
-676, 
-692, 
-684, 
-684, 
-668, 
-668, 
-668, 
-680, 
-668, 
-672, 
-680, 
-680, 
-680, 
-696, 
-680, 
-672, 
-676, 
-680, 
-688, 
-688, 
-680, 
-660, 
-676, 
-680, 
-684, 
-676, 
-692, 
-692, 
-688, 
-680, 
-676, 
-688, 
-684, 
-688, 
-680, 
-672, 
-652, 
-660, 
-656, 
-692, 
-680, 
-660, 
-664, 
-672, 
-688, 
-672, 
-660, 
-664, 
-668, 
-696, 
-688, 
-684, 
-680, 
-688, 
-688, 
-696, 
-688, 
-672, 
-672, 
-672, 
-660, 
-656, 
-660, 
-644, 
-640, 
-660, 
-652, 
-660, 
-648, 
-636, 
-668, 
-660, 
-668, 
-676, 
-676, 
-672, 
-672, 
-672, 
-652, 
-648, 
-672, 
-672, 
-680, 
-680, 
-676, 
-680, 
-652, 
-664, 
-676, 
-652, 
-660, 
-672, 
-676, 
-680, 
-688, 
-688, 
-688, 
-684, 
-688, 
-716, 
-724, 
-716, 
-708, 
-708, 
-712, 
-724, 
-732, 
-736, 
-740, 
-740, 
-732, 
-740, 
-732, 
-756, 
-756, 
-740, 
-744, 
-748, 
-784, 
-776, 
-784, 
-788, 
-792, 
-768, 
-792, 
-800, 
-784, 
-788, 
-792, 
-800, 
-792, 
-792, 
-792, 
-792, 
-792, 
-792, 
-800, 
-784, 
-800, 
-792, 
-800, 
-800, 
-792, 
-780, 
-792, 
-784, 
-768, 
-776, 
-768, 
-768, 
-792, 
-784, 
-792, 
-800, 
-768, 
-748, 
-784, 
-780, 
-792, 
-788, 
-800, 
-792, 
-784, 
-800, 
-792, 
-800, 
-800, 
-800, 
-788, 
-800, 
-800, 
-792, 
-792, 
-784, 
-788, 
-772, 
-776, 
-776, 
-780, 
-784, 
-768, 
-784, 
-776, 
-768, 
-784, 
-784, 
-776, 
-784, 
-800, 
-784, 
-792, 
-800, 
-792, 
-792, 
-792, 
-792, 
-776, 
-800, 
-792, 
-784, 
-784, 
-792, 
-792, 
-792, 
-792, 
-784, 
-784, 
-784, 
-792, 
-784, 
-776, 
-800, 
-792, 
-784, 
-768, 
-776, 
-772, 
-788, 
-800, 
-776, 
-784, 
-784, 
-784, 
-792, 
-784, 
-792, 
-784, 
-792, 
-776, 
-784, 
-800, 
-792, 
-792, 
-792, 
-792, 
-792, 
-788, 
-800, 
-784, 
-764, 
-756, 
-784, 
-800, 
-792, 
-776, 
-776, 
-784, 
-784, 
-792, 
-792, 
-788, 
-792, 
-792, 
-792, 
-800, 
-800, 
-792, 
-800, 
-800, 
-792, 
-792, 
-800, 
-792, 
-800, 
-800, 
-780, 
-784, 
-760, 
-776, 
-792, 
-800, 
-792, 
-792, 
-800, 
-792, 
-800, 
-800, 
-792, 
-784, 
-800, 
-800, 
-776, 
-792, 
-780, 
-768, 
-760, 
-764, 
-756, 
-784, 
-776, 
-772, 
-772, 
-784, 
-792, 
-776, 
-776, 
-776, 
-776, 
-792, 
-792, 
-784, 
-776, 
-792, 
-800, 
-784, 
-792, 
-792, 
-772, 
-792, 
-792, 
-784, 
-784, 
-792, 
-800, 
-784, 
-768, 
-776, 
-792, 
-768, 
-784, 
-792, 
-792, 
-776, 
-768, 
-764, 
-792, 
-776, 
-792, 
-800, 
-800, 
-800, 
-800, 
-784, 
-756, 
-776, 
-784, 
-780, 
-780, 
-776, 
-800, 
-776, 
-768, 
-784, 
-776, 
-780, 
-792, 
-800, 
-780, 
-780, 
-788, 
-784, 
-784, 
-772, 
-772, 
-768, 
-792, 
-784, 
-772, 
-784, 
-784, 
-792, 
-800, 
-792, 
-784, 
-784, 
-784, 
-768, 
-772, 
-784, 
-784, 
-780, 
-792, 
-784, 
-792, 
-788, 
-776, 
-768, 
-776, 
-788, 
-780, 
-792, 
-792, 
-776, 
-792, 
-792, 
-780, 
-784, 
-776, 
-776, 
-776, 
-792, 
-784, 
-776, 
-784, 
-784, 
-776, 
-776, 
-792, 
-792, 
-800, 
-792, 
-784, 
-792, 
-784, 
-792, 
-792, 
-784, 
-776, 
-788, 
-792, 
-800, 
-792, 
-772, 
-792, 
-792, 
-784, 
-784, 
-768, 
-776, 
-776, 
-784, 
-776, 
-800, 
-784, 
-780, 
-800, 
-792, 
-800, 
-800, 
-792, 
-792, 
-792, 
-800, 
-784, 
-784, 
-784, 
-792, 
-780, 
-788, 
-784, 
-780, 
-768, 
-760, 
-784, 
-800, 
-800, 
-800, 
-800, 
-784, 
-784, 
-800, 
-792, 
-784, 
-800, 
-800, 
-776, 
-776, 
-784, 
-800, 
-800, 
-784, 
-756, 
-768, 
-788, 
-776, 
-800, 
-800, 
-800, 
-784, 
-784, 
-784, 
-768, 
-800, 
-800, 
-800, 
-792, 
-784, 
-800, 
-784, 
-792, 
-760, 
-788, 
-788, 
-792, 
-800, 
-800, 
-792, 
-800, 
-800, 
-800, 
-800, 
-792, 
-784, 
-784, 
-800, 
-800, 
-792, 
-800, 
-780, 
-760, 
-784, 
-784, 
-792, 
-784, 
-800, 
-792, 
-780, 
-784, 
-792, 
-792, 
-800, 
-800, 
-792, 
-792, 
-784, 
-784, 
-800, 
-800, 
-792, 
-756, 
-752, 
-776, 
-792, 
-784, 
-792, 
-792, 
-784, 
-776, 
-800, 
-792, 
-792, 
-784, 
-792, 
-780, 
-792, 
-776, 
-784, 
-788, 
-792, 
-792, 
-792, 
-792, 
-792, 
-784, 
-784, 
-800, 
-792, 
-792, 
-800, 
-792, 
-800, 
-792, 
-784, 
-784, 
-780, 
-772, 
-776, 
-776, 
-784, 
-776, 
-756, 
-760, 
-776, 
-800, 
-800, 
-792, 
-784, 
-784, 
-760, 
-768, 
-776, 
-776, 
-776, 
-784, 
-792, 
-800, 
-800, 
-792, 
-792, 
-792, 
-800, 
-800, 
-800, 
-800, 
-784, 
-776, 
-776, 
-780, 
-764, 
-764, 
-764, 
-784, 
-792, 
-792, 
-792, 
-800, 
-800, 
-800, 
-800, 
-784, 
-792, 
-764, 
-768, 
-776, 
-768, 
-784, 
-792, 
-764, 
-756, 
-780, 
-792, 
-784, 
-784, 
-776, 
-784, 
-776, 
-776, 
-776, 
-792, 
-780, 
-784, 
-780, 
-792, 
-792, 
-792, 
-792, 
-784, 
-776, 
-780, 
-792, 
-784, 
-800, 
-792, 
-764, 
-792, 
-776, 
-784, 
-792, 
-792, 
-792, 
-792, 
-792, 
-784, 
-788, 
-800, 
-792, 
-792, 
-792, 
-800, 
-800, 
-800, 
-800, 
-800, 
-800, 
-800, 
-800, 
-800, 
-800, 
-792, 
-784, 
-800, 
-800, 
-800, 
-800, 
-776, 
-800, 
-792, 
-800, 
-792, 
-800, 
-800, 
-792, 
-792, 
-784, 
-792, 
-800, 
-800, 
-792, 
-792, 
-800, 
-800, 
-792, 
-772, 
-800, 
-800, 
-792, 
-784, 
-800, 
-800, 
-792, 
-784, 
-784, 
-784, 
-792, 
-784, 
-792, 
-792, 
-792, 
-764, 
-756, 
-776, 
-792, 
-792, 
-792, 
-800, 
-800, 
-772, 
-792, 
-784, 
-800, 
-792, 
-784, 
-772, 
-776, 
-780, 
-792, 
-792, 
-792, 
-784, 
-792, 
-792, 
-800, 
-792, 
-792, 
-800, 
-800, 
-784, 
-784, 
-792, 
-792, 
-784, 
-792, 
-784, 
-784, 
-800, 
-800, 
-792, 
-800, 
-800, 
-800, 
-800, 
-800, 
-800, 
-800, 
-784, 
-784, 
-792, 
-792, 
-792, 
-792, 
-800, 
-784, 
-784, 
-800, 
-788, 
-776, 
-792, 
-800, 
-792, 
-784, 
-760, 
-744, 
-756, 
-792, 
-784, 
-788, 
-780, 
-784, 
-800, 
-792, 
-800, 
-788, 
-792, 
-800, 
-792, 
-800, 
-792, 
-792, 
-784, 
-800, 
-800, 
-800, 
-800, 
-800, 
-776, 
-792, 
-768, 
-784, 
-784, 
-784, 
-784, 
-780, 
-792, 
-776, 
-800, 
-800, 
-800, 
-800, 
-800, 
-800, 
-776, 
-784, 
-772, 
-776, 
-768, 
-792, 
-792, 
-780, 
-792, 
-776, 
