-252, 
-432, 
-520, 
-528, 
-552, 
-628, 
-624, 
-648, 
-700, 
-736, 
-740, 
-732, 
-752, 
-740, 
-732, 
-752, 
-780, 
-744, 
-748, 
-696, 
-672, 
-708, 
-764, 
-748, 
-740, 
-752, 
-740, 
-776, 
-760, 
-768, 
-716, 
-724, 
-776, 
-748, 
-748, 
-776, 
-732, 
-712, 
-736, 
-752, 
-740, 
-768, 
-776, 
-776, 
-760, 
-748, 
-704, 
-732, 
-732, 
-700, 
-740, 
-756, 
-732, 
-740, 
-704, 
-736, 
-776, 
-744, 
-752, 
-732, 
-752, 
-720, 
-768, 
-736, 
-776, 
-708, 
-756, 
-776, 
-704, 
-748, 
-704, 
-704, 
-716, 
-720, 
-740, 
-692, 
-724, 
-716, 
-688, 
-760, 
-768, 
-748, 
-720, 
-764, 
-764, 
-744, 
-720, 
-700, 
-668, 
-656, 
-700, 
-708, 
-740, 
-748, 
-724, 
-740, 
-724, 
-736, 
-792, 
-768, 
-776, 
-768, 
-740, 
-748, 
-752, 
-776, 
-732, 
-692, 
-696, 
-732, 
-720, 
-752, 
-772, 
-704, 
-776, 
-756, 
-736, 
-708, 
-732, 
-768, 
-724, 
-736, 
-724, 
-720, 
-736, 
-728, 
-752, 
-756, 
-756, 
-760, 
-724, 
-752, 
-748, 
-764, 
-748, 
-740, 
-792, 
-768, 
-772, 
-784, 
-776, 
-720, 
-752, 
-784, 
-776, 
-712, 
-700, 
-736, 
-732, 
-760, 
-764, 
-724, 
-724, 
-708, 
-744, 
-740, 
-768, 
-716, 
-672, 
-700, 
-716, 
-748, 
-732, 
-760, 
-776, 
-748, 
-792, 
-760, 
-696, 
-756, 
-772, 
-752, 
-700, 
-760, 
-720, 
-764, 
-744, 
-712, 
-740, 
-716, 
-700, 
-724, 
-748, 
-704, 
-716, 
-740, 
-748, 
-744, 
-728, 
-732, 
-744, 
-680, 
-720, 
-740, 
-776, 
-736, 
-704, 
-736, 
-740, 
-764, 
-732, 
-748, 
-756, 
-744, 
-736, 
-752, 
-696, 
-760, 
-764, 
-752, 
-736, 
-744, 
-720, 
-792, 
-756, 
-752, 
-752, 
-752, 
-744, 
-784, 
-744, 
-740, 
-700, 
-752, 
-736, 
-720, 
-752, 
-748, 
-728, 
-708, 
-756, 
-780, 
-772, 
-736, 
-752, 
-792, 
-792, 
-760, 
-756, 
-744, 
-760, 
-780, 
-800, 
-768, 
-748, 
-768, 
-756, 
-756, 
-744, 
-736, 
-728, 
-760, 
-728, 
-752, 
-756, 
-760, 
-792, 
-772, 
-768, 
-776, 
-768, 
-784, 
-748, 
-760, 
-736, 
-752, 
-740, 
-752, 
-760, 
-724, 
-712, 
-752, 
-768, 
-752, 
-752, 
-764, 
-768, 
-756, 
-744, 
-760, 
-776, 
-744, 
-740, 
-712, 
-700, 
-660, 
-704, 
-680, 
-764, 
-732, 
-728, 
-744, 
-712, 
-720, 
-740, 
-724, 
-736, 
-764, 
-780, 
-748, 
-740, 
-680, 
-712, 
-784, 
-780, 
-760, 
-724, 
-744, 
-748, 
-772, 
-748, 
-736, 
-748, 
-764, 
-744, 
-708, 
-716, 
-728, 
-772, 
-784, 
-760, 
-748, 
-736, 
-768, 
-748, 
-776, 
-712, 
-716, 
-740, 
-792, 
-744, 
-736, 
-792, 
-752, 
-748, 
-732, 
-748, 
-736, 
-736, 
-772, 
-752, 
-724, 
-764, 
-768, 
-748, 
-728, 
-724, 
-728, 
-760, 
-768, 
-768, 
-764, 
-768, 
-736, 
-732, 
-740, 
-724, 
-764, 
-776, 
-768, 
-764, 
-792, 
-704, 
-736, 
-748, 
-748, 
-768, 
-780, 
-700, 
-744, 
-732, 
-748, 
-736, 
-776, 
-752, 
-752, 
-748, 
-768, 
-760, 
-768, 
-712, 
-704, 
-740, 
-768, 
-744, 
-756, 
-736, 
-764, 
-752, 
-760, 
-780, 
-720, 
-724, 
-768, 
-772, 
-732, 
-716, 
-712, 
-756, 
-764, 
-736, 
-772, 
-760, 
-748, 
-760, 
-736, 
-764, 
-708, 
-792, 
-744, 
-732, 
-764, 
-724, 
-748, 
-728, 
-732, 
-768, 
-724, 
-768, 
-740, 
-748, 
-728, 
-704, 
-760, 
-772, 
-716, 
-720, 
-700, 
-692, 
-716, 
-768, 
-772, 
-768, 
-732, 
-716, 
-736, 
-752, 
-720, 
-760, 
-752, 
-748, 
-732, 
-708, 
-724, 
-736, 
-732, 
-792, 
-736, 
-768, 
-756, 
-732, 
-676, 
-720, 
-744, 
-752, 
-760, 
-732, 
-692, 
-744, 
-764, 
-772, 
-756, 
-736, 
-724, 
-752, 
-736, 
-744, 
-764, 
-736, 
-752, 
-752, 
-756, 
-764, 
-760, 
-732, 
-764, 
-748, 
-760, 
-736, 
-764, 
-776, 
-768, 
-776, 
-768, 
-792, 
-756, 
-740, 
-720, 
-720, 
-672, 
-732, 
-760, 
-748, 
-724, 
-728, 
-740, 
-724, 
-736, 
-724, 
-724, 
-780, 
-756, 
-752, 
-728, 
-700, 
-692, 
-732, 
-724, 
-748, 
-732, 
-736, 
-752, 
-728, 
-716, 
-700, 
-712, 
-712, 
-716, 
-728, 
-724, 
-736, 
-728, 
-704, 
-732, 
-780, 
-784, 
-784, 
-784, 
-744, 
-724, 
-756, 
-752, 
-724, 
-764, 
-740, 
-764, 
-764, 
-752, 
-720, 
-772, 
-752, 
-772, 
-696, 
-700, 
-704, 
-732, 
-728, 
-756, 
-756, 
-688, 
-708, 
-712, 
-768, 
-736, 
-764, 
-748, 
-728, 
-720, 
-748, 
-744, 
-764, 
-744, 
-724, 
-776, 
-732, 
-792, 
-724, 
-708, 
-716, 
-740, 
-752, 
-752, 
-712, 
-704, 
-760, 
-728, 
-700, 
-708, 
-708, 
-776, 
-684, 
-716, 
-748, 
-752, 
-732, 
-768, 
-752, 
-744, 
-724, 
-740, 
-716, 
-732, 
-792, 
-732, 
-704, 
-704, 
-776, 
-748, 
-748, 
-728, 
-748, 
-756, 
-748, 
-772, 
-752, 
-756, 
-724, 
-756, 
-732, 
-716, 
-752, 
-760, 
-736, 
-732, 
-744, 
-760, 
-764, 
-716, 
-752, 
-772, 
-756, 
-696, 
-700, 
-784, 
-756, 
-760, 
-776, 
-760, 
-736, 
-672, 
-744, 
-764, 
-772, 
-800, 
-776, 
-748, 
-760, 
-760, 
-760, 
-692, 
-756, 
-724, 
-752, 
-752, 
-760, 
-768, 
-768, 
-760, 
-752, 
-740, 
-744, 
-756, 
-760, 
-760, 
-772, 
-792, 
-780, 
-736, 
-708, 
-756, 
-740, 
-712, 
-764, 
-760, 
-760, 
-744, 
-748, 
-756, 
-764, 
-784, 
-780, 
-756, 
-760, 
-716, 
-716, 
-720, 
-768, 
-756, 
-760, 
-740, 
-736, 
-768, 
-760, 
-732, 
-728, 
-684, 
-744, 
-728, 
-740, 
-724, 
-776, 
-764, 
-732, 
-756, 
-740, 
-768, 
-784, 
-720, 
-736, 
-748, 
-784, 
-780, 
-760, 
-772, 
-740, 
-752, 
-752, 
-748, 
-752, 
-760, 
-764, 
-776, 
-740, 
-744, 
-756, 
-744, 
-756, 
-708, 
-748, 
-744, 
-728, 
-740, 
-732, 
-740, 
-756, 
-776, 
-756, 
-760, 
-784, 
-760, 
-740, 
-748, 
-752, 
-752, 
-740, 
-760, 
-744, 
-744, 
-716, 
-760, 
-776, 
-740, 
-700, 
-708, 
-712, 
-736, 
-760, 
-768, 
-748, 
-748, 
-748, 
-740, 
-712, 
-780, 
-748, 
-784, 
-800, 
-724, 
-700, 
-720, 
-728, 
-716, 
-776, 
-728, 
-708, 
-704, 
-736, 
-756, 
-740, 
-724, 
-724, 
-724, 
-756, 
-776, 
-736, 
-728, 
-736, 
-728, 
-760, 
-748, 
-768, 
-756, 
-756, 
-740, 
-748, 
-712, 
-732, 
-784, 
-728, 
-776, 
-772, 
-772, 
-756, 
-748, 
-776, 
-724, 
-748, 
-728, 
-760, 
-752, 
-692, 
-776, 
-744, 
-720, 
-708, 
-740, 
-720, 
-748, 
-776, 
-776, 
-768, 
-764, 
-764, 
-728, 
-724, 
-712, 
-728, 
-756, 
-716, 
-724, 
-748, 
-712, 
-724, 
-740, 
-724, 
-752, 
-776, 
-784, 
-756, 
-740, 
-748, 
-716, 
-728, 
-748, 
-752, 
-732, 
-776, 
-748, 
-740, 
-768, 
-792, 
-740, 
-764, 
-756, 
-760, 
-724, 
-732, 
-724, 
-720, 
-744, 
-736, 
-724, 
-748, 
-748, 
-712, 
-744, 
-756, 
-752, 
-752, 
-736, 
-764, 
-760, 
-760, 
-724, 
-692, 
-752, 
-756, 
-784, 
-732, 
-704, 
-720, 
-756, 
-700, 
-704, 
-732, 
-736, 
-752, 
-756, 
-772, 
-772, 
-740, 
-756, 
-744, 
-752, 
-680, 
-712, 
-720, 
-716, 
-764, 
-764, 
-728, 
-760, 
-760, 
-760, 
-720, 
-732, 
-712, 
-704, 
-752, 
-716, 
-712, 
-768, 
-732, 
-756, 
-740, 
-752, 
-744, 
-724, 
-776, 
-728, 
-768, 
-748, 
-744, 
-728, 
-776, 
-756, 
-736, 
-776, 
-752, 
-764, 
-772, 
-752, 
-756, 
-736, 
-764, 
-724, 
-692, 
-732, 
-708, 
-732, 
-708, 
-720, 
-740, 
-720, 
-768, 
-768, 
-776, 
-756, 
-760, 
-712, 
-732, 
-776, 
-756, 
-728, 
-704, 
-744, 
-720, 
-740, 
-740, 
-724, 
-764, 
-752, 
-752, 
-708, 
-732, 
-736, 
-748, 
-752, 
-740, 
-724, 
-716, 
-708, 
-732, 
-732, 
-764, 
-768, 
-732, 
-700, 
-768, 
-716, 
-760, 
-756, 
-780, 
-768, 
-752, 
-752, 
-760, 
-744, 
-760, 
-780, 
-764, 
-752, 
-764, 
-756, 
-736, 
-748, 
-732, 
-792, 
-760, 
-756, 
-728, 
-748, 
-700, 
-748, 
-784, 
-744, 
-740, 
-732, 
-764, 
-732, 
-748, 
