-748, 
-452, 
-420, 
-448, 
-464, 
-456, 
-480, 
-428, 
-488, 
-648, 
-524, 
-484, 
-528, 
-448, 
-604, 
-480, 
-452, 
-424, 
-532, 
-528, 
-600, 
-512, 
-504, 
-484, 
-500, 
-448, 
-468, 
-452, 
-496, 
-428, 
-400, 
-472, 
-476, 
-488, 
-412, 
-504, 
-516, 
-488, 
-540, 
-508, 
-604, 
-536, 
-444, 
-492, 
-508, 
-432, 
-468, 
-548, 
-516, 
-436, 
-524, 
-452, 
-440, 
-524, 
-572, 
-488, 
-516, 
-432, 
-452, 
-524, 
-472, 
-476, 
-500, 
-500, 
-516, 
-464, 
-436, 
-520, 
-536, 
-508, 
-464, 
-512, 
-476, 
-544, 
-484, 
-392, 
-536, 
-536, 
-536, 
-436, 
-640, 
-420, 
-500, 
-456, 
-548, 
-496, 
-440, 
-420, 
-504, 
-452, 
-532, 
-372, 
-536, 
-472, 
-472, 
-496, 
-628, 
-448, 
-448, 
-496, 
-536, 
