94, 
94, 
132, 
142, 
82, 
62, 
76, 
122, 
122, 
106, 
110, 
110, 
106, 
170, 
168, 
184, 
250, 
272, 
312, 
314, 
324, 
348, 
360, 
370, 
356, 
352, 
368, 
370, 
336, 
366, 
378, 
382, 
360, 
362, 
368, 
370, 
366, 
370, 
352, 
348, 
364, 
336, 
288, 
268, 
314, 
306, 
360, 
376, 
372, 
378, 
380, 
364, 
362, 
358, 
326, 
338, 
352, 
344, 
350, 
360, 
362, 
352, 
386, 
362, 
334, 
334, 
340, 
342, 
342, 
364, 
362, 
352, 
340, 
364, 
378, 
348, 
372, 
358, 
364, 
360, 
362, 
366, 
362, 
360, 
362, 
348, 
350, 
344, 
338, 
372, 
370, 
352, 
372, 
380, 
364, 
362, 
342, 
344, 
374, 
368, 
376, 
364, 
364, 
354, 
330, 
338, 
314, 
340, 
362, 
356, 
326, 
342, 
356, 
340, 
332, 
358, 
364, 
350, 
352, 
362, 
356, 
364, 
372, 
370, 
364, 
370, 
362, 
376, 
362, 
358, 
356, 
348, 
352, 
368, 
378, 
372, 
388, 
384, 
380, 
358, 
346, 
378, 
360, 
368, 
356, 
350, 
360, 
342, 
334, 
364, 
372, 
366, 
364, 
368, 
362, 
370, 
382, 
376, 
350, 
340, 
330, 
380, 
352, 
360, 
348, 
378, 
370, 
342, 
376, 
380, 
366, 
358, 
372, 
370, 
364, 
338, 
348, 
368, 
376, 
344, 
348, 
328, 
350, 
352, 
340, 
348, 
342, 
324, 
322, 
358, 
360, 
378, 
346, 
348, 
340, 
306, 
314, 
356, 
360, 
356, 
328, 
318, 
280, 
238, 
264, 
232, 
268, 
306, 
344, 
338, 
334, 
358, 
358, 
356, 
362, 
372, 
364, 
328, 
344, 
362, 
352, 
366, 
366, 
344, 
348, 
350, 
322, 
332, 
354, 
360, 
352, 
364, 
364, 
386, 
380, 
352, 
356, 
356, 
366, 
350, 
342, 
376, 
378, 
366, 
348, 
346, 
346, 
344, 
324, 
342, 
346, 
328, 
352, 
342, 
286, 
290, 
312, 
288, 
298, 
312, 
314, 
290, 
290, 
352, 
342, 
352, 
354, 
334, 
334, 
342, 
354, 
330, 
332, 
340, 
350, 
358, 
330, 
348, 
346, 
360, 
360, 
358, 
362, 
354, 
362, 
352, 
344, 
362, 
352, 
364, 
364, 
356, 
326, 
362, 
350, 
342, 
368, 
370, 
352, 
358, 
354, 
350, 
340, 
364, 
372, 
354, 
352, 
342, 
354, 
372, 
358, 
366, 
376, 
380, 
388, 
344, 
360, 
362, 
366, 
352, 
328, 
338, 
370, 
360, 
368, 
344, 
346, 
332, 
342, 
360, 
352, 
340, 
352, 
360, 
370, 
362, 
358, 
362, 
360, 
370, 
362, 
370, 
352, 
342, 
360, 
314, 
316, 
294, 
334, 
366, 
378, 
354, 
360, 
368, 
368, 
374, 
372, 
378, 
348, 
350, 
344, 
344, 
348, 
346, 
358, 
322, 
334, 
318, 
266, 
274, 
258, 
314, 
364, 
390, 
366, 
342, 
348, 
366, 
352, 
350, 
326, 
316, 
326, 
300, 
350, 
350, 
376, 
374, 
354, 
342, 
338, 
358, 
368, 
376, 
346, 
354, 
338, 
364, 
362, 
382, 
376, 
364, 
368, 
362, 
364, 
376, 
382, 
380, 
374, 
366, 
348, 
366, 
368, 
352, 
344, 
346, 
324, 
310, 
320, 
338, 
350, 
346, 
336, 
342, 
374, 
350, 
366, 
362, 
358, 
352, 
346, 
336, 
330, 
330, 
350, 
362, 
340, 
312, 
368, 
336, 
348, 
312, 
312, 
322, 
312, 
354, 
348, 
330, 
316, 
304, 
310, 
306, 
286, 
362, 
364, 
368, 
366, 
348, 
330, 
370, 
356, 
370, 
352, 
360, 
340, 
358, 
338, 
344, 
336, 
340, 
334, 
282, 
332, 
332, 
336, 
340, 
344, 
372, 
372, 
370, 
382, 
382, 
354, 
382, 
382, 
374, 
332, 
348, 
352, 
370, 
352, 
340, 
348, 
366, 
370, 
378, 
360, 
382, 
368, 
362, 
382, 
386, 
388, 
350, 
360, 
374, 
368, 
364, 
372, 
374, 
354, 
358, 
342, 
334, 
338, 
364, 
374, 
360, 
352, 
356, 
346, 
354, 
312, 
348, 
350, 
342, 
366, 
350, 
320, 
336, 
342, 
346, 
374, 
348, 
352, 
338, 
346, 
350, 
318, 
352, 
374, 
362, 
376, 
356, 
324, 
338, 
338, 
322, 
334, 
330, 
338, 
364, 
374, 
370, 
378, 
372, 
356, 
326, 
334, 
344, 
368, 
342, 
350, 
346, 
360, 
344, 
306, 
320, 
352, 
352, 
368, 
360, 
386, 
360, 
336, 
344, 
330, 
352, 
374, 
356, 
356, 
376, 
360, 
382, 
388, 
350, 
328, 
358, 
342, 
368, 
364, 
356, 
346, 
318, 
334, 
350, 
330, 
320, 
336, 
318, 
308, 
344, 
338, 
306, 
308, 
358, 
366, 
342, 
348, 
342, 
356, 
372, 
382, 
378, 
358, 
360, 
376, 
380, 
346, 
342, 
304, 
342, 
318, 
352, 
376, 
376, 
356, 
360, 
354, 
372, 
372, 
378, 
384, 
378, 
358, 
372, 
368, 
366, 
372, 
362, 
364, 
370, 
358, 
366, 
360, 
346, 
350, 
358, 
384, 
358, 
366, 
350, 
386, 
368, 
364, 
366, 
322, 
334, 
334, 
338, 
340, 
356, 
348, 
356, 
360, 
362, 
362, 
350, 
378, 
380, 
368, 
344, 
344, 
342, 
338, 
340, 
342, 
322, 
362, 
342, 
338, 
336, 
326, 
336, 
372, 
376, 
374, 
364, 
354, 
364, 
382, 
348, 
364, 
350, 
370, 
362, 
358, 
362, 
364, 
334, 
342, 
334, 
350, 
374, 
364, 
330, 
322, 
324, 
334, 
334, 
346, 
368, 
350, 
332, 
346, 
344, 
366, 
370, 
356, 
356, 
376, 
350, 
356, 
360, 
370, 
364, 
368, 
360, 
358, 
368, 
350, 
378, 
368, 
376, 
372, 
370, 
356, 
350, 
354, 
360, 
330, 
310, 
316, 
332, 
350, 
354, 
368, 
378, 
364, 
350, 
358, 
380, 
376, 
362, 
364, 
348, 
344, 
352, 
348, 
366, 
334, 
368, 
358, 
348, 
336, 
346, 
352, 
316, 
300, 
326, 
330, 
360, 
346, 
334, 
352, 
352, 
372, 
386, 
366, 
346, 
314, 
348, 
376, 
348, 
360, 
346, 
346, 
354, 
340, 
320, 
354, 
356, 
350, 
354, 
362, 
378, 
368, 
364, 
366, 
384, 
372, 
370, 
354, 
366, 
346, 
364, 
356, 
348, 
360, 
316, 
356, 
342, 
344, 
370, 
360, 
356, 
358, 
342, 
332, 
334, 
326, 
328, 
320, 
334, 
314, 
350, 
356, 
360, 
362, 
358, 
370, 
348, 
376, 
368, 
382, 
354, 
336, 
344, 
358, 
376, 
378, 
368, 
362, 
368, 
374, 
372, 
354, 
358, 
372, 
374, 
358, 
358, 
380, 
378, 
362, 
346, 
366, 
346, 
324, 
328, 
310, 
330, 
336, 
340, 
360, 
362, 
356, 
346, 
354, 
352, 
370, 
362, 
314, 
344, 
368, 
370, 
344, 
324, 
322, 
358, 
336, 
352, 
302, 
304, 
300, 
328, 
276, 
286, 
254, 
246, 
246, 
248, 
268, 
290, 
262, 
268, 
354, 
342, 
360, 
392, 
376, 
352, 
362, 
350, 
328, 
332, 
340, 
352, 
358, 
382, 
382, 
344, 
340, 
346, 
332, 
330, 
296, 
316, 
352, 
358, 
340, 
324, 
340, 
330, 
372, 
366, 
372, 
370, 
348, 
346, 
298, 
344, 
358, 
336, 
340, 
352, 
350, 
344, 
362, 
368, 
360, 
342, 
352, 
338, 
360, 
386, 
370, 
376, 
372, 
358, 
344, 
306, 
294, 
290, 
344, 
350, 
382, 
358, 
372, 
356, 
386, 
358, 
334, 
340, 
352, 
294, 
308, 
348, 
354, 
374, 
384, 
372, 
354, 
362, 
362, 
358, 
372, 
376, 
376, 
354, 
354, 
364, 
370, 
372, 
374, 
372, 
354, 
362, 
358, 
374, 
366, 
352, 
346, 
360, 
362, 
340, 
364, 
358, 
370, 
356, 
354, 
