inf, 
189.42, 
138.59, 
116.187, 
125.465, 
127.532, 
122.657, 
120.6, 
130.13, 
143.138, 
154.684, 
159.125, 
157.862, 
157.925, 
151.17, 
151.396, 
149.665, 
152.944, 
153.709, 
156.646, 
161.162, 
165.427, 
170.662, 
173.329, 
172.899, 
171.076, 
168.322, 
166.196, 
164.251, 
160.306, 
159.164, 
158.376, 
162.243, 
166.055, 
169.154, 
172.889, 
173.844, 
174.091, 
171.754, 
173.347, 
174.996, 
176.376, 
178.871, 
177.328, 
175.274, 
172.979, 
170.311, 
169.716, 
170.79, 
171.573, 
174.086, 
174.96, 
176.06, 
177.322, 
179.378, 
181.606, 
180.477, 
179.055, 
179.691, 
179.057, 
179.723, 
177.596, 
175.657, 
176.609, 
175.033, 
176.158, 
177.713, 
177.909, 
177.121, 
177.503, 
177.487, 
175.987, 
174.336, 
172.416, 
171.253, 
170.409, 
169.063, 
168.5, 
167.502, 
168.556, 
169.995, 
170.843, 
171.541, 
171.63, 
171.954, 
172.708, 
173.354, 
172.586, 
171.559, 
172.016, 
173.288, 
173.903, 
173.65, 
172.64, 
171.964, 
172.043, 
171.263, 
171.89, 
172.705, 
172.702, 
172.935, 
173.056, 
174.205, 
175.038, 
174.07, 
173.247, 
172.528, 
173.084, 
174.022, 
174.048, 
174.868, 
175.265, 
174.886, 
175.845, 
175.465, 
174.39, 
173.586, 
174.115, 
173.781, 
173.62, 
174.199, 
174.219, 
174.767, 
173.829, 
173.675, 
172.813, 
171.959, 
171.224, 
170.626, 
169.872, 
169.146, 
169.973, 
170.355, 
170.484, 
170.317, 
169.752, 
169.49, 
169.521, 
168.759, 
168.583, 
169.155, 
169.202, 
169.767, 
170.379, 
170.416, 
170.325, 
170.792, 
170.429, 
170.041, 
169.708, 
169.081, 
169.586, 
170.196, 
171.143, 
171.391, 
171.555, 
172.034, 
172.66, 
173.149, 
172.726, 
173.139, 
172.979, 
172.572, 
172.796, 
173.286, 
172.564, 
172.42, 
171.787, 
172.173, 
172.269, 
172.799, 
172.703, 
172.137, 
172.259, 
172.033, 
172.234, 
172.378, 
172.461, 
171.752, 
171.772, 
172.044, 
172.033, 
172.082, 
171.723, 
171.55, 
171.04, 
171.469, 
171.303, 
171.04, 
171.464, 
171.258, 
171.306, 
170.622, 
170.856, 
170.89, 
170.766, 
170.848, 
170.358, 
169.707, 
169.814, 
169.372, 
169.62, 
170.049, 
169.544, 
169.257, 
169.727, 
170.073, 
170.039, 
170.348, 
170.564, 
171.122, 
171.378, 
171.545, 
171.931, 
171.883, 
171.954, 
172.32, 
172.545, 
172.668, 
172.962, 
173.183, 
173.609, 
174.123, 
174.568, 
174.856, 
174.896, 
174.974, 
174.91, 
175.285, 
175.706, 
175.727, 
175.449, 
175.581, 
175.565, 
175.518, 
175.739, 
175.958, 
175.746, 
175.349, 
175.135, 
175.241, 
175.645, 
175.883, 
176.247, 
176.372, 
176.782, 
177.111, 
176.875, 
176.828, 
176.763, 
176.481, 
176.144, 
176.011, 
176.253, 
176.369, 
176.351, 
176.222, 
175.826, 
175.762, 
175.728, 
175.447, 
175.465, 
175.853, 
175.662, 
175.345, 
175.4, 
175.409, 
175.479, 
175.117, 
174.989, 
174.615, 
174.374, 
174.405, 
174.465, 
174.569, 
174.499, 
174.286, 
174.174, 
174.073, 
174.197, 
174.38, 
174.651, 
174.74, 
174.964, 
175.114, 
174.99, 
175.142, 
175.232, 
175.463, 
175.735, 
175.412, 
175.364, 
175.314, 
175.461, 
175.216, 
174.773, 
174.463, 
174.307, 
174.343, 
174.663, 
174.949, 
174.919, 
175.206, 
175.312, 
175.393, 
175.279, 
174.915, 
174.776, 
174.452, 
174.42, 
174.207, 
173.947, 
173.598, 
173.76, 
174.069, 
173.825, 
173.522, 
173.559, 
173.57, 
173.661, 
173.269, 
173.44, 
173.754, 
173.732, 
173.6, 
173.735, 
174.018, 
174.041, 
173.666, 
173.366, 
173.155, 
173.308, 
173.616, 
173.775, 
173.788, 
174.053, 
174.344, 
174.443, 
174.835, 
175.042, 
175.232, 
175.465, 
175.601, 
175.233, 
175.077, 
175.198, 
175.088, 
175.111, 
175.36, 
175.586, 
175.766, 
176.01, 
175.774, 
175.65, 
175.616, 
175.542, 
175.275, 
175.025, 
174.8, 
174.863, 
175.045, 
175.301, 
175.537, 
175.553, 
175.703, 
175.589, 
175.342, 
175.439, 
175.388, 
175.15, 
175.095, 
174.848, 
175.044, 
175.353, 
175.438, 
175.209, 
175.273, 
175.056, 
174.944, 
174.765, 
175.069, 
175.252, 
175.097, 
175.102, 
175.287, 
175.316, 
175.381, 
175.173, 
175.016, 
175.255, 
175.319, 
175.173, 
175.023, 
174.679, 
174.389, 
174.096, 
174.174, 
173.931, 
173.645, 
173.567, 
173.561, 
173.502, 
173.361, 
173.556, 
173.822, 
173.818, 
173.756, 
173.556, 
173.433, 
173.586, 
173.597, 
173.854, 
173.957, 
174.172, 
174.367, 
174.345, 
174.495, 
174.548, 
174.45, 
174.201, 
174.029, 
174.176, 
174.328, 
174.526, 
174.63, 
174.774, 
174.694, 
174.667, 
174.821, 
174.85, 
175.087, 
175.248, 
174.986, 
174.806, 
174.928, 
175.02, 
175.093, 
175.136, 
175.317, 
175.414, 
175.508, 
175.565, 
175.527, 
175.77, 
176.016, 
176.236, 
176.453, 
176.592, 
176.411, 
176.281, 
176.401, 
176.659, 
176.886, 
176.829, 
176.959, 
176.751, 
176.437, 
176.294, 
176.119, 
176.29, 
176.428, 
176.372, 
176.47, 
176.477, 
176.678, 
176.82, 
176.928, 
176.709, 
176.671, 
176.865, 
176.772, 
176.762, 
176.961, 
177.082, 
177.222, 
177.182, 
177.133, 
177.038, 
176.858, 
176.857, 
176.743, 
176.903, 
176.989, 
177.084, 
177.34, 
177.268, 
177.184, 
177.119, 
177.068, 
177.193, 
177.314, 
177.437, 
177.545, 
177.695, 
177.752, 
177.755, 
177.544, 
177.489, 
177.694, 
177.805, 
177.787, 
177.789, 
177.71, 
177.578, 
177.468, 
177.252, 
177.05, 
177.071, 
177.253, 
177.218, 
177.365, 
177.274, 
177.468, 
177.622, 
177.684, 
177.782, 
177.986, 
177.981, 
177.827, 
177.766, 
177.844, 
178.039, 
178.055, 
177.908, 
177.934, 
177.884, 
177.781, 
177.638, 
177.624, 
177.792, 
177.88, 
177.73, 
177.732, 
177.755, 
177.875, 
177.77, 
177.826, 
177.994, 
177.807, 
177.841, 
177.908, 
177.943, 
177.753, 
177.843, 
178.026, 
177.983, 
178.092, 
178.197, 
178.199, 
178.32, 
178.272, 
178.31, 
178.318, 
178.274, 
178.361, 
178.547, 
178.678, 
178.588, 
178.611, 
178.724, 
178.901, 
178.965, 
178.98, 
179.076, 
179.06, 
178.929, 
178.821, 
178.885, 
178.842, 
178.884, 
178.985, 
178.877, 
178.699, 
178.603, 
178.547, 
178.604, 
178.764, 
178.698, 
178.631, 
178.857, 
178.869, 
179.041, 
179.036, 
179.202, 
179.348, 
179.366, 
179.216, 
179.332, 
179.404, 
179.249, 
179.198, 
179.285, 
179.392, 
179.565, 
179.699, 
179.823, 
180.01, 
179.913, 
179.731, 
179.735, 
179.58, 
179.468, 
179.252, 
179.041, 
178.836, 
178.684, 
178.53, 
178.557, 
178.577, 
178.65, 
178.477, 
178.27, 
178.093, 
177.973, 
177.911, 
177.854, 
177.893, 
178.057, 
178.182, 
178.188, 
178.216, 
178.326, 
178.47, 
178.573, 
178.655, 
178.753, 
178.853, 
178.841, 
178.747, 
178.789, 
178.942, 
179.087, 
178.99, 
178.838, 
178.755, 
178.759, 
178.566, 
178.589, 
178.652, 
178.787, 
178.903, 
178.739, 
178.657, 
178.677, 
178.824, 
178.821, 
178.838, 
178.692, 
178.539, 
178.388, 
178.209, 
178.048, 
178.056, 
178.025, 
178.062, 
177.928, 
177.726, 
177.561, 
177.379, 
177.461, 
177.459, 
177.574, 
177.425, 
177.306, 
177.259, 
177.291, 
177.272, 
177.189, 
177.027, 
177.099, 
177.157, 
177.084, 
177.16, 
177.206, 
177.069, 
177.126, 
177.071, 
177.076, 
177.164, 
177.223, 
177.051, 
177.015, 
177.095, 
177.188, 
177.27, 
177.45, 
177.574, 
177.685, 
177.617, 
177.526, 
177.367, 
177.303, 
177.435, 
177.591, 
177.731, 
177.841, 
177.98, 
178.118, 
178.173, 
178.276, 
178.387, 
178.519, 
178.624, 
178.699, 
178.77, 
178.813, 
178.678, 
178.627, 
178.556, 
178.583, 
178.554, 
178.405, 
178.196, 
178.08, 
178.201, 
178.286, 
178.375, 
178.493, 
178.527, 
178.609, 
178.608, 
178.469, 
178.355, 
178.249, 
178.179, 
178.153, 
178.159, 
178.226, 
178.343, 
178.359, 
178.491, 
178.621, 
178.752, 
178.889, 
179.05, 
179.126, 
179.23, 
179.176, 
179.323, 
179.304, 
179.183, 
179.087, 
179.082, 
179.011, 
179.061, 
179.04, 
179.155, 
179.274, 
179.385, 
179.464, 
179.532, 
179.572, 
179.509, 
179.485, 
179.519, 
179.618, 
179.645, 
179.568, 
179.51, 
179.599, 
179.696, 
179.766, 
179.811, 
179.632, 
179.54, 
179.442, 
179.387, 
179.472, 
179.467, 
179.469, 
179.289, 
179.326, 
179.444, 
179.559, 
179.684, 
179.806, 
179.839, 
179.908, 
179.792, 
179.686, 
179.803, 
179.939, 
180.011, 
180.086, 
180.179, 
180.237, 
180.126, 
179.949, 
179.867, 
179.884, 
179.913, 
179.764, 
179.615, 
179.48, 
179.528, 
179.62, 
179.553, 
179.56, 
179.435, 
179.315, 
179.346, 
179.445, 
179.494, 
179.472, 
179.527, 
179.583, 
179.63, 
179.664, 
179.703, 
179.779, 
179.732, 
179.835, 
179.967, 
179.962, 
179.977, 
179.94, 
179.89, 
179.92, 
179.786, 
179.678, 
179.631, 
179.599, 
179.539, 
179.669, 
179.661, 
179.671, 
179.751, 
179.739, 
179.736, 
179.663, 
179.768, 
179.851, 
179.825, 
179.708, 
179.618, 
179.657, 
179.738, 
179.566, 
179.519, 
179.599, 
179.553, 
179.471, 
179.45, 
179.474, 
179.436, 
179.556, 
179.648, 
179.702, 
179.618, 
179.697, 
179.646, 
179.619, 
179.529, 
179.595, 
179.52, 
179.444, 
179.354, 
179.299, 
179.195, 
179.188, 
179.136, 
179.058, 
179.175, 
179.301, 
179.337, 
179.25, 
179.138, 
179.221, 
179.333, 
179.326, 
179.197, 
179.147, 
179.207, 
179.29, 
179.287, 
179.248, 
179.316, 
179.381, 
179.444, 
179.486, 
179.352, 
179.213, 
179.133, 
179.04, 
179.012, 
178.92, 
178.797, 
178.843, 
178.878, 
179, 
178.931, 
178.994, 
179.025, 
179.06, 
179.013, 
178.902, 
178.955, 
179.079, 
179.047, 
178.933, 
178.865, 
178.721, 
178.636, 
178.539, 
178.628, 
178.725, 
178.757, 
178.679, 
178.706, 
178.643, 
178.518, 
178.631, 
178.726, 
178.713, 
178.765, 
178.803, 
178.844, 
178.852, 
178.859, 
178.826, 
178.706, 
178.754, 
178.839, 
178.846, 
178.841, 
178.89, 
178.984, 
179.068, 
179.006, 
179.06, 
179.053, 
178.942, 
178.878, 
178.901, 
178.997, 
179.067, 
179.163, 
179.225, 
179.183, 
179.106, 
178.97, 
178.894, 
178.813, 
178.887, 
178.922, 
179.004, 
179.111, 
179.207, 
179.177, 
179.057, 
179.052, 
179.019, 
178.878, 
178.88, 
178.924, 
179.022, 
179.078, 
179.04, 
179.111, 
179.204, 
179.239, 
179.304, 
179.384, 
179.343, 
179.293, 
179.176, 
179.063, 
178.971, 
178.928, 
178.793, 
178.65, 
178.68, 
178.778, 
178.718, 
178.662, 
178.733, 
178.714, 
178.729, 
178.724, 
178.725, 
178.826, 
178.862, 
178.925, 
178.896, 
178.813, 
178.835, 
178.793, 
178.688, 
178.623, 
178.681, 
178.664, 
178.787, 
178.877, 
178.895, 
178.904, 
178.955, 
179.008, 
179.104, 
179.046, 
179.005, 
179.019, 
178.983, 
179.051, 
179.154, 
179.245, 
179.137, 
179.004, 
178.875, 
178.818, 
178.834, 
178.81, 
178.865, 
178.893, 
178.962, 
178.928, 
178.868, 
178.916, 
178.968, 
178.964, 
179.007, 
179.098, 
179.12, 
179.04, 
178.933, 
178.815, 
178.69, 
178.652, 
178.726, 
178.651, 
178.619, 
178.569, 
178.468, 
178.438, 
178.439, 
178.544, 
178.618, 
178.631, 
178.717, 
178.626, 
178.644, 
178.746, 
178.819, 
178.918, 
178.923, 
178.948, 
179.049, 
179.091, 
179.001, 
178.925, 
178.904, 
178.807, 
178.847, 
178.837, 
178.866, 
178.974, 
179.038, 
179.002, 
178.976, 
178.835, 
178.717, 
178.761, 
178.816, 
178.926, 
178.97, 
178.96, 
179.04, 
179.14, 
179.231, 
179.187, 
179.197, 
179.154, 
179.204, 
179.255, 
179.341, 
179.441, 
179.424, 
179.387, 
179.429, 
179.365, 
179.38, 
179.282, 
179.293, 
179.381, 
179.499, 
179.539, 
179.469, 
179.505, 
179.433, 
179.338, 
179.257, 
179.21, 
179.295, 
179.392, 
179.459, 
179.544, 
179.568, 
179.52, 
179.46, 
179.338, 
179.294, 
179.343, 
179.346, 
179.382, 
179.3, 
179.292, 
179.354, 
179.321, 
179.241, 
179.199, 
179.252, 
179.209, 
179.211, 
179.245, 
179.335, 
179.361, 
179.335, 
179.303, 
179.282, 
179.271, 
179.336, 
179.43, 
179.462, 
179.428, 
179.412, 
179.325, 
179.266, 
179.252, 
179.22, 
179.293, 
179.301, 
179.261, 
179.298, 
179.381, 
179.405, 
179.436, 
179.491, 
179.508, 
179.573, 
179.639, 
179.685, 
179.676, 
179.671, 
179.758, 
179.709, 
179.638, 
179.592, 
179.486, 
179.373, 
179.261, 
179.26, 
179.161, 
179.06, 
179.121, 
179.149, 
179.224, 
179.305, 
179.25, 
179.161, 
179.147, 
179.14, 
179.197, 
179.246, 
179.338, 
179.276, 
179.212, 
179.237, 
179.297, 
179.369, 
179.339, 
179.437, 
179.48, 
179.393, 
179.288, 
179.271, 
179.282, 
179.214, 
179.116, 
179.052, 
179.01, 
178.919, 
178.969, 
179.023, 
179.087, 
179.165, 
179.238, 
179.337, 
179.407, 
179.43, 
179.516, 
179.598, 
179.617, 
179.655, 
179.668, 
179.753, 
179.832, 
179.87, 
179.868, 
179.899, 
179.914, 
179.829, 
179.773, 
179.71, 
179.7, 
179.757, 
179.816, 
179.704, 
179.622, 
179.636, 
179.658, 
179.595, 
179.581, 
179.576, 
179.487, 
179.411, 
179.46, 
179.428, 
179.402, 
179.464, 
179.513, 
179.497, 
179.405, 
179.423, 
179.444, 
179.492, 
179.542, 
179.57, 
179.572, 
179.626, 
179.674, 
179.707, 
179.709, 
179.723, 
179.652, 
179.636, 
179.594, 
179.592, 
179.651, 
179.62, 
179.66, 
179.753, 
179.857, 
179.935, 
179.987, 
180.057, 
180.138, 
180.209, 
180.253, 
180.173, 
180.173, 
180.183, 
180.198, 
180.254, 
180.245, 
180.188, 
180.086, 
180.055, 
180.036, 
179.961, 
179.996, 
180.068, 
180.021, 
180.11, 
180.089, 
180.076, 
180.156, 
180.137, 
180.044, 
180.017, 
180.067, 
180.137, 
180.124, 
180.185, 
180.223, 
180.283, 
180.362, 
180.405, 
180.393, 
180.425, 
180.342, 
180.33, 
180.268, 
180.246, 
180.164, 
180.168, 
180.101, 
180.068, 
180.074, 
179.997, 
179.923, 
179.833, 
179.792, 
179.852, 
179.856, 
179.858, 
179.839, 
179.741, 
179.759, 
179.809, 
179.868, 
179.907, 
179.971, 
179.944, 
179.871, 
179.84, 
179.885, 
179.822, 
179.734, 
179.667, 
179.564, 
179.551, 
179.571, 
179.544, 
179.483, 
179.452, 
179.423, 
179.502, 
179.563, 
179.636, 
179.633, 
179.566, 
179.494, 
179.505, 
179.525, 
179.589, 
179.651, 
179.621, 
179.645, 
179.692, 
179.681, 
179.741, 
179.729, 
179.732, 
179.657, 
179.569, 
179.532, 
179.467, 
179.483, 
179.395, 
179.299, 
179.238, 
179.29, 
179.288, 
179.272, 
179.252, 
179.249, 
179.236, 
179.287, 
179.306, 
179.357, 
179.426, 
179.481, 
179.564, 
179.514, 
179.477, 
179.427, 
179.353, 
179.375, 
179.378, 
179.416, 
179.466, 
179.463, 
179.412, 
179.366, 
179.374, 
179.437, 
179.453, 
179.385, 
179.46, 
179.504, 
179.436, 
179.471, 
179.542, 
179.606, 
179.54, 
179.475, 
179.528, 
179.586, 
179.665, 
179.702, 
179.648, 
179.616, 
179.576, 
179.508, 
179.508, 
179.53, 
179.625, 
179.679, 
179.754, 
179.823, 
179.907, 
179.927, 
179.919, 
179.825, 
179.723, 
179.735, 
179.734, 
179.654, 
179.636, 
179.656, 
179.724, 
179.784, 
179.729, 
179.716, 
179.733, 
179.749, 
179.803, 
179.848, 
179.928, 
179.911, 
179.927, 
179.994, 
180.021, 
179.985, 
179.996, 
179.941, 
179.929, 
179.841, 
179.848, 
179.886, 
179.92, 
179.976, 
179.943, 
179.986, 
180.038, 
180.073, 
180.14, 
180.195, 
180.266, 
180.289, 
180.202, 
180.184, 
180.147, 
180.168, 
180.181, 
180.175, 
180.193, 
180.225, 
180.223, 
180.186, 
180.195, 
180.286, 
180.362, 
180.399, 
180.438, 
180.443, 
180.357, 
180.315, 
180.262, 
180.295, 
180.306, 
180.249, 
180.224, 
180.217, 
180.296, 
180.232, 
180.213, 
180.222, 
180.214, 
180.283, 
180.27, 
180.297, 
180.347, 
180.302, 
180.255, 
180.178, 
180.135, 
180.176, 
180.121, 
180.131, 
180.139, 
180.186, 
180.206, 
180.205, 
180.236, 
180.202, 
180.111, 
180.114, 
180.163, 
180.186, 
180.097, 
180.061, 
179.976, 
179.913, 
179.887, 
179.821, 
179.811, 
179.821, 
179.879, 
179.838, 
179.774, 
179.78, 
179.783, 
179.838, 
179.838, 
179.855, 
179.912, 
179.913, 
179.903, 
179.905, 
179.916, 
179.938, 
179.904, 
179.948, 
179.99, 
180.001, 
179.981, 
179.902, 
179.859, 
179.776, 
179.713, 
179.744, 
179.79, 
179.78, 
179.809, 
179.762, 
179.73, 
179.728, 
179.751, 
179.728, 
179.666, 
179.701, 
179.764, 
179.824, 
179.853, 
179.776, 
179.775, 
179.791, 
179.856, 
179.848, 
179.768, 
179.766, 
179.83, 
179.886, 
179.948, 
179.949, 
180.012, 
179.99, 
179.969, 
180.006, 
180.05, 
180.119, 
180.154, 
180.182, 
180.206, 
180.272, 
180.305, 
180.299, 
180.313, 
180.264, 
180.246, 
180.301, 
180.343, 
180.277, 
180.184, 
180.104, 
180.138, 
180.109, 
180.071, 
180.071, 
180.016, 
179.966, 
179.915, 
179.854, 
179.898, 
179.915, 
179.921, 
179.879, 
179.824, 
179.892, 
179.942, 
179.958, 
180.024, 
180.062, 
180.122, 
180.144, 
180.189, 
180.152, 
180.144, 
180.08, 
180.093, 
180.044, 
180.106, 
180.137, 
180.077, 
180.131, 
180.193, 
180.243, 
180.267, 
180.296, 
180.29, 
180.22, 
180.149, 
180.092, 
180.029, 
179.972, 
180.02, 
180.074, 
180.145, 
180.163, 
180.149, 
180.19, 
180.238, 
180.254, 
180.215, 
180.124, 
180.156, 
180.187, 
180.261, 
180.29, 
180.306, 
180.224, 
180.136, 
180.08, 
180.017, 
179.972, 
179.993, 
179.931, 
179.956, 
179.937, 
179.921, 
179.94, 
179.952, 
179.954, 
180.004, 
180.052, 
180.037, 
180.043, 
180.09, 
180.124, 
180.192, 
180.168, 
180.147, 
180.189, 
180.237, 
180.285, 
180.328, 
180.313, 
180.316, 
180.24, 
180.189, 
180.169, 
180.21, 
180.184, 
180.229, 
180.281, 
180.316, 
180.261, 
180.242, 
180.191, 
180.146, 
180.165, 
180.193, 
180.226, 
180.199, 
180.26, 
180.313, 
180.318, 
180.356, 
180.38, 
180.401, 
180.389, 
180.416, 
180.417, 
180.407, 
180.43, 
180.454, 
180.501, 
180.547, 
180.533, 
180.551, 
180.613, 
180.666, 
180.717, 
180.75, 
180.812, 
180.85, 
180.912, 
180.946, 
180.97, 
181.012, 
181.02, 
181.054, 
181.01, 
181.011, 
181.036, 
181.105, 
181.149, 
181.128, 
181.172, 
181.231, 
181.301, 
181.328, 
181.294, 
181.254, 
181.229, 
181.161, 
181.099, 
181.085, 
181.105, 
181.117, 
181.156, 
181.131, 
181.105, 
181.051, 
181.024, 
181.078, 
181.139, 
181.119, 
181.112, 
181.069, 
181.044, 
181.066, 
181.108, 
181.118, 
181.119, 
181.088, 
181.113, 
181.159, 
181.22, 
181.249, 
181.225, 
181.276, 
181.256, 
181.255, 
181.302, 
181.363, 
181.389, 
181.404, 
181.402, 
181.429, 
181.408, 
181.334, 
181.291, 
181.286, 
181.312, 
181.256, 
181.254, 
181.296, 
181.345, 
181.375, 
181.383, 
181.437, 
181.454, 
181.509, 
181.569, 
181.634, 
181.659, 
181.645, 
181.712, 
181.771, 
181.822, 
181.864, 
181.882, 
181.836, 
181.761, 
181.783, 
181.815, 
181.826, 
181.81, 
181.815, 
181.772, 
181.701, 
181.63, 
181.571, 
181.552, 
181.587, 
181.615, 
181.638, 
181.635, 
181.618, 
181.562, 
181.557, 
181.519, 
181.496, 
181.485, 
181.495, 
181.552, 
181.619, 
181.623, 
181.622, 
181.572, 
181.619, 
181.673, 
181.649, 
181.666, 
181.71, 
181.746, 
181.701, 
181.738, 
181.782, 
181.819, 
181.836, 
181.874, 
181.818, 
181.768, 
181.751, 
181.681, 
181.681, 
181.664, 
181.702, 
181.658, 
181.685, 
181.674, 
181.665, 
181.631, 
181.655, 
181.609, 
181.631, 
181.644, 
181.591, 
181.564, 
181.597, 
181.596, 
181.56, 
181.604, 
181.642, 
181.698, 
181.704, 
181.699, 
181.68, 
181.62, 
181.642, 
181.702, 
181.726, 
181.651, 
181.59, 
181.525, 
181.567, 
181.613, 
181.65, 
181.663, 
181.667, 
181.664, 
181.693, 
181.707, 
181.713, 
181.731, 
181.757, 
181.699, 
181.663, 
181.659, 
181.637, 
181.659, 
181.696, 
181.673, 
181.685, 
181.632, 
181.646, 
181.616, 
181.647, 
181.696, 
181.746, 
181.778, 
181.779, 
181.79, 
181.85, 
181.876, 
181.905, 
181.852, 
181.822, 
181.779, 
181.794, 
181.833, 
181.854, 
181.884, 
181.864, 
181.803, 
181.812, 
181.841, 
181.835, 
181.79, 
181.799, 
181.76, 
181.799, 
181.784, 
181.729, 
181.751, 
181.765, 
181.815, 
181.782, 
181.715, 
181.692, 
181.712, 
181.754, 
181.778, 
181.783, 
181.836, 
181.879, 
181.826, 
181.784, 
181.767, 
181.719, 
181.722, 
181.753, 
181.788, 
181.827, 
181.863, 
181.884, 
181.915, 
181.961, 
181.985, 
181.957, 
181.931, 
181.88, 
181.876, 
181.86, 
181.9, 
181.943, 
181.935, 
181.938, 
181.975, 
181.989, 
181.936, 
181.904, 
181.956, 
182.003, 
181.956, 
181.928, 
181.892, 
181.908, 
181.908, 
181.925, 
181.858, 
181.859, 
181.908, 
181.939, 
181.988, 
182.034, 
182.036, 
181.994, 
181.95, 
181.982, 
182.016, 
181.983, 
181.981, 
181.944, 
181.958, 
181.994, 
182.016, 
181.997, 
181.967, 
181.986, 
181.996, 
182.06, 
182.118, 
182.123, 
182.157, 
182.126, 
182.156, 
182.185, 
182.203, 
182.236, 
182.272, 
182.306, 
182.365, 
182.388, 
182.376, 
182.372, 
182.344, 
182.358, 
182.358, 
182.365, 
182.415, 
182.45, 
182.482, 
182.46, 
182.463, 
182.434, 
182.481, 
182.5, 
182.539, 
182.535, 
182.479, 
182.441, 
182.473, 
182.475, 
182.508, 
182.529, 
182.573, 
182.581, 
182.558, 
182.553, 
182.546, 
182.519, 
182.447, 
182.386, 
182.334, 
182.348, 
182.402, 
182.395, 
182.367, 
182.428, 
182.479, 
182.522, 
182.589, 
182.59, 
182.549, 
182.545, 
182.545, 
182.505, 
182.464, 
182.416, 
182.402, 
182.405, 
182.448, 
182.446, 
182.406, 
182.342, 
182.286, 
182.233, 
182.178, 
182.158, 
182.124, 
182.144, 
182.194, 
182.223, 
182.245, 
182.288, 
182.33, 
182.353, 
182.376, 
182.347, 
182.385, 
182.428, 
182.424, 
182.423, 
182.358, 
182.285, 
182.28, 
182.276, 
182.24, 
182.189, 
182.229, 
182.194, 
182.138, 
182.093, 
182.046, 
182.015, 
182.049, 
182.047, 
182.035, 
182.06, 
182.057, 
182.043, 
181.994, 
181.96, 
181.906, 
181.943, 
181.981, 
182.012, 
182.052, 
182.091, 
182.084, 
182.044, 
182.039, 
181.985, 
181.97, 
181.996, 
182.038, 
182.066, 
182.081, 
182.116, 
182.093, 
182.146, 
182.197, 
182.148, 
182.161, 
182.174, 
182.2, 
182.195, 
182.184, 
182.201, 
182.252, 
182.305, 
182.347, 
182.389, 
182.374, 
182.324, 
182.304, 
182.297, 
182.283, 
182.316, 
182.264, 
182.207, 
182.158, 
182.099, 
182.078, 
182.018, 
182.038, 
182.064, 
182.062, 
182.038, 
182.074, 
182.112, 
182.117, 
182.125, 
182.106, 
182.047, 
182.031, 
181.999, 
182, 
182.012, 
181.984, 
181.963, 
181.972, 
182.009, 
182.028, 
182.046, 
182.041, 
182.058, 
182.101, 
182.107, 
182.128, 
182.092, 
182.12, 
182.069, 
182.064, 
182.038, 
182.025, 
182.045, 
182.097, 
182.135, 
182.187, 
182.239, 
182.268, 
182.326, 
182.348, 
182.282, 
182.231, 
182.241, 
182.222, 
182.274, 
182.32, 
182.336, 
182.321, 
182.279, 
182.251, 
182.285, 
182.333, 
182.368, 
182.407, 
182.381, 
182.329, 
182.308, 
182.318, 
182.266, 
182.235, 
182.264, 
182.301, 
182.323, 
182.354, 
182.394, 
182.386, 
182.352, 
182.313, 
182.264, 
182.24, 
182.275, 
182.25, 
182.251, 
182.232, 
182.209, 
182.226, 
182.216, 
182.254, 
182.284, 
182.287, 
182.301, 
182.267, 
182.308, 
182.331, 
182.309, 
182.256, 
182.23, 
182.267, 
182.306, 
182.361, 
182.392, 
182.41, 
182.462, 
182.479, 
182.434, 
182.375, 
182.323, 
182.351, 
182.381, 
182.428, 
182.45, 
182.437, 
182.443, 
182.42, 
182.442, 
182.444, 
182.405, 
182.392, 
182.375, 
182.393, 
182.419, 
182.416, 
182.418, 
182.466, 
182.455, 
182.481, 
182.502, 
182.49, 
182.468, 
182.429, 
182.483, 
182.536, 
182.524, 
182.53, 
182.503, 
182.454, 
182.429, 
182.372, 
182.311, 
182.269, 
182.225, 
182.267, 
182.293, 
182.319, 
182.35, 
182.366, 
182.37, 
182.351, 
182.376, 
182.376, 
182.307, 
182.273, 
182.235, 
182.231, 
182.236, 
182.26, 
182.227, 
182.172, 
182.124, 
182.078, 
182.029, 
182.022, 
181.979, 
181.923, 
181.93, 
181.976, 
182.018, 
182.054, 
182.065, 
182.037, 
181.977, 
181.936, 
181.976, 
181.975, 
181.971, 
181.937, 
181.938, 
181.913, 
181.944, 
181.986, 
181.975, 
181.97, 
181.986, 
181.961, 
181.897, 
181.9, 
181.924, 
181.973, 
182.011, 
182.056, 
182.022, 
181.992, 
181.935, 
181.904, 
181.882, 
181.884, 
181.911, 
181.933, 
181.928, 
181.946, 
181.988, 
182.03, 
182.066, 
182.053, 
182.06, 
182.019, 
181.96, 
181.934, 
181.96, 
181.991, 
182.009, 
181.971, 
181.98, 
182.007, 
182.04, 
182.077, 
182.071, 
182.097, 
182.046, 
182.013, 
181.961, 
181.988, 
181.951, 
181.946, 
181.967, 
181.986, 
181.994, 
181.971, 
181.986, 
182.02, 
182.049, 
182.027, 
182.062, 
182.04, 
182.016, 
182.04, 
182.009, 
181.978, 
181.968, 
181.962, 
181.997, 
182.015, 
182.005, 
181.954, 
181.976, 
181.951, 
181.915, 
181.943, 
181.979, 
182.027, 
182.034, 
182.071, 
182.079, 
182.06, 
182.069, 
182.097, 
182.131, 
182.09, 
182.066, 
182.063, 
182.02, 
182.026, 
181.986, 
181.925, 
181.937, 
181.929, 
181.951, 
181.897, 
181.858, 
181.84, 
181.834, 
181.857, 
181.886, 
181.867, 
181.819, 
181.778, 
181.819, 
181.845, 
181.86, 
181.882, 
181.904, 
181.894, 
181.857, 
181.827, 
181.787, 
181.761, 
181.803, 
181.842, 
181.885, 
181.926, 
181.938, 
181.951, 
181.986, 
181.989, 
182.014, 
182.041, 
182.079, 
182.086, 
182.05, 
181.997, 
181.943, 
181.895, 
181.88, 
181.866, 
181.816, 
181.777, 
181.732, 
181.763, 
181.793, 
181.806, 
181.824, 
181.851, 
181.854, 
181.894, 
181.937, 
181.947, 
181.972, 
181.924, 
181.932, 
181.973, 
181.969, 
181.974, 
182.011, 
182.039, 
182.081, 
182.11, 
182.127, 
182.164, 
182.172, 
182.216, 
182.261, 
182.274, 
182.256, 
182.245, 
182.278, 
182.281, 
182.31, 
182.286, 
182.299, 
182.321, 
182.312, 
182.263, 
182.289, 
182.321, 
182.36, 
182.386, 
182.339, 
182.341, 
182.294, 
182.256, 
182.278, 
182.301, 
182.314, 
182.352, 
182.359, 
182.381, 
182.347, 
182.347, 
182.317, 
182.304, 
182.348, 
182.372, 
182.392, 
182.375, 
182.394, 
182.425, 
182.439, 
182.417, 
182.39, 
182.415, 
182.448, 
182.413, 
182.378, 
182.412, 
182.453, 
182.459, 
182.41, 
182.352, 
182.306, 
182.291, 
182.257, 
182.233, 
182.206, 
182.176, 
182.146, 
182.161, 
182.18, 
182.163, 
182.187, 
182.148, 
182.11, 
182.084, 
182.06, 
182.041, 
182.059, 
182.103, 
182.131, 
182.157, 
182.119, 
182.116, 
182.129, 
182.136, 
182.084, 
182.097, 
182.063, 
182.036, 
182.007, 
182.042, 
182.009, 
182, 
182.039, 
182.048, 
182.076, 
182.071, 
182.058, 
182.063, 
182.037, 
181.993, 
181.939, 
181.918, 
181.938, 
181.906, 
181.856, 
181.841, 
181.861, 
181.84, 
181.859, 
181.884, 
181.889, 
181.831, 
181.778, 
181.73, 
181.755, 
181.79, 
181.816, 
181.843, 
181.876, 
181.898, 
181.937, 
181.98, 
182.021, 
182.044, 
182.018, 
182.021, 
182.028, 
182.003, 
182.024, 
182.032, 
182.068, 
182.106, 
182.093, 
182.056, 
182.053, 
182.078, 
182.12, 
182.138, 
182.177, 
182.128, 
182.106, 
182.086, 
182.04, 
182.05, 
182.085, 
182.092, 
182.116, 
182.106, 
182.075, 
182.03, 
181.985, 
182.02, 
182.045, 
182.068, 
182.048, 
182.059, 
182.018, 
181.982, 
181.992, 
181.957, 
181.946, 
181.932, 
181.954, 
181.965, 
181.947, 
181.939, 
181.979, 
181.995, 
181.957, 
181.965, 
181.994, 
181.994, 
182.03, 
182.062, 
182.094, 
182.112, 
182.083, 
182.114, 
182.122, 
182.098, 
182.086, 
182.096, 
182.058, 
182.029, 
182.028, 
182.066, 
182.081, 
182.07, 
182.079, 
182.031, 
182.02, 
182.053, 
182.042, 
182.011, 
182.024, 
182.056, 
182.067, 
182.083, 
182.101, 
182.127, 
182.133, 
182.154, 
182.193, 
182.236, 
182.268, 
182.273, 
182.251, 
182.227, 
182.182, 
182.204, 
182.191, 
182.206, 
182.173, 
182.136, 
182.091, 
182.046, 
182.012, 
181.962, 
181.936, 
181.888, 
181.84, 
181.786, 
181.816, 
181.835, 
181.822, 
181.842, 
181.861, 
181.871, 
181.838, 
181.782, 
181.748, 
181.71, 
181.708, 
181.684, 
181.668, 
181.701, 
181.734, 
181.718, 
181.678, 
181.687, 
181.713, 
181.726, 
181.744, 
181.753, 
181.708, 
181.681, 
181.67, 
181.654, 
181.648, 
181.652, 
181.61, 
181.641, 
181.677, 
181.653, 
181.63, 
181.648, 
181.656, 
181.677, 
181.685, 
181.721, 
181.717, 
181.69, 
181.691, 
181.684, 
181.716, 
181.747, 
181.765, 
181.741, 
181.732, 
181.707, 
181.719, 
181.73, 
181.771, 
181.821, 
181.848, 
181.872, 
181.911, 
181.951, 
181.973, 
181.99, 
181.975, 
181.973, 
182.003, 
182.012, 
182.034, 
181.989, 
181.956, 
181.946, 
181.97, 
181.927, 
181.917, 
181.883, 
181.898, 
181.921, 
181.917, 
181.919, 
181.942, 
181.954, 
181.991, 
181.976, 
181.989, 
182.001, 
181.996, 
181.961, 
181.966, 
181.98, 
181.955, 
181.917, 
181.896, 
181.855, 
181.804, 
181.833, 
181.865, 
181.866, 
181.85, 
181.808, 
181.828, 
181.854, 
181.826, 
181.804, 
181.811, 
181.838, 
181.878, 
181.898, 
181.862, 
181.891, 
181.907, 
181.947, 
181.912, 
181.906, 
181.886, 
181.865, 
181.851, 
181.824, 
181.802, 
181.802, 
181.785, 
181.758, 
181.712, 
181.722, 
181.707, 
181.686, 
181.701, 
181.732, 
181.696, 
181.671, 
181.686, 
181.673, 
181.689, 
181.685, 
181.685, 
181.683, 
181.72, 
181.737, 
181.744, 
181.712, 
181.69, 
181.67, 
181.64, 
181.666, 
181.675, 
181.672, 
181.648, 
181.685, 
181.707, 
181.732, 
181.748, 
181.746, 
181.787, 
181.816, 
181.836, 
181.851, 
181.887, 
181.912, 
181.921, 
181.925, 
181.957, 
181.947, 
181.927, 
181.959, 
182.002, 
182.034, 
182.048, 
182.042, 
182.045, 
182.007, 
181.961, 
181.93, 
181.933, 
181.935, 
181.906, 
181.872, 
181.844, 
181.83, 
181.844, 
181.85, 
181.841, 
181.873, 
181.867, 
181.879, 
181.886, 
181.905, 
181.917, 
181.885, 
181.87, 
181.861, 
181.86, 
181.883, 
181.858, 
181.812, 
181.805, 
181.814, 
181.82, 
181.827, 
181.805, 
181.778, 
181.794, 
181.78, 
181.791, 
181.824, 
181.826, 
181.789, 
181.741, 
181.759, 
181.778, 
181.806, 
181.801, 
181.806, 
181.779, 
181.801, 
181.826, 
181.852, 
181.818, 
181.795, 
181.802, 
181.817, 
181.788, 
181.755, 
181.783, 
181.809, 
181.831, 
181.85, 
181.887, 
181.915, 
181.951, 
181.974, 
182.014, 
182.047, 
182.034, 
182.071, 
182.098, 
182.126, 
182.159, 
182.177, 
182.192, 
182.201, 
182.217, 
182.234, 
182.267, 
182.233, 
182.198, 
182.172, 
182.148, 
182.114, 
182.088, 
182.09, 
182.099, 
182.079, 
182.03, 
182.033, 
182.027, 
182.044, 
182.071, 
182.069, 
182.088, 
182.108, 
182.139, 
182.156, 
182.197, 
182.225, 
182.182, 
182.18, 
182.191, 
182.181, 
182.189, 
182.191, 
182.163, 
182.132, 
182.096, 
182.115, 
182.122, 
182.087, 
182.107, 
182.149, 
182.156, 
182.163, 
182.154, 
182.133, 
182.121, 
182.105, 
182.092, 
182.044, 
182.037, 
182.068, 
182.063, 
182.045, 
182.072, 
182.071, 
182.092, 
182.09, 
182.129, 
182.136, 
182.171, 
182.168, 
182.163, 
182.195, 
182.213, 
182.22, 
182.245, 
182.248, 
182.261, 
182.229, 
182.194, 
182.151, 
182.116, 
182.079, 
182.045, 
182.036, 
182.008, 
181.984, 
181.942, 
181.905, 
181.913, 
181.912, 
181.935, 
181.916, 
181.908, 
181.926, 
181.887, 
181.835, 
181.81, 
181.838, 
181.796, 
181.781, 
181.768, 
181.78, 
181.743, 
181.712, 
181.729, 
181.715, 
181.703, 
181.667, 
181.652, 
181.609, 
181.573, 
181.532, 
181.527, 
181.527, 
181.539, 
181.498, 
181.49, 
181.484, 
181.479, 
181.434, 
181.397, 
181.393, 
181.392, 
181.361, 
181.32, 
181.284, 
181.324, 
181.345, 
181.38, 
181.394, 
181.395, 
181.396, 
181.378, 
181.389, 
181.409, 
181.442, 
181.456, 
181.484, 
181.496, 
181.491, 
181.519, 
181.551, 
181.587, 
181.585, 
181.579, 
181.592, 
181.626, 
181.657, 
181.677, 
181.705, 
181.686, 
181.678, 
181.68, 
181.708, 
181.733, 
181.754, 
181.759, 
181.752, 
181.741, 
181.736, 
181.748, 
181.748, 
181.766, 
181.782, 
181.79, 
181.772, 
181.8, 
181.831, 
181.865, 
181.894, 
181.927, 
181.962, 
181.991, 
182.002, 
182.035, 
182.025, 
181.991, 
181.958, 
181.98, 
182, 
182.006, 
182.037, 
182.057, 
182.038, 
182.006, 
182.026, 
182.028, 
182.051, 
182.05, 
182.063, 
182.028, 
182.024, 
182.056, 
182.07, 
182.073, 
182.07, 
182.041, 
182.023, 
182.054, 
182.068, 
182.107, 
182.098, 
182.079, 
182.105, 
182.092, 
182.12, 
182.139, 
182.16, 
182.157, 
182.144, 
182.111, 
182.094, 
182.052, 
182.036, 
182.044, 
182.002, 
182.007, 
182.001, 
181.989, 
182.011, 
182.042, 
182.027, 
182.057, 
182.071, 
182.088, 
182.072, 
182.039, 
182.019, 
182.026, 
182.05, 
182.039, 
182.029, 
182.035, 
182.036, 
182.063, 
182.086, 
182.11, 
182.105, 
182.07, 
182.05, 
182.058, 
182.054, 
182.048, 
182.023, 
182.042, 
182.083, 
182.11, 
182.112, 
182.128, 
182.142, 
182.172, 
182.194, 
182.181, 
182.185, 
182.184, 
182.165, 
182.169, 
182.199, 
182.182, 
182.161, 
182.148, 
182.131, 
182.108, 
182.114, 
182.106, 
182.128, 
182.153, 
182.175, 
182.182, 
182.185, 
182.206, 
182.235, 
182.199, 
182.164, 
182.136, 
182.162, 
182.164, 
182.141, 
182.146, 
182.113, 
182.085, 
182.113, 
182.105, 
182.074, 
182.083, 
182.068, 
182.069, 
182.084, 
182.114, 
182.133, 
182.143, 
182.129, 
182.103, 
182.109, 
182.125, 
182.142, 
182.147, 
182.114, 
182.068, 
182.034, 
182.04, 
182.051, 
182.034, 
182.053, 
182.052, 
182.029, 
182.024, 
182.055, 
182.067, 
182.051, 
182.058, 
182.078, 
182.107, 
182.097, 
182.069, 
182.055, 
182.034, 
182.034, 
182.024, 
181.999, 
182.02, 
182.031, 
182.062, 
182.09, 
182.11, 
182.124, 
182.107, 
182.137, 
182.129, 
182.153, 
182.13, 
182.155, 
182.189, 
182.192, 
182.198, 
182.199, 
182.204, 
182.173, 
182.186, 
182.212, 
182.236, 
182.242, 
182.262, 
182.282, 
182.289, 
182.294, 
182.267, 
182.262, 
182.27, 
182.284, 
182.268, 
182.283, 
182.264, 
182.24, 
182.208, 
182.19, 
182.226, 
182.219, 
182.236, 
182.255, 
182.235, 
182.2, 
182.167, 
182.141, 
182.151, 
182.133, 
182.139, 
182.13, 
182.133, 
182.154, 
182.161, 
182.178, 
182.208, 
182.239, 
182.267, 
182.289, 
182.305, 
182.328, 
182.316, 
182.333, 
182.362, 
182.373, 
182.389, 
182.42, 
182.43, 
182.415, 
182.437, 
182.438, 
182.463, 
182.436, 
182.449, 
182.469, 
182.448, 
182.42, 
182.441, 
182.471, 
182.471, 
182.489, 
182.513, 
182.484, 
182.451, 
182.448, 
182.444, 
182.443, 
182.435, 
182.461, 
182.476, 
182.51, 
182.535, 
182.561, 
182.582, 
182.606, 
182.622, 
182.614, 
182.59, 
182.57, 
182.583, 
182.577, 
182.571, 
182.598, 
182.625, 
182.638, 
182.673, 
182.694, 
182.676, 
182.635, 
182.614, 
182.612, 
182.621, 
182.636, 
182.67, 
182.657, 
182.677, 
182.676, 
182.68, 
182.683, 
182.646, 
182.608, 
182.583, 
182.546, 
182.52, 
182.525, 
182.528, 
182.534, 
182.505, 
182.514, 
182.533, 
182.531, 
182.503, 
182.494, 
182.497, 
182.502, 
182.493, 
182.465, 
182.437, 
182.433, 
182.428, 
182.454, 
182.473, 
182.489, 
182.474, 
182.49, 
182.488, 
182.479, 
182.461, 
182.478, 
182.48, 
182.481, 
182.474, 
182.437, 
182.445, 
182.425, 
182.445, 
182.426, 
182.397, 
182.352, 
182.351, 
182.324, 
182.312, 
182.328, 
182.312, 
182.276, 
182.273, 
182.302, 
182.332, 
182.349, 
182.347, 
182.352, 
182.371, 
182.39, 
182.403, 
182.369, 
182.356, 
182.323, 
182.309, 
182.307, 
182.313, 
182.337, 
182.358, 
182.382, 
182.379, 
182.36, 
182.352, 
182.345, 
182.316, 
182.287, 
182.311, 
182.307, 
182.322, 
182.338, 
182.349, 
182.377, 
182.415, 
182.432, 
182.424, 
182.438, 
182.466, 
182.483, 
182.516, 
182.5, 
182.516, 
182.512, 
182.504, 
182.483, 
182.466, 
182.427, 
182.41, 
182.421, 
182.445, 
182.45, 
182.456, 
182.416, 
182.432, 
182.416, 
182.404, 
182.372, 
182.342, 
182.326, 
182.307, 
182.291, 
182.27, 
182.257, 
182.234, 
182.23, 
182.233, 
182.238, 
182.199, 
182.182, 
182.153, 
182.135, 
182.101, 
182.114, 
182.114, 
182.097, 
182.069, 
182.045, 
182.042, 
182.068, 
182.058, 
182.058, 
182.074, 
182.079, 
182.065, 
182.053, 
182.019, 
182.003, 
182.011, 
181.983, 
182.006, 
182.017, 
181.989, 
182.003, 
181.991, 
181.957, 
181.93, 
181.919, 
181.936, 
181.962, 
181.971, 
181.941, 
181.953, 
181.936, 
181.915, 
181.946, 
181.967, 
181.981, 
181.988, 
182.006, 
182.007, 
182.025, 
182.02, 
181.988, 
181.996, 
182.003, 
182.024, 
182.054, 
182.06, 
182.037, 
182.066, 
182.096, 
182.104, 
182.087, 
182.095, 
182.096, 
182.098, 
182.116, 
182.148, 
182.147, 
182.175, 
182.186, 
182.208, 
182.2, 
182.172, 
182.183, 
182.211, 
182.203, 
182.205, 
182.222, 
182.214, 
182.218, 
182.247, 
182.264, 
182.289, 
182.309, 
182.327, 
182.306, 
182.297, 
182.276, 
182.24, 
182.206, 
182.22, 
182.232, 
182.26, 
182.267, 
182.24, 
182.258, 
182.284, 
182.295, 
182.316, 
182.338, 
182.351, 
182.357, 
182.364, 
182.388, 
182.402, 
182.363, 
182.373, 
182.389, 
182.42, 
182.429, 
182.405, 
182.39, 
182.382, 
182.374, 
182.371, 
182.34, 
182.353, 
182.363, 
182.384, 
182.383, 
182.404, 
182.432, 
182.456, 
182.422, 
182.385, 
182.412, 
182.38, 
182.368, 
182.372, 
182.384, 
182.354, 
182.317, 
182.295, 
182.307, 
182.308, 
182.317, 
182.326, 
182.345, 
182.338, 
182.306, 
182.282, 
182.293, 
182.29, 
182.3, 
182.3, 
182.262, 
182.239, 
182.226, 
182.25, 
182.235, 
182.209, 
182.219, 
182.195, 
182.217, 
182.244, 
182.256, 
182.221, 
182.188, 
182.153, 
182.177, 
182.195, 
182.206, 
182.237, 
182.227, 
182.202, 
182.166, 
182.154, 
182.114, 
182.088, 
182.053, 
182.031, 
182.001, 
181.966, 
181.977, 
181.986, 
181.967, 
181.984, 
181.993, 
181.995, 
181.999, 
181.981, 
182.008, 
182.002, 
181.965, 
181.948, 
181.935, 
181.932, 
181.941, 
181.904, 
181.881, 
181.872, 
181.883, 
181.918, 
181.908, 
181.894, 
181.903, 
181.919, 
181.948, 
181.953, 
181.973, 
181.997, 
182.026, 
182.029, 
182.011, 
182.009, 
181.996, 
181.971, 
181.995, 
182.003, 
182.005, 
181.998, 
182.027, 
182.048, 
182.024, 
182.03, 
182.033, 
182.036, 
182.052, 
182.07, 
182.035, 
182.043, 
182.013, 
182.013, 
182.04, 
182.033, 
182.048, 
182.05, 
182.081, 
182.086, 
182.051, 
182.065, 
182.072, 
182.088, 
182.104, 
182.103, 
182.108, 
182.133, 
182.136, 
182.144, 
182.138, 
182.139, 
182.12, 
182.094, 
182.104, 
182.082, 
182.05, 
182.042, 
182.006, 
181.987, 
181.973, 
181.963, 
181.964, 
181.993, 
182.021, 
181.995, 
181.972, 
181.969, 
181.959, 
181.927, 
181.898, 
181.884, 
181.896, 
181.886, 
181.876, 
181.843, 
181.833, 
181.845, 
181.874, 
181.89, 
181.888, 
181.901, 
181.88, 
181.871, 
181.851, 
181.855, 
181.829, 
181.83, 
181.801, 
181.813, 
181.832, 
181.85, 
181.867, 
181.895, 
181.888, 
181.853, 
181.829, 
181.826, 
181.846, 
181.834, 
181.807, 
181.795, 
181.82, 
181.837, 
181.853, 
181.836, 
181.802, 
181.776, 
181.756, 
181.78, 
181.766, 
181.749, 
181.732, 
181.708, 
181.693, 
181.707, 
181.684, 
181.682, 
181.706, 
181.715, 
181.721, 
181.734, 
181.716, 
181.686, 
181.648, 
181.635, 
181.649, 
181.641, 
181.621, 
181.619, 
181.634, 
181.629, 
181.642, 
181.666, 
181.643, 
181.625, 
181.591, 
181.558, 
181.536, 
181.562, 
181.571, 
181.538, 
181.547, 
181.562, 
181.579, 
181.602, 
181.608, 
181.618, 
181.637, 
181.611, 
181.622, 
181.624, 
181.629, 
181.632, 
181.611, 
181.601, 
181.574, 
181.551, 
181.571, 
181.581, 
181.58, 
181.609, 
181.63, 
181.642, 
181.664, 
181.653, 
181.623, 
181.646, 
181.622, 
181.59, 
181.6, 
181.614, 
181.599, 
181.609, 
181.602, 
181.58, 
181.555, 
181.562, 
181.533, 
181.549, 
181.524, 
181.55, 
181.563, 
181.542, 
181.55, 
181.554, 
181.52, 
181.494, 
181.515, 
181.498, 
181.52, 
181.525, 
181.548, 
181.546, 
181.546, 
181.518, 
181.529, 
181.556, 
181.528, 
181.52, 
181.509, 
181.473, 
181.441, 
181.439, 
181.461, 
181.459, 
181.434, 
181.463, 
181.488, 
181.492, 
181.52, 
181.538, 
181.538, 
181.55, 
181.556, 
181.573, 
181.585, 
181.595, 
181.613, 
181.64, 
181.65, 
181.673, 
181.682, 
181.647, 
181.643, 
181.648, 
181.626, 
181.636, 
181.621, 
181.607, 
181.581, 
181.574, 
181.574, 
181.582, 
181.546, 
181.561, 
181.561, 
181.551, 
181.52, 
181.541, 
181.525, 
181.528, 
181.538, 
181.52, 
181.523, 
181.53, 
181.545, 
181.516, 
181.495, 
181.474, 
181.477, 
181.505, 
181.52, 
181.509, 
181.51, 
181.478, 
181.448, 
181.422, 
181.408, 
181.378, 
181.366, 
181.352, 
181.379, 
181.39, 
181.372, 
181.39, 
181.412, 
181.423, 
181.408, 
181.421, 
181.425, 
181.44, 
181.459, 
181.476, 
181.493, 
181.518, 
181.535, 
181.559, 
181.552, 
181.539, 
181.543, 
181.564, 
181.58, 
181.57, 
181.585, 
181.579, 
181.579, 
181.55, 
181.559, 
181.573, 
181.58, 
181.556, 
181.564, 
181.543, 
181.534, 
181.545, 
181.52, 
181.512, 
181.533, 
181.563, 
181.585, 
181.61, 
181.618, 
181.617, 
181.59, 
181.58, 
181.598, 
181.627, 
181.635, 
181.647, 
181.643, 
181.652, 
181.645, 
181.621, 
181.633, 
181.617, 
181.616, 
181.584, 
181.568, 
181.576, 
181.541, 
181.504, 
181.473, 
181.439, 
181.415, 
181.389, 
181.404, 
181.415, 
181.409, 
181.437, 
181.437, 
181.434, 
181.418, 
181.421, 
181.393, 
181.401, 
181.405, 
181.427, 
181.448, 
181.476, 
181.497, 
181.5, 
181.525, 
181.543, 
181.572, 
181.563, 
181.537, 
181.534, 
181.549, 
181.551, 
181.565, 
181.56, 
181.588, 
181.606, 
181.62, 
181.619, 
181.628, 
181.606, 
181.594, 
181.605, 
181.598, 
181.607, 
181.594, 
181.561, 
181.527, 
181.503, 
181.498, 
181.504, 
181.511, 
181.535, 
181.557, 
181.564, 
181.538, 
181.541, 
181.546, 
181.552, 
181.528, 
181.541, 
181.556, 
181.559, 
181.576, 
181.556, 
181.532, 
181.519, 
181.501, 
181.513, 
181.494, 
181.491, 
181.516, 
181.531, 
181.559, 
181.542, 
181.517, 
181.5, 
181.482, 
181.491, 
181.499, 
181.475, 
181.475, 
181.486, 
181.464, 
181.44, 
181.447, 
181.452, 
181.458, 
181.464, 
181.476, 
181.482, 
181.479, 
181.504, 
181.504, 
181.512, 
181.504, 
181.512, 
181.498, 
181.517, 
181.53, 
181.527, 
181.535, 
181.506, 
181.478, 
181.459, 
181.472, 
181.49, 
181.5, 
181.505, 
181.51, 
181.482, 
181.469, 
181.495, 
181.512, 
181.536, 
181.545, 
181.57, 
181.594, 
181.615, 
181.606, 
181.601, 
181.565, 
181.574, 
181.562, 
181.572, 
181.56, 
181.553, 
181.54, 
181.518, 
181.495, 
181.472, 
181.484, 
181.514, 
181.492, 
181.474, 
181.462, 
181.471, 
181.449, 
181.461, 
181.488, 
181.488, 
181.498, 
181.503, 
181.507, 
181.534, 
181.506, 
181.478, 
181.445, 
181.453, 
181.431, 
181.436, 
181.421, 
181.39, 
181.391, 
181.395, 
181.389, 
181.401, 
181.424, 
181.435, 
181.44, 
181.456, 
181.47, 
181.482, 
181.497, 
181.497, 
181.493, 
181.513, 
181.529, 
181.52, 
181.494, 
181.466, 
181.442, 
181.408, 
181.408, 
181.431, 
181.452, 
181.457, 
181.441, 
181.417, 
181.433, 
181.456, 
181.435, 
181.431, 
181.422, 
181.416, 
181.414, 
181.415, 
181.385, 
181.382, 
181.409, 
181.434, 
181.458, 
181.477, 
181.496, 
181.517, 
181.529, 
181.541, 
181.554, 
181.569, 
181.542, 
181.546, 
181.525, 
181.509, 
181.485, 
181.493, 
181.477, 
181.491, 
181.508, 
181.486, 
181.501, 
181.5, 
181.468, 
181.482, 
181.497, 
181.508, 
181.523, 
181.541, 
181.54, 
181.563, 
181.57, 
181.579, 
181.596, 
181.615, 
181.624, 
181.591, 
181.576, 
181.573, 
181.59, 
181.597, 
181.599, 
181.612, 
181.62, 
181.619, 
181.591, 
181.582, 
181.594, 
181.563, 
181.549, 
181.558, 
181.554, 
181.541, 
181.558, 
181.562, 
181.558, 
181.544, 
181.561, 
181.561, 
181.573, 
181.555, 
181.539, 
181.523, 
181.537, 
181.561, 
181.567, 
181.552, 
181.532, 
181.523, 
181.522, 
181.547, 
181.557, 
181.569, 
181.578, 
181.581, 
181.592, 
181.561, 
181.533, 
181.501, 
181.469, 
181.442, 
181.449, 
181.464, 
181.491, 
181.52, 
181.544, 
181.537, 
181.536, 
181.559, 
181.544, 
181.563, 
181.594, 
181.614, 
181.615, 
181.628, 
181.629, 
181.654, 
181.658, 
181.646, 
181.65, 
181.633, 
181.658, 
181.656, 
181.66, 
181.662, 
181.653, 
181.65, 
181.66, 
181.674, 
181.68, 
181.697, 
181.723, 
181.718, 
181.736, 
181.734, 
181.706, 
181.695, 
181.698, 
181.711, 
181.719, 
181.742, 
181.766, 
181.787, 
181.795, 
181.792, 
181.79, 
181.789, 
181.8, 
181.782, 
181.777, 
181.787, 
181.805, 
181.796, 
181.816, 
181.826, 
181.845, 
181.873, 
181.89, 
181.892, 
181.896, 
181.889, 
181.86, 
181.881, 
181.886, 
181.906, 
181.913, 
181.931, 
181.955, 
181.939, 
181.912, 
181.924, 
181.937, 
181.926, 
181.913, 
181.908, 
181.916, 
181.898, 
181.909, 
181.904, 
181.93, 
181.944, 
181.963, 
181.982, 
181.981, 
181.998, 
182.021, 
182.04, 
182.049, 
182.026, 
182.008, 
181.979, 
181.965, 
181.974, 
181.951, 
181.933, 
181.923, 
181.911, 
181.921, 
181.943, 
181.961, 
181.981, 
181.996, 
182.007, 
182.018, 
182.015, 
182.019, 
181.997, 
182.007, 
182.03, 
182.044, 
182.065, 
182.076, 
182.059, 
182.059, 
182.087, 
182.091, 
182.09, 
182.116, 
182.142, 
182.125, 
182.126, 
182.131, 
182.142, 
182.159, 
182.167, 
182.159, 
182.144, 
182.167, 
182.19, 
182.201, 
182.172, 
182.153, 
182.161, 
182.171, 
182.168, 
182.194, 
182.202, 
182.188, 
182.172, 
182.178, 
182.193, 
182.196, 
182.178, 
182.185, 
182.201, 
182.221, 
182.238, 
182.262, 
182.255, 
182.242, 
182.267, 
182.286, 
182.302, 
182.292, 
182.27, 
182.246, 
182.255, 
182.268, 
182.262, 
182.245, 
182.216, 
182.219, 
182.194, 
182.201, 
182.217, 
182.204, 
182.199, 
182.182, 
182.154, 
182.131, 
182.14, 
182.133, 
182.125, 
182.15, 
182.148, 
182.159, 
182.18, 
182.194, 
182.188, 
182.192, 
182.205, 
182.174, 
182.156, 
182.153, 
182.138, 
182.136, 
182.159, 
182.14, 
182.119, 
182.125, 
182.11, 
182.127, 
182.118, 
182.093, 
182.1, 
182.11, 
182.115, 
182.118, 
182.135, 
182.158, 
182.147, 
182.16, 
182.156, 
182.164, 
182.187, 
182.211, 
182.24, 
182.237, 
182.242, 
182.268, 
182.279, 
182.273, 
182.254, 
182.271, 
182.294, 
182.318, 
182.294, 
182.307, 
182.321, 
182.328, 
182.313, 
182.289, 
182.292, 
182.301, 
182.301, 
182.31, 
182.323, 
182.32, 
182.332, 
182.321, 
182.324, 
182.327, 
182.315, 
182.307, 
182.303, 
182.274, 
182.263, 
182.276, 
182.298, 
182.319, 
182.322, 
182.311, 
182.289, 
182.293, 
182.267, 
182.252, 
182.261, 
182.251, 
182.218, 
182.192, 
182.171, 
182.17, 
182.16, 
182.166, 
182.179, 
182.202, 
182.214, 
182.212, 
182.189, 
182.153, 
182.144, 
182.17, 
182.19, 
182.169, 
182.137, 
182.143, 
182.165, 
182.179, 
182.195, 
182.205, 
182.216, 
182.218, 
182.203, 
182.18, 
182.187, 
182.193, 
182.175, 
182.183, 
182.2, 
182.198, 
182.188, 
182.195, 
182.214, 
182.224, 
182.204, 
182.202, 
182.197, 
182.202, 
182.17, 
182.14, 
182.11, 
182.117, 
182.13, 
182.151, 
182.164, 
182.169, 
182.187, 
182.192, 
182.208, 
182.216, 
182.23, 
182.24, 
182.254, 
182.256, 
182.246, 
182.215, 
182.188, 
182.176, 
182.186, 
182.196, 
182.196, 
182.175, 
182.163, 
182.173, 
182.189, 
182.184, 
182.163, 
182.175, 
182.173, 
182.19, 
182.197, 
182.18, 
182.171, 
182.188, 
182.2, 
182.179, 
182.164, 
182.146, 
182.139, 
182.143, 
182.142, 
182.153, 
182.163, 
182.176, 
182.195, 
182.173, 
182.183, 
182.21, 
182.208, 
182.235, 
182.256, 
182.241, 
182.231, 
182.241, 
182.248, 
182.261, 
182.271, 
182.291, 
182.313, 
182.308, 
182.274, 
182.264, 
182.255, 
182.256, 
182.251, 
182.23, 
182.219, 
182.229, 
182.205, 
182.193, 
182.208, 
182.219, 
182.242, 
182.257, 
182.248, 
182.276, 
182.291, 
182.284, 
182.272, 
182.287, 
182.288, 
182.264, 
182.251, 
182.251, 
182.256, 
182.272, 
182.265, 
182.266, 
182.26, 
182.27, 
182.29, 
182.278, 
182.25, 
182.237, 
182.208, 
182.219, 
182.223, 
182.247, 
182.232, 
182.236, 
182.219, 
182.21, 
182.203, 
182.191, 
182.176, 
182.175, 
182.166, 
182.148, 
182.16, 
182.177, 
182.194, 
182.217, 
182.24, 
182.228, 
182.232, 
182.213, 
182.181, 
182.155, 
182.147, 
182.12, 
182.11, 
182.108, 
182.081, 
182.071, 
182.078, 
182.089, 
182.109, 
182.126, 
182.15, 
182.143, 
182.149, 
182.143, 
182.131, 
182.155, 
182.154, 
182.162, 
182.153, 
182.164, 
182.176, 
182.158, 
182.145, 
182.152, 
182.166, 
182.175, 
182.192, 
182.212, 
182.231, 
182.237, 
182.254, 
182.267, 
182.27, 
182.264, 
182.244, 
182.268, 
182.29, 
182.283, 
182.269, 
182.24, 
182.218, 
182.199, 
182.182, 
182.151, 
182.124, 
182.125, 
182.135, 
182.122, 
182.114, 
182.11, 
182.094, 
182.103, 
182.112, 
182.086, 
182.068, 
182.067, 
182.037, 
182.033, 
182.022, 
181.996, 
181.984, 
181.986, 
181.99, 
181.961, 
181.94, 
181.917, 
181.899, 
181.9, 
181.922, 
181.929, 
181.906, 
181.88, 
181.862, 
181.849, 
181.862, 
181.868, 
181.851, 
181.844, 
181.843, 
181.818, 
181.831, 
181.832, 
181.831, 
181.845, 
181.862, 
181.88, 
181.861, 
181.867, 
181.874, 
181.86, 
181.869, 
181.889, 
181.887, 
181.894, 
181.882, 
181.864, 
181.84, 
181.825, 
181.833, 
181.838, 
181.86, 
181.876, 
181.897, 
181.91, 
181.924, 
181.931, 
181.929, 
181.92, 
181.893, 
181.895, 
181.902, 
181.9, 
181.88, 
181.864, 
181.881, 
181.902, 
181.924, 
181.929, 
181.916, 
181.924, 
181.932, 
181.933, 
181.909, 
181.89, 
181.879, 
181.884, 
181.894, 
181.901, 
181.876, 
181.849, 
181.82, 
181.795, 
181.785, 
181.758, 
181.745, 
181.749, 
181.768, 
181.787, 
181.797, 
181.81, 
181.827, 
181.833, 
181.819, 
181.791, 
181.775, 
181.785, 
181.805, 
181.817, 
181.824, 
181.84, 
181.857, 
181.873, 
181.881, 
181.893, 
181.898, 
181.903, 
181.881, 
181.861, 
181.856, 
181.879, 
181.877, 
181.869, 
181.848, 
181.831, 
181.831, 
181.831, 
181.85, 
181.861, 
181.868, 
181.879, 
181.893, 
181.876, 
181.867, 
181.855, 
181.88, 
181.896, 
181.903, 
181.9, 
181.894, 
181.882, 
181.898, 
181.911, 
181.922, 
181.892, 
181.866, 
181.878, 
181.897, 
181.917, 
181.895, 
181.881, 
181.88, 
181.875, 
181.85, 
181.835, 
181.854, 
181.87, 
181.87, 
181.886, 
181.883, 
181.878, 
181.899, 
181.904, 
181.883, 
181.877, 
181.86, 
181.861, 
181.845, 
181.85, 
181.843, 
181.841, 
181.822, 
181.802, 
181.775, 
181.767, 
181.788, 
181.803, 
181.819, 
181.794, 
181.799, 
181.81, 
181.806, 
181.795, 
181.773, 
181.781, 
181.784, 
181.767, 
181.773, 
181.766, 
181.776, 
181.767, 
181.762, 
181.758, 
181.766, 
181.777, 
181.793, 
181.803, 
181.82, 
181.835, 
181.848, 
181.868, 
181.848, 
181.857, 
181.853, 
181.864, 
181.875, 
181.89, 
181.911, 
181.929, 
181.937, 
181.941, 
181.924, 
181.923, 
181.929, 
181.937, 
181.953, 
181.954, 
181.927, 
181.906, 
181.913, 
181.915, 
181.889, 
181.87, 
181.886, 
181.907, 
181.922, 
181.938, 
181.943, 
181.942, 
181.924, 
181.911, 
181.905, 
181.913, 
181.895, 
181.869, 
181.855, 
181.845, 
181.82, 
181.811, 
181.812, 
181.831, 
181.848, 
181.832, 
181.829, 
181.847, 
181.863, 
181.857, 
181.846, 
181.848, 
181.832, 
181.83, 
181.834, 
181.825, 
181.844, 
181.862, 
181.874, 
181.882, 
181.887, 
181.876, 
181.856, 
181.863, 
181.867, 
181.846, 
181.845, 
181.864, 
181.872, 
181.876, 
181.853, 
181.838, 
181.843, 
181.867, 
181.849, 
181.839, 
181.85, 
181.858, 
181.87, 
181.884, 
181.873, 
181.877, 
181.874, 
181.854, 
181.838, 
181.847, 
181.855, 
181.871, 
181.86, 
181.839, 
181.842, 
181.858, 
181.87, 
181.865, 
181.888, 
181.892, 
181.885, 
181.89, 
181.905, 
181.923, 
181.932, 
181.917, 
181.89, 
181.891, 
181.882, 
181.868, 
181.884, 
181.911, 
181.924, 
181.935, 
181.953, 
181.972, 
181.976, 
181.968, 
181.978, 
181.987, 
182.009, 
181.988, 
181.992, 
181.969, 
181.946, 
181.92, 
181.923, 
181.915, 
181.915, 
181.891, 
181.867, 
181.85, 
181.857, 
181.876, 
181.861, 
181.847, 
181.824, 
181.809, 
181.804, 
181.819, 
181.8, 
181.793, 
181.8, 
181.821, 
181.841, 
181.85, 
181.841, 
181.831, 
181.833, 
181.832, 
181.842, 
181.858, 
181.874, 
181.892, 
181.889, 
181.858, 
181.839, 
181.825, 
181.828, 
181.808, 
181.789, 
181.769, 
181.752, 
181.736, 
181.729, 
181.723, 
181.707, 
181.697, 
181.68, 
181.662, 
181.633, 
181.629, 
181.626, 
181.622, 
181.611, 
181.591, 
181.601, 
181.614, 
181.629, 
181.643, 
181.637, 
181.649, 
181.655, 
181.666, 
181.68, 
181.67, 
181.657, 
181.639, 
181.634, 
181.622, 
181.624, 
181.637, 
181.627, 
181.645, 
181.654, 
181.632, 
181.635, 
181.611, 
181.604, 
181.603, 
181.6, 
181.581, 
181.568, 
181.581, 
181.596, 
181.599, 
181.619, 
181.642, 
181.643, 
181.629, 
181.624, 
181.594, 
181.578, 
181.578, 
181.553, 
181.536, 
181.537, 
181.556, 
181.565, 
181.555, 
181.557, 
181.557, 
181.562, 
181.569, 
181.568, 
181.569, 
181.584, 
181.588, 
181.57, 
181.582, 
181.597, 
181.59, 
181.597, 
181.601, 
181.597, 
181.615, 
181.637, 
181.642, 
181.625, 
181.634, 
181.622, 
181.639, 
181.651, 
181.67, 
181.675, 
181.684, 
181.673, 
181.664, 
181.644, 
181.629, 
181.642, 
181.65, 
181.631, 
181.633, 
181.644, 
181.631, 
181.624, 
181.621, 
181.594, 
181.586, 
181.607, 
181.608, 
181.623, 
181.627, 
181.62, 
181.614, 
181.6, 
181.587, 
181.579, 
181.572, 
181.564, 
181.562, 
181.572, 
181.553, 
181.541, 
181.514, 
181.496, 
181.499, 
181.502, 
181.507, 
181.515, 
181.519, 
181.532, 
181.546, 
181.561, 
181.546, 
181.522, 
181.513, 
181.51, 
181.489, 
181.458, 
181.447, 
181.473, 
181.485, 
181.493, 
181.499, 
181.496, 
181.491, 
181.481, 
181.491, 
181.512, 
181.536, 
181.549, 
181.523, 
181.533, 
181.528, 
181.511, 
181.5, 
181.501, 
181.477, 
181.485, 
181.502, 
181.505, 
181.522, 
181.536, 
181.549, 
181.568, 
181.564, 
181.555, 
181.577, 
181.603, 
181.624, 
181.642, 
181.643, 
181.663, 
181.663, 
181.669, 
181.668, 
181.639, 
181.625, 
181.621, 
181.619, 
181.632, 
181.641, 
181.659, 
181.669, 
181.686, 
181.69, 
181.702, 
181.687, 
181.683, 
181.696, 
181.696, 
181.697, 
181.677, 
181.671, 
181.659, 
181.667, 
181.673, 
181.66, 
181.635, 
181.63, 
181.637, 
181.652, 
181.664, 
181.665, 
181.667, 
181.683, 
181.701, 
181.695, 
181.699, 
181.698, 
181.704, 
181.7, 
181.7, 
181.694, 
181.672, 
181.667, 
181.684, 
181.697, 
181.687, 
181.681, 
181.679, 
181.691, 
181.709, 
181.716, 
181.693, 
181.685, 
181.674, 
181.649, 
181.622, 
181.6, 
181.586, 
181.563, 
181.542, 
181.522, 
181.504, 
181.504, 
181.516, 
181.527, 
181.525, 
181.54, 
181.546, 
181.535, 
181.544, 
181.55, 
181.558, 
181.564, 
181.548, 
181.542, 
181.545, 
181.564, 
181.586, 
181.595, 
181.587, 
181.578, 
181.588, 
181.585, 
181.599, 
181.595, 
181.576, 
181.56, 
181.542, 
181.526, 
181.543, 
181.555, 
181.564, 
181.55, 
181.548, 
181.539, 
181.537, 
181.531, 
181.536, 
181.539, 
181.548, 
181.528, 
181.538, 
181.545, 
181.52, 
181.518, 
181.523, 
181.526, 
181.548, 
181.558, 
181.554, 
181.567, 
181.585, 
181.59, 
181.579, 
181.566, 
181.543, 
181.524, 
181.517, 
181.535, 
181.552, 
181.544, 
181.536, 
181.531, 
181.549, 
181.572, 
181.581, 
181.569, 
181.547, 
181.552, 
181.54, 
181.543, 
181.55, 
181.55, 
181.566, 
181.575, 
181.556, 
181.564, 
181.577, 
181.597, 
181.607, 
181.621, 
181.64, 
181.647, 
181.641, 
181.629, 
181.644, 
181.644, 
181.648, 
181.636, 
181.633, 
181.627, 
181.637, 
181.634, 
181.622, 
181.619, 
181.638, 
181.661, 
181.676, 
181.694, 
181.713, 
181.714, 
181.72, 
181.711, 
181.726, 
181.711, 
181.703, 
181.686, 
181.691, 
181.679, 
181.687, 
181.678, 
181.676, 
181.685, 
181.683, 
181.694, 
181.71, 
181.724, 
181.745, 
181.754, 
181.771, 
181.788, 
181.805, 
181.819, 
181.836, 
181.857, 
181.838, 
181.836, 
181.836, 
181.835, 
181.852, 
181.837, 
181.824, 
181.825, 
181.811, 
181.795, 
181.792, 
181.811, 
181.814, 
181.789, 
181.78, 
181.796, 
181.797, 
181.799, 
181.79, 
181.805, 
181.79, 
181.767, 
181.762, 
181.759, 
181.74, 
181.718, 
181.712, 
181.693, 
181.707, 
181.72, 
181.719, 
181.704, 
181.69, 
181.669, 
181.658, 
181.64, 
181.645, 
181.627, 
181.604, 
181.588, 
181.566, 
181.561, 
181.545, 
181.537, 
181.531, 
181.52, 
181.536, 
181.554, 
181.561, 
181.542, 
181.541, 
181.525, 
181.502, 
181.495, 
181.509, 
181.508, 
181.516, 
181.532, 
181.542, 
181.55, 
181.535, 
181.542, 
181.525, 
181.514, 
181.497, 
181.511, 
181.514, 
181.514, 
181.517, 
181.523, 
181.521, 
181.495, 
181.493, 
181.479, 
181.476, 
181.479, 
181.459, 
181.455, 
181.467, 
181.483, 
181.499, 
181.519, 
181.515, 
181.493, 
181.482, 
181.469, 
181.48, 
181.492, 
181.501, 
181.486, 
181.471, 
181.471, 
181.464, 
181.472, 
181.491, 
181.487, 
181.469, 
181.467, 
181.456, 
181.458, 
181.455, 
181.435, 
181.434, 
181.442, 
181.456, 
181.476, 
181.486, 
181.483, 
181.499, 
181.493, 
181.518, 
181.53, 
181.54, 
181.562, 
181.561, 
181.57, 
181.582, 
181.575, 
181.551, 
181.533, 
181.516, 
181.512, 
181.5, 
181.491, 
181.499, 
181.509, 
181.523, 
181.519, 
181.536, 
181.554, 
181.555, 
181.567, 
181.581, 
181.557, 
181.537, 
181.534, 
181.542, 
181.559, 
181.563, 
181.554, 
181.553, 
181.562, 
181.559, 
181.555, 
181.574, 
181.595, 
181.587, 
181.598, 
181.588, 
181.594, 
181.569, 
181.544, 
181.532, 
181.522, 
181.536, 
181.549, 
181.551, 
181.543, 
181.531, 
181.515, 
181.521, 
181.537, 
181.519, 
181.497, 
181.488, 
181.471, 
181.478, 
181.495, 
181.503, 
181.5, 
181.512, 
181.533, 
181.552, 
181.552, 
181.553, 
181.561, 
181.554, 
181.557, 
181.55, 
181.539, 
181.532, 
181.522, 
181.498, 
181.475, 
181.472, 
181.471, 
181.486, 
181.479, 
181.479, 
181.461, 
181.45, 
181.455, 
181.432, 
181.438, 
181.456, 
181.443, 
181.445, 
181.463, 
181.463, 
181.459, 
181.473, 
181.491, 
181.505, 
181.494, 
181.495, 
181.508, 
181.512, 
181.498, 
181.501, 
181.51, 
181.516, 
181.506, 
181.523, 
181.534, 
181.53, 
181.52, 
181.515, 
181.515, 
181.503, 
181.513, 
181.531, 
181.529, 
181.504, 
181.489, 
181.467, 
181.469, 
181.475, 
181.495, 
181.511, 
181.527, 
181.542, 
181.544, 
181.543, 
181.523, 
181.5, 
181.501, 
181.515, 
181.533, 
181.548, 
181.556, 
181.567, 
181.572, 
181.583, 
181.566, 
181.547, 
181.538, 
181.532, 
181.547, 
181.531, 
181.52, 
181.498, 
181.481, 
181.457, 
181.448, 
181.426, 
181.441, 
181.452, 
181.454, 
181.451, 
181.458, 
181.463, 
181.449, 
181.445, 
181.466, 
181.482, 
181.495, 
181.49, 
181.471, 
181.487, 
181.499, 
181.515, 
181.53, 
181.542, 
181.554, 
181.573, 
181.572, 
181.548, 
181.524, 
181.522, 
181.529, 
181.511, 
181.508, 
181.498, 
181.482, 
181.483, 
181.479, 
181.472, 
181.479, 
181.5, 
181.507, 
181.496, 
181.477, 
181.481, 
181.481, 
181.483, 
181.463, 
181.452, 
181.438, 
181.434, 
181.419, 
181.406, 
181.404, 
181.407, 
181.417, 
181.405, 
181.392, 
181.379, 
181.384, 
181.379, 
181.384, 
181.396, 
181.408, 
181.43, 
181.446, 
181.467, 
181.475, 
181.475, 
181.488, 
181.487, 
181.496, 
181.507, 
181.503, 
181.51, 
181.504, 
181.504, 
181.504, 
181.505, 
181.512, 
181.525, 
181.522, 
181.538, 
181.548, 
181.556, 
181.574, 
181.563, 
181.57, 
181.57, 
181.58, 
181.559, 
181.534, 
181.523, 
181.531, 
181.539, 
181.554, 
181.568, 
181.561, 
181.546, 
181.557, 
181.574, 
181.577, 
181.564, 
181.564, 
181.55, 
181.537, 
181.519, 
181.509, 
181.488, 
181.5, 
181.504, 
181.489, 
181.469, 
181.451, 
181.441, 
181.45, 
181.456, 
181.454, 
181.447, 
181.423, 
181.422, 
181.435, 
181.453, 
181.45, 
181.452, 
181.464, 
181.471, 
181.45, 
181.433, 
181.408, 
181.416, 
181.422, 
181.407, 
181.397, 
181.408, 
181.416, 
181.42, 
181.419, 
181.398, 
181.396, 
181.408, 
181.424, 
181.441, 
181.461, 
181.46, 
181.445, 
181.46, 
181.48, 
181.499, 
181.5, 
181.503, 
181.509, 
181.508, 
181.507, 
181.509, 
181.515, 
181.524, 
181.506, 
181.495, 
181.497, 
181.486, 
181.469, 
181.478, 
181.463, 
181.469, 
181.487, 
181.5, 
181.516, 
181.532, 
181.534, 
181.552, 
181.558, 
181.543, 
181.526, 
181.538, 
181.534, 
181.521, 
181.523, 
181.518, 
181.514, 
181.531, 
181.534, 
181.547, 
181.532, 
181.539, 
181.536, 
181.517, 
181.5, 
181.496, 
181.5, 
181.511, 
181.517, 
181.535, 
181.545, 
181.548, 
181.543, 
181.556, 
181.557, 
181.56, 
181.539, 
181.518, 
181.503, 
181.505, 
181.506, 
181.506, 
181.521, 
181.502, 
181.48, 
181.483, 
181.491, 
181.49, 
181.502, 
181.516, 
181.537, 
181.55, 
181.566, 
181.583, 
181.576, 
181.578, 
181.589, 
181.599, 
181.602, 
181.608, 
181.617, 
181.63, 
181.635, 
181.643, 
181.649, 
181.637, 
181.612, 
181.609, 
181.611, 
181.62, 
181.627, 
181.637, 
181.642, 
181.647, 
181.664, 
181.661, 
181.655, 
181.667, 
181.662, 
181.646, 
181.646, 
181.631, 
181.636, 
181.651, 
181.638, 
181.619, 
181.597, 
181.574, 
181.583, 
181.595, 
181.578, 
181.556, 
181.539, 
181.554, 
181.568, 
181.584, 
181.581, 
181.582, 
181.566, 
181.549, 
181.527, 
181.526, 
181.537, 
181.546, 
181.559, 
181.574, 
181.586, 
181.579, 
181.567, 
181.583, 
181.6, 
181.619, 
181.625, 
181.617, 
181.627, 
181.625, 
181.628, 
181.642, 
181.64, 
181.623, 
181.618, 
181.636, 
181.651, 
181.633, 
181.644, 
181.661, 
181.669, 
181.671, 
181.668, 
181.652, 
181.639, 
181.631, 
181.619, 
181.642, 
181.629, 
181.614, 
181.613, 
181.608, 
181.599, 
181.585, 
181.59, 
181.587, 
181.601, 
181.606, 
181.61, 
181.622, 
181.635, 
181.643, 
181.649, 
181.655, 
181.653, 
181.631, 
181.613, 
181.591, 
181.574, 
181.551, 
181.545, 
181.548, 
181.54, 
181.558, 
181.545, 
181.525, 
181.509, 
181.509, 
181.524, 
181.518, 
181.494, 
181.5, 
181.517, 
181.527, 
181.537, 
181.531, 
181.509, 
181.513, 
181.524, 
181.531, 
181.541, 
181.538, 
181.546, 
181.546, 
181.525, 
181.507, 
181.498, 
181.496, 
181.504, 
181.511, 
181.53, 
181.539, 
181.523, 
181.515, 
181.506, 
181.51, 
181.526, 
181.519, 
181.532, 
181.551, 
181.565, 
181.573, 
181.567, 
181.573, 
181.574, 
181.575, 
181.577, 
181.586, 
181.599, 
181.616, 
181.632, 
181.643, 
181.65, 
181.659, 
181.666, 
181.681, 
181.693, 
181.7, 
181.697, 
181.688, 
181.681, 
181.674, 
181.683, 
181.678, 
181.665, 
181.657, 
181.666, 
181.679, 
181.672, 
181.683, 
181.692, 
181.694, 
181.703, 
181.712, 
181.706, 
181.687, 
181.673, 
181.657, 
181.662, 
181.68, 
181.694, 
181.679, 
181.68, 
181.661, 
181.664, 
181.657, 
181.664, 
181.66, 
181.664, 
181.674, 
181.692, 
181.709, 
181.721, 
181.731, 
181.733, 
181.729, 
181.739, 
181.755, 
181.75, 
181.749, 
181.75, 
181.752, 
181.739, 
181.729, 
181.73, 
181.744, 
181.756, 
181.748, 
181.754, 
181.765, 
181.755, 
181.764, 
181.772, 
181.757, 
181.765, 
181.778, 
181.781, 
181.778, 
181.784, 
181.788, 
181.786, 
181.787, 
181.79, 
181.797, 
181.804, 
181.818, 
181.828, 
181.837, 
181.846, 
181.849, 
181.853, 
181.849, 
181.851, 
181.863, 
181.863, 
181.848, 
181.863, 
181.879, 
181.89, 
181.889, 
181.906, 
181.919, 
181.923, 
181.929, 
181.919, 
181.904, 
181.896, 
181.875, 
181.855, 
181.837, 
181.841, 
181.846, 
181.839, 
181.846, 
181.833, 
181.834, 
181.829, 
181.841, 
181.849, 
181.839, 
181.848, 
181.865, 
181.853, 
181.861, 
181.868, 
181.879, 
181.898, 
181.909, 
181.925, 
181.931, 
181.946, 
181.952, 
181.933, 
181.932, 
181.944, 
181.933, 
181.938, 
181.949, 
181.958, 
181.969, 
181.967, 
181.957, 
181.949, 
181.965, 
181.959, 
181.942, 
181.945, 
181.951, 
181.948, 
181.946, 
181.965, 
181.979, 
181.997, 
182.011, 
182.017, 
182.03, 
182.019, 
181.997, 
182.01, 
182.014, 
182.004, 
182.01, 
182.021, 
182.006, 
182.013, 
182.022, 
182.037, 
182.055, 
182.047, 
182.037, 
182.044, 
182.024, 
182.024, 
182.024, 
182.015, 
182.016, 
182.005, 
181.987, 
181.969, 
181.955, 
181.97, 
181.975, 
181.957, 
181.964, 
181.977, 
181.978, 
181.99, 
181.985, 
181.987, 
181.995, 
181.992, 
182.004, 
181.984, 
181.964, 
181.96, 
181.954, 
181.97, 
181.969, 
181.982, 
181.972, 
181.956, 
181.941, 
181.927, 
181.943, 
181.938, 
181.923, 
181.919, 
181.896, 
181.881, 
181.884, 
181.867, 
181.854, 
181.851, 
181.863, 
181.876, 
181.879, 
181.864, 
181.861, 
181.859, 
181.877, 
181.881, 
181.864, 
181.855, 
181.869, 
181.885, 
181.891, 
181.899, 
181.895, 
181.882, 
181.875, 
181.876, 
181.884, 
181.891, 
181.874, 
181.881, 
181.893, 
181.89, 
181.905, 
181.921, 
181.927, 
181.945, 
181.951, 
181.942, 
181.93, 
181.909, 
181.92, 
181.925, 
181.935, 
181.942, 
181.937, 
181.925, 
181.911, 
181.892, 
181.89, 
181.896, 
181.892, 
181.888, 
181.891, 
181.904, 
181.921, 
181.929, 
181.938, 
181.94, 
181.928, 
181.943, 
181.95, 
181.93, 
181.941, 
181.954, 
181.96, 
181.972, 
181.987, 
181.998, 
182.009, 
182.008, 
182.01, 
182.005, 
181.997, 
182.001, 
181.991, 
181.972, 
181.962, 
181.97, 
181.985, 
181.986, 
181.992, 
181.986, 
181.987, 
181.982, 
181.991, 
182.008, 
182.013, 
181.995, 
181.996, 
181.982, 
181.965, 
181.979, 
181.987, 
181.981, 
181.982, 
181.987, 
181.999, 
182.01, 
182.014, 
182.023, 
182.033, 
182.022, 
182.01, 
182.007, 
182.018, 
182.016, 
182.009, 
182.008, 
182.009, 
181.993, 
181.978, 
181.984, 
182, 
181.999, 
181.984, 
181.977, 
181.985, 
182.002, 
181.994, 
181.997, 
181.987, 
181.982, 
181.966, 
181.949, 
181.93, 
181.922, 
181.921, 
181.927, 
181.943, 
181.953, 
181.956, 
181.944, 
181.933, 
181.944, 
181.935, 
181.934, 
181.921, 
181.937, 
181.948, 
181.945, 
181.935, 
181.948, 
181.96, 
181.957, 
181.971, 
181.976, 
181.994, 
181.993, 
181.976, 
181.954, 
181.947, 
181.947, 
181.933, 
181.916, 
181.903, 
181.885, 
181.868, 
181.855, 
181.851, 
181.869, 
181.875, 
181.871, 
181.862, 
181.871, 
181.89, 
181.886, 
181.881, 
181.885, 
181.883, 
181.889, 
181.902, 
181.897, 
181.913, 
181.924, 
181.932, 
181.927, 
181.918, 
181.913, 
181.895, 
181.874, 
181.859, 
181.842, 
181.83, 
181.842, 
181.853, 
181.867, 
181.873, 
181.881, 
181.893, 
181.908, 
181.906, 
181.893, 
181.895, 
181.902, 
181.917, 
181.929, 
181.93, 
181.916, 
181.899, 
181.885, 
181.878, 
181.879, 
181.861, 
181.873, 
181.857, 
181.835, 
181.822, 
181.824, 
181.838, 
181.828, 
181.829, 
181.844, 
181.827, 
181.812, 
181.799, 
181.78, 
181.77, 
181.782, 
181.796, 
181.781, 
181.761, 
181.761, 
181.76, 
181.752, 
181.735, 
181.729, 
181.733, 
181.733, 
181.729, 
181.71, 
181.696, 
181.689, 
181.676, 
181.66, 
181.671, 
181.679, 
181.659, 
181.643, 
181.632, 
181.63, 
181.643, 
181.652, 
181.668, 
181.678, 
181.686, 
181.704, 
181.72, 
181.728, 
181.738, 
181.753, 
181.763, 
181.772, 
181.789, 
181.8, 
181.808, 
181.807, 
181.789, 
181.778, 
181.759, 
181.744, 
181.738, 
181.726, 
181.735, 
181.749, 
181.747, 
181.757, 
181.746, 
181.745, 
181.752, 
181.761, 
181.774, 
181.783, 
181.774, 
181.774, 
181.776, 
181.78, 
181.785, 
181.789, 
181.803, 
181.804, 
181.813, 
181.823, 
181.837, 
181.852, 
181.846, 
181.847, 
181.839, 
181.847, 
181.851, 
181.846, 
181.832, 
181.836, 
181.843, 
181.827, 
181.831, 
181.837, 
181.85, 
181.853, 
181.857, 
181.862, 
181.851, 
181.839, 
181.844, 
181.84, 
181.849, 
181.844, 
181.843, 
181.839, 
181.836, 
181.828, 
181.838, 
181.845, 
181.845, 
181.838, 
181.846, 
181.84, 
181.826, 
181.829, 
181.833, 
181.848, 
181.848, 
181.862, 
181.88, 
181.891, 
181.904, 
181.894, 
181.89, 
181.878, 
181.86, 
181.839, 
181.82, 
181.828, 
181.82, 
181.812, 
181.801, 
181.815, 
181.832, 
181.836, 
181.843, 
181.834, 
181.818, 
181.799, 
181.813, 
181.799, 
181.812, 
181.825, 
181.829, 
181.839, 
181.836, 
181.822, 
181.828, 
181.831, 
181.839, 
181.853, 
181.867, 
181.879, 
181.894, 
181.896, 
181.893, 
181.882, 
181.866, 
181.878, 
181.885, 
181.898, 
181.911, 
181.915, 
181.923, 
181.933, 
181.941, 
181.925, 
181.93, 
181.948, 
181.942, 
181.939, 
181.924, 
181.91, 
181.913, 
181.916, 
181.914, 
181.922, 
181.92, 
181.905, 
181.885, 
181.864, 
181.862, 
181.863, 
181.87, 
181.883, 
181.883, 
181.894, 
181.909, 
181.897, 
181.903, 
181.896, 
181.882, 
181.87, 
181.871, 
181.871, 
181.882, 
181.881, 
181.895, 
181.912, 
181.927, 
181.942, 
181.958, 
181.976, 
181.981, 
181.989, 
181.991, 
181.988, 
181.987, 
181.99, 
181.999, 
182.016, 
182.011, 
181.993, 
182, 
181.999, 
182.006, 
182.007, 
182.012, 
181.998, 
181.985, 
181.968, 
181.959, 
181.95, 
181.96, 
181.974, 
181.986, 
181.991, 
182.001, 
181.993, 
181.997, 
182.003, 
181.988, 
181.99, 
181.986, 
181.979, 
181.99, 
181.982, 
181.98, 
181.985, 
181.995, 
182.009, 
182, 
182.003, 
181.988, 
181.977, 
181.964, 
181.95, 
181.931, 
181.924, 
181.915, 
181.909, 
181.924, 
181.933, 
181.947, 
181.96, 
181.971, 
181.975, 
181.978, 
181.994, 
181.986, 
181.963, 
181.944, 
181.927, 
181.931, 
181.939, 
181.923, 
181.92, 
181.931, 
181.918, 
181.903, 
181.887, 
181.872, 
181.871, 
181.884, 
181.899, 
181.881, 
181.874, 
181.88, 
181.883, 
181.889, 
181.897, 
181.906, 
181.916, 
181.905, 
181.913, 
181.923, 
181.932, 
181.945, 
181.952, 
181.941, 
181.93, 
181.91, 
181.905, 
181.914, 
181.93, 
181.925, 
181.923, 
181.932, 
181.921, 
181.903, 
181.907, 
181.918, 
181.918, 
181.926, 
181.937, 
181.943, 
181.935, 
181.95, 
181.958, 
181.954, 
181.948, 
181.944, 
181.956, 
181.942, 
181.944, 
181.955, 
181.962, 
181.95, 
181.933, 
181.921, 
181.911, 
181.925, 
181.929, 
181.911, 
181.905, 
181.911, 
181.904, 
181.903, 
181.907, 
181.913, 
181.922, 
181.933, 
181.935, 
181.948, 
181.956, 
181.964, 
181.974, 
181.987, 
182.005, 
182.02, 
182.029, 
182.034, 
182.042, 
182.045, 
182.038, 
182.028, 
182.026, 
182.018, 
182.03, 
182.019, 
182.001, 
182.012, 
181.995, 
181.976, 
181.954, 
181.941, 
181.946, 
181.947, 
181.953, 
181.964, 
181.965, 
181.973, 
181.984, 
181.998, 
182.008, 
182.019, 
182.037, 
182.052, 
182.062, 
182.071, 
182.055, 
182.049, 
182.044, 
182.055, 
182.063, 
182.066, 
182.051, 
182.055, 
182.064, 
182.042, 
182.025, 
182.017, 
182.01, 
181.993, 
182, 
181.999, 
181.992, 
181.997, 
181.988, 
181.984, 
181.974, 
181.972, 
181.976, 
181.972, 
181.972, 
181.983, 
181.993, 
182.002, 
182.005, 
182.02, 
182.026, 
182.018, 
182.011, 
182.015, 
182.005, 
182.014, 
182.021, 
182.007, 
182.01, 
181.995, 
181.975, 
181.954, 
181.95, 
181.936, 
181.916, 
181.914, 
181.929, 
181.917, 
181.921, 
181.926, 
181.92, 
181.901, 
181.899, 
181.911, 
181.915, 
181.925, 
181.909, 
181.909, 
181.916, 
181.928, 
181.945, 
181.955, 
181.971, 
181.969, 
181.956, 
181.947, 
181.937, 
181.941, 
181.928, 
181.908, 
181.9, 
181.897, 
181.88, 
181.868, 
181.86, 
181.846, 
181.837, 
181.844, 
181.845, 
181.85, 
181.84, 
181.833, 
181.832, 
181.815, 
181.801, 
181.798, 
181.786, 
181.778, 
181.767, 
181.758, 
181.757, 
181.763, 
181.752, 
181.744, 
181.749, 
181.758, 
181.768, 
181.777, 
181.766, 
181.775, 
181.79, 
181.785, 
181.772, 
181.776, 
181.769, 
181.781, 
181.783, 
181.797, 
181.812, 
181.827, 
181.839, 
181.84, 
181.852, 
181.869, 
181.876, 
181.876, 
181.87, 
181.874, 
181.882, 
181.875, 
181.861, 
181.862, 
181.862, 
181.877, 
181.893, 
181.905, 
181.911, 
181.916, 
181.932, 
181.943, 
181.934, 
181.923, 
181.933, 
181.941, 
181.947, 
181.949, 
181.947, 
181.928, 
181.923, 
181.918, 
181.924, 
181.934, 
181.949, 
181.958, 
181.956, 
181.974, 
181.993, 
182.007, 
182.014, 
182.025, 
182.008, 
182.018, 
182.013, 
182.006, 
182.009, 
182.018, 
182.008, 
182.008, 
182.018, 
182.018, 
182.016, 
182.026, 
182.017, 
182.003, 
181.99, 
181.985, 
181.994, 
182.002, 
181.997, 
181.991, 
181.982, 
181.976, 
181.972, 
181.954, 
181.938, 
181.926, 
181.941, 
181.942, 
181.94, 
181.926, 
181.917, 
181.922, 
181.911, 
181.895, 
181.898, 
181.892, 
181.899, 
181.895, 
181.881, 
181.879, 
181.864, 
181.851, 
181.864, 
181.874, 
181.863, 
181.873, 
181.878, 
181.888, 
181.896, 
181.886, 
181.899, 
181.901, 
181.902, 
181.902, 
181.912, 
181.923, 
181.935, 
181.94, 
181.926, 
181.93, 
181.931, 
181.924, 
181.924, 
181.94, 
181.935, 
181.922, 
181.91, 
181.916, 
181.918, 
181.91, 
181.896, 
181.895, 
181.896, 
181.901, 
181.9, 
181.888, 
181.887, 
181.873, 
181.878, 
181.864, 
181.863, 
181.875, 
181.886, 
181.894, 
181.9, 
181.916, 
181.921, 
181.924, 
181.931, 
181.939, 
181.928, 
181.923, 
181.931, 
181.921, 
181.926, 
181.932, 
181.943, 
181.949, 
181.939, 
181.925, 
181.923, 
181.923, 
181.937, 
181.934, 
181.926, 
181.93, 
181.92, 
181.916, 
181.926, 
181.927, 
181.939, 
181.95, 
181.963, 
181.976, 
181.987, 
181.991, 
181.975, 
181.96, 
181.973, 
181.983, 
181.997, 
182.01, 
182.015, 
182.031, 
182.032, 
182.018, 
182.026, 
182.025, 
182.034, 
182.042, 
182.046, 
182.057, 
182.07, 
182.07, 
182.073, 
182.083, 
182.078, 
182.065, 
182.054, 
182.04, 
182.021, 
182.02, 
182.03, 
182.035, 
182.041, 
182.055, 
182.05, 
182.048, 
182.033, 
182.034, 
182.046, 
182.04, 
182.031, 
182.017, 
182.003, 
181.986, 
181.989, 
181.987, 
181.982, 
181.994, 
181.992, 
181.993, 
181.981, 
181.973, 
181.978, 
181.984, 
181.998, 
181.998, 
182.014, 
182.028, 
182.028, 
182.033, 
182.034, 
182.042, 
182.033, 
182.022, 
182.032, 
182.042, 
182.036, 
182.023, 
182.024, 
182.039, 
182.029, 
182.013, 
182.021, 
182.016, 
182.014, 
182.011, 
182, 
182.005, 
182.012, 
182, 
181.999, 
182.011, 
182.025, 
182.036, 
182.029, 
182.036, 
182.048, 
182.054, 
182.061, 
182.069, 
182.062, 
182.058, 
182.071, 
182.077, 
182.09, 
182.099, 
182.089, 
182.085, 
182.076, 
182.065, 
182.068, 
182.072, 
182.071, 
182.067, 
182.074, 
182.076, 
182.085, 
182.083, 
182.071, 
182.057, 
182.064, 
182.079, 
182.067, 
182.078, 
182.089, 
182.079, 
182.089, 
182.103, 
182.114, 
182.115, 
182.103, 
182.09, 
182.084, 
182.072, 
182.06, 
182.059, 
182.051, 
182.061, 
182.07, 
182.059, 
182.057, 
182.06, 
182.056, 
182.043, 
182.027, 
182.04, 
182.043, 
182.025, 
182.009, 
181.995, 
181.983, 
181.975, 
181.982, 
181.994, 
182.004, 
182.013, 
182.008, 
182.022, 
182.033, 
182.02, 
182.022, 
182.028, 
182.024, 
182.034, 
182.049, 
182.061, 
182.064, 
182.05, 
182.046, 
182.047, 
182.06, 
182.076, 
182.09, 
182.098, 
182.088, 
182.078, 
182.093, 
182.09, 
182.069, 
182.052, 
182.049, 
182.033, 
182.035, 
182.048, 
182.047, 
182.048, 
182.039, 
182.054, 
182.068, 
182.078, 
182.071, 
182.077, 
182.09, 
182.099, 
182.107, 
182.109, 
182.118, 
182.132, 
182.145, 
182.159, 
182.158, 
182.145, 
182.132, 
182.13, 
182.124, 
182.11, 
182.091, 
182.074, 
182.078, 
182.065, 
182.046, 
182.056, 
182.063, 
182.07, 
182.083, 
182.088, 
182.092, 
182.091, 
182.086, 
182.081, 
182.077, 
182.084, 
182.066, 
182.064, 
182.066, 
182.073, 
182.077, 
182.084, 
182.068, 
182.056, 
182.046, 
182.035, 
182.026, 
182.016, 
182.002, 
182.005, 
182.012, 
182.024, 
182.033, 
182.027, 
182.035, 
182.042, 
182.042, 
182.052, 
182.052, 
182.056, 
182.055, 
182.058, 
182.074, 
182.078, 
182.061, 
182.074, 
182.074, 
182.071, 
182.062, 
182.057, 
182.046, 
182.031, 
182.014, 
182.014, 
182.026, 
182.029, 
182.035, 
182.039, 
182.037, 
182.049, 
182.064, 
182.077, 
182.092, 
182.106, 
182.111, 
182.123, 
182.126, 
182.132, 
182.138, 
182.151, 
182.153, 
182.151, 
182.152, 
182.164, 
182.17, 
182.17, 
182.172, 
182.181, 
182.185, 
182.188, 
182.196, 
182.185, 
182.181, 
182.162, 
182.142, 
182.139, 
182.146, 
182.137, 
182.126, 
182.116, 
182.123, 
182.121, 
182.127, 
182.126, 
182.126, 
182.132, 
182.148, 
182.15, 
182.141, 
182.138, 
182.139, 
182.133, 
182.132, 
182.128, 
182.114, 
182.123, 
182.135, 
182.141, 
182.139, 
182.149, 
182.16, 
182.17, 
182.159, 
182.148, 
182.151, 
182.167, 
182.173, 
182.181, 
182.187, 
182.186, 
182.188, 
182.174, 
182.181, 
182.17, 
182.149, 
182.134, 
182.12, 
182.111, 
182.112, 
182.108, 
182.103, 
182.096, 
182.107, 
182.119, 
182.126, 
182.135, 
182.134, 
182.117, 
182.103, 
182.091, 
182.076, 
182.077, 
182.082, 
182.088, 
182.09, 
182.091, 
182.094, 
182.104, 
182.116, 
182.125, 
182.132, 
182.136, 
182.142, 
182.148, 
182.139, 
182.12, 
182.102, 
182.091, 
182.072, 
182.063, 
182.048, 
182.057, 
182.05, 
182.058, 
182.055, 
182.051, 
182.049, 
182.057, 
182.071, 
182.061, 
182.046, 
182.034, 
182.043, 
182.052, 
182.038, 
182.027, 
182.026, 
182.016, 
182.014, 
181.997, 
181.981, 
181.974, 
181.977, 
181.978, 
181.981, 
181.982, 
181.983, 
181.98, 
181.984, 
181.996, 
182.001, 
182.007, 
181.998, 
181.989, 
181.981, 
181.968, 
181.949, 
181.938, 
181.924, 
181.914, 
181.902, 
181.908, 
181.9, 
181.898, 
181.89, 
181.894, 
181.883, 
181.873, 
181.88, 
181.89, 
181.901, 
181.896, 
181.88, 
181.868, 
181.865, 
181.873, 
181.888, 
181.901, 
181.905, 
181.906, 
181.891, 
181.875, 
181.866, 
181.849, 
181.833, 
181.833, 
181.821, 
181.818, 
181.826, 
181.831, 
181.838, 
181.826, 
181.818, 
181.826, 
181.819, 
181.83, 
181.835, 
181.852, 
181.861, 
181.87, 
181.875, 
181.867, 
181.849, 
181.847, 
181.833, 
181.822, 
181.819, 
181.813, 
181.811, 
181.804, 
181.796, 
181.789, 
181.773, 
181.762, 
181.764, 
181.757, 
181.765, 
181.77, 
181.756, 
181.75, 
181.742, 
181.747, 
181.729, 
181.72, 
181.721, 
181.722, 
181.711, 
181.715, 
181.716, 
181.704, 
181.716, 
181.718, 
181.719, 
181.715, 
181.726, 
181.731, 
181.727, 
181.736, 
181.73, 
181.73, 
181.742, 
181.743, 
181.741, 
181.735, 
181.733, 
181.739, 
181.725, 
181.711, 
181.711, 
181.721, 
181.72, 
181.717, 
181.706, 
181.695, 
181.691, 
181.691, 
181.701, 
181.703, 
181.714, 
181.706, 
181.713, 
181.705, 
181.693, 
181.68, 
181.686, 
181.684, 
181.684, 
181.668, 
181.659, 
181.668, 
181.663, 
181.65, 
181.66, 
181.669, 
181.658, 
181.656, 
181.669, 
181.682, 
181.67, 
181.672, 
181.661, 
181.652, 
181.662, 
181.674, 
181.662, 
181.649, 
181.635, 
181.638, 
181.641, 
181.637, 
181.624, 
181.611, 
181.615, 
181.606, 
181.609, 
181.599, 
181.594, 
181.595, 
181.591, 
181.598, 
181.605, 
181.593, 
181.587, 
181.588, 
181.583, 
181.583, 
181.585, 
181.588, 
181.578, 
181.56, 
181.561, 
181.563, 
181.57, 
181.561, 
181.544, 
181.531, 
181.517, 
181.517, 
181.504, 
181.51, 
181.526, 
181.537, 
181.523, 
181.507, 
181.492, 
181.497, 
181.498, 
181.482, 
181.481, 
181.493, 
181.509, 
181.516, 
181.517, 
181.509, 
181.496, 
181.504, 
181.508, 
181.493, 
181.486, 
181.486, 
181.492, 
181.5, 
181.508, 
181.507, 
181.515, 
181.526, 
181.52, 
181.507, 
181.492, 
181.502, 
181.497, 
181.502, 
181.515, 
181.506, 
181.498, 
181.501, 
181.491, 
181.497, 
181.493, 
181.497, 
181.486, 
181.484, 
181.493, 
181.479, 
181.474, 
181.472, 
181.483, 
181.492, 
181.494, 
181.485, 
181.472, 
181.473, 
181.48, 
181.489, 
181.497, 
181.488, 
181.48, 
181.478, 
181.486, 
181.493, 
181.488, 
181.488, 
181.498, 
181.512, 
181.516, 
181.506, 
181.512, 
181.524, 
181.535, 
181.548, 
181.54, 
181.541, 
181.54, 
181.552, 
181.56, 
181.566, 
181.575, 
181.586, 
181.591, 
181.607, 
181.616, 
181.617, 
181.624, 
181.627, 
181.636, 
181.633, 
181.619, 
181.622, 
181.633, 
181.648, 
181.657, 
181.661, 
181.645, 
181.627, 
181.609, 
181.615, 
181.611, 
181.614, 
181.602, 
181.588, 
181.573, 
181.565, 
181.566, 
181.574, 
181.563, 
181.566, 
181.574, 
181.583, 
181.591, 
181.596, 
181.597, 
181.596, 
181.601, 
181.606, 
181.619, 
181.635, 
181.646, 
181.66, 
181.666, 
181.671, 
181.683, 
181.668, 
181.657, 
181.647, 
181.657, 
181.659, 
181.645, 
181.631, 
181.636, 
181.649, 
181.661, 
181.671, 
181.661, 
181.652, 
181.655, 
181.652, 
181.65, 
181.632, 
181.617, 
181.601, 
181.586, 
181.579, 
181.562, 
181.558, 
181.567, 
181.57, 
181.566, 
181.551, 
181.553, 
181.559, 
181.557, 
181.562, 
181.568, 
181.56, 
181.561, 
181.564, 
181.575, 
181.577, 
181.584, 
181.598, 
181.601, 
181.608, 
181.608, 
181.595, 
181.581, 
181.59, 
181.596, 
181.609, 
181.599, 
181.613, 
181.605, 
181.598, 
181.592, 
181.575, 
181.567, 
181.571, 
181.578, 
181.592, 
181.603, 
181.604, 
181.609, 
181.615, 
181.617, 
181.608, 
181.619, 
181.621, 
181.635, 
181.64, 
181.646, 
181.66, 
181.672, 
181.665, 
181.662, 
181.672, 
181.676, 
181.684, 
181.693, 
181.692, 
181.7, 
181.707, 
181.715, 
181.72, 
181.726, 
181.733, 
181.734, 
181.744, 
181.753, 
181.761, 
181.757, 
181.748, 
181.74, 
181.744, 
181.737, 
181.746, 
181.759, 
181.763, 
181.774, 
181.786, 
181.798, 
181.809, 
181.798, 
181.784, 
181.772, 
181.754, 
181.753, 
181.761, 
181.758, 
181.76, 
181.768, 
181.765, 
181.764, 
181.762, 
181.75, 
181.755, 
181.744, 
181.737, 
181.724, 
181.732, 
181.737, 
181.745, 
181.758, 
181.769, 
181.781, 
181.766, 
181.767, 
181.75, 
181.753, 
181.759, 
181.765, 
181.775, 
181.778, 
181.767, 
181.775, 
181.766, 
181.774, 
181.765, 
181.755, 
181.754, 
181.764, 
181.765, 
181.762, 
181.748, 
181.75, 
181.759, 
181.758, 
181.748, 
181.735, 
181.723, 
181.712, 
181.706, 
181.708, 
181.701, 
181.687, 
181.677, 
181.664, 
181.659, 
181.665, 
181.66, 
181.663, 
181.668, 
181.673, 
181.662, 
181.677, 
181.687, 
181.687, 
181.678, 
181.677, 
181.676, 
181.691, 
181.704, 
181.69, 
181.674, 
181.668, 
181.669, 
181.669, 
181.66, 
181.652, 
181.645, 
181.645, 
181.631, 
181.621, 
181.616, 
181.606, 
181.609, 
181.606, 
181.59, 
181.589, 
181.59, 
181.572, 
181.559, 
181.572, 
181.562, 
181.553, 
181.552, 
181.562, 
181.575, 
181.565, 
181.553, 
181.538, 
181.53, 
181.543, 
181.544, 
181.544, 
181.546, 
181.536, 
181.534, 
181.525, 
181.523, 
181.523, 
181.508, 
181.495, 
181.498, 
181.499, 
181.508, 
181.518, 
181.529, 
181.542, 
181.551, 
181.558, 
181.57, 
181.585, 
181.583, 
181.588, 
181.581, 
181.562, 
181.546, 
181.54, 
181.534, 
181.525, 
181.51, 
181.494, 
181.485, 
181.487, 
181.482, 
181.472, 
181.478, 
181.478, 
181.482, 
181.488, 
181.478, 
181.464, 
181.473, 
181.486, 
181.478, 
181.491, 
181.493, 
181.49, 
181.489, 
181.495, 
181.497, 
181.504, 
181.509, 
181.502, 
181.494, 
181.506, 
181.51, 
181.494, 
181.497, 
181.504, 
181.497, 
181.505, 
181.512, 
181.498, 
181.5, 
181.482, 
181.468, 
181.474, 
181.47, 
181.456, 
181.449, 
181.445, 
181.449, 
181.449, 
181.458, 
181.458, 
181.456, 
181.468, 
181.48, 
181.493, 
181.501, 
181.507, 
181.513, 
181.499, 
181.491, 
181.492, 
181.486, 
181.471, 
181.463, 
181.453, 
181.444, 
181.433, 
181.423, 
181.428, 
181.443, 
181.443, 
181.443, 
181.447, 
181.456, 
181.468, 
181.481, 
181.475, 
181.473, 
181.485, 
181.478, 
181.462, 
181.45, 
181.459, 
181.458, 
181.463, 
181.461, 
181.461, 
181.446, 
181.45, 
181.451, 
181.458, 
181.461, 
181.455, 
181.448, 
181.439, 
181.448, 
181.457, 
181.46, 
181.447, 
181.444, 
181.434, 
181.427, 
181.434, 
181.439, 
181.44, 
181.431, 
181.422, 
181.414, 
181.418, 
181.427, 
181.416, 
181.399, 
181.397, 
181.403, 
181.406, 
181.394, 
181.382, 
181.371, 
181.366, 
181.362, 
181.354, 
181.365, 
181.377, 
181.376, 
181.387, 
181.374, 
181.36, 
181.359, 
181.364, 
181.374, 
181.375, 
181.368, 
181.366, 
181.372, 
181.383, 
181.371, 
181.376, 
181.375, 
181.383, 
181.381, 
181.377, 
181.383, 
181.386, 
181.388, 
181.391, 
181.394, 
181.391, 
181.394, 
181.386, 
181.39, 
181.401, 
181.41, 
181.395, 
181.385, 
181.369, 
181.373, 
181.381, 
181.391, 
181.382, 
181.39, 
181.382, 
181.391, 
181.405, 
181.419, 
181.428, 
181.443, 
181.447, 
181.441, 
181.455, 
181.46, 
181.466, 
181.478, 
181.49, 
181.489, 
181.487, 
181.47, 
181.478, 
181.49, 
181.482, 
181.485, 
181.49, 
181.483, 
181.487, 
181.496, 
181.505, 
181.512, 
181.508, 
181.497, 
181.485, 
181.486, 
181.497, 
181.507, 
181.515, 
181.523, 
181.536, 
181.551, 
181.563, 
181.573, 
181.57, 
181.557, 
181.57, 
181.582, 
181.582, 
181.59, 
181.602, 
181.609, 
181.612, 
181.607, 
181.621, 
181.615, 
181.621, 
181.617, 
181.615, 
181.621, 
181.627, 
181.62, 
181.621, 
181.632, 
181.622, 
181.631, 
181.626, 
181.639, 
181.644, 
181.641, 
181.651, 
181.643, 
181.636, 
181.633, 
181.641, 
181.653, 
181.659, 
181.655, 
181.666, 
181.672, 
181.667, 
181.668, 
181.68, 
181.688, 
181.698, 
181.69, 
181.685, 
181.683, 
181.68, 
181.667, 
181.659, 
181.668, 
181.675, 
181.685, 
181.693, 
181.678, 
181.67, 
181.68, 
181.69, 
181.704, 
181.711, 
181.701, 
181.694, 
181.697, 
181.707, 
181.7, 
181.689, 
181.677, 
181.678, 
181.691, 
181.698, 
181.696, 
181.71, 
181.719, 
181.726, 
181.735, 
181.74, 
181.733, 
181.743, 
181.748, 
181.75, 
181.759, 
181.751, 
181.746, 
181.754, 
181.758, 
181.74, 
181.737, 
181.751, 
181.755, 
181.769, 
181.761, 
181.754, 
181.762, 
181.76, 
181.766, 
181.764, 
181.762, 
181.77, 
181.771, 
181.766, 
181.761, 
181.761, 
181.748, 
181.753, 
181.749, 
181.736, 
181.738, 
181.737, 
181.725, 
181.709, 
181.705, 
181.699, 
181.697, 
181.703, 
181.716, 
181.727, 
181.727, 
181.732, 
181.742, 
181.745, 
181.747, 
181.745, 
181.753, 
181.759, 
181.772, 
181.784, 
181.794, 
181.787, 
181.777, 
181.787, 
181.799, 
181.805, 
181.804, 
181.806, 
181.803, 
181.795, 
181.787, 
181.775, 
181.759, 
181.748, 
181.761, 
181.774, 
181.786, 
181.784, 
181.78, 
181.777, 
181.777, 
181.786, 
181.783, 
181.771, 
181.766, 
181.775, 
181.782, 
181.778, 
181.768, 
181.769, 
181.77, 
181.778, 
181.781, 
181.774, 
181.76, 
181.753, 
181.762, 
181.766, 
181.758, 
181.766, 
181.775, 
181.778, 
181.78, 
181.784, 
181.782, 
181.77, 
181.765, 
181.76, 
181.75, 
181.751, 
181.756, 
181.76, 
181.768, 
181.765, 
181.77, 
181.777, 
181.789, 
181.794, 
181.787, 
181.783, 
181.793, 
181.795, 
181.798, 
181.805, 
181.808, 
181.794, 
181.776, 
181.768, 
181.772, 
181.768, 
181.76, 
181.764, 
181.762, 
181.773, 
181.782, 
181.787, 
181.769, 
181.754, 
181.76, 
181.772, 
181.774, 
181.773, 
181.782, 
181.778, 
181.79, 
181.792, 
181.794, 
181.782, 
181.784, 
181.798, 
181.812, 
181.812, 
181.806, 
181.819, 
181.83, 
181.841, 
181.83, 
181.82, 
181.823, 
181.827, 
181.823, 
181.826, 
181.824, 
181.83, 
181.828, 
181.836, 
181.835, 
181.834, 
181.837, 
181.841, 
181.841, 
181.846, 
181.847, 
181.841, 
181.845, 
181.846, 
181.844, 
181.846, 
181.836, 
181.84, 
181.849, 
181.843, 
181.84, 
181.842, 
181.851, 
181.848, 
181.831, 
181.817, 
181.827, 
181.833, 
181.845, 
181.848, 
181.86, 
181.867, 
181.881, 
181.887, 
181.894, 
181.908, 
181.909, 
181.894, 
181.883, 
181.885, 
181.887, 
181.901, 
181.903, 
181.904, 
181.913, 
181.923, 
181.935, 
181.936, 
181.939, 
181.935, 
181.934, 
181.933, 
181.935, 
181.941, 
181.932, 
181.922, 
181.921, 
181.917, 
181.915, 
181.921, 
181.918, 
181.929, 
181.936, 
181.949, 
181.952, 
181.953, 
181.967, 
181.976, 
181.964, 
181.975, 
181.982, 
181.983, 
181.992, 
182.002, 
182.011, 
182.014, 
182.029, 
182.044, 
182.054, 
182.069, 
182.08, 
182.091, 
182.096, 
182.097, 
182.088, 
182.081, 
182.089, 
182.095, 
182.105, 
182.111, 
182.124, 
182.135, 
182.145, 
182.15, 
182.155, 
182.162, 
182.152, 
182.147, 
182.135, 
182.143, 
182.149, 
182.151, 
182.14, 
182.127, 
182.128, 
182.123, 
182.122, 
182.137, 
182.129, 
182.133, 
182.138, 
182.144, 
182.147, 
182.154, 
182.144, 
182.133, 
182.117, 
182.106, 
182.09, 
182.089, 
182.082, 
182.082, 
182.093, 
182.094, 
182.098, 
182.107, 
182.114, 
182.109, 
182.104, 
182.112, 
182.107, 
182.11, 
182.114, 
182.105, 
182.105, 
182.116, 
182.114, 
182.103, 
182.106, 
182.104, 
182.118, 
182.111, 
182.1, 
182.104, 
182.093, 
182.081, 
182.085, 
182.097, 
182.089, 
182.083, 
182.074, 
182.078, 
182.068, 
182.063, 
182.047, 
182.035, 
182.023, 
182.014, 
182.012, 
182.008, 
182.021, 
182.032, 
182.043, 
182.058, 
182.056, 
182.049, 
182.049, 
182.039, 
182.04, 
182.035, 
182.028, 
182.028, 
182.026, 
182.033, 
182.047, 
182.059, 
182.055, 
182.062, 
182.068, 
182.067, 
182.055, 
182.053, 
182.062, 
182.069, 
182.07, 
182.06, 
182.05, 
182.041, 
182.034, 
182.042, 
182.048, 
182.06, 
182.073, 
182.087, 
182.088, 
182.083, 
182.069, 
182.063, 
182.067, 
182.065, 
182.055, 
182.042, 
182.044, 
182.051, 
182.055, 
182.064, 
182.073, 
182.069, 
182.059, 
182.045, 
182.041, 
182.042, 
182.041, 
182.036, 
182.045, 
182.049, 
182.053, 
182.065, 
182.077, 
182.083, 
182.09, 
182.092, 
182.097, 
182.101, 
182.099, 
182.094, 
182.1, 
182.108, 
182.109, 
182.107, 
182.094, 
182.082, 
182.084, 
182.095, 
182.104, 
182.097, 
182.094, 
182.091, 
182.101, 
182.114, 
182.113, 
182.106, 
182.093, 
182.092, 
182.085, 
182.073, 
182.074, 
182.073, 
182.064, 
182.066, 
182.065, 
182.075, 
182.085, 
182.088, 
182.078, 
182.071, 
182.078, 
182.084, 
182.08, 
182.067, 
182.074, 
182.084, 
182.09, 
182.085, 
182.093, 
182.098, 
182.093, 
182.083, 
182.09, 
182.099, 
182.109, 
182.1, 
182.092, 
182.098, 
182.09, 
182.096, 
182.103, 
182.116, 
182.121, 
182.117, 
182.112, 
182.098, 
182.094, 
182.087, 
182.087, 
182.102, 
182.107, 
182.113, 
182.117, 
182.103, 
182.104, 
182.112, 
182.124, 
182.128, 
182.122, 
182.131, 
182.127, 
182.112, 
182.097, 
182.096, 
182.097, 
182.103, 
182.112, 
182.121, 
182.122, 
182.132, 
182.141, 
182.145, 
182.139, 
182.13, 
182.121, 
182.111, 
182.099, 
182.104, 
182.114, 
182.116, 
182.115, 
182.123, 
182.124, 
182.131, 
182.138, 
182.147, 
182.156, 
182.161, 
182.169, 
182.18, 
182.193, 
182.2, 
182.193, 
182.186, 
182.19, 
182.181, 
182.175, 
182.159, 
182.156, 
182.159, 
182.168, 
182.159, 
182.151, 
182.159, 
182.164, 
182.169, 
182.16, 
182.149, 
182.141, 
182.132, 
182.133, 
182.139, 
182.139, 
182.144, 
182.151, 
182.157, 
182.158, 
182.155, 
182.145, 
182.156, 
182.157, 
182.161, 
182.169, 
182.178, 
182.184, 
182.175, 
182.17, 
182.162, 
182.153, 
182.145, 
182.137, 
182.144, 
182.154, 
182.16, 
182.161, 
182.157, 
182.15, 
182.154, 
182.161, 
182.162, 
182.17, 
182.177, 
182.186, 
182.193, 
182.187, 
182.174, 
182.181, 
182.19, 
182.202, 
182.194, 
182.195, 
182.199, 
182.204, 
182.212, 
182.216, 
182.22, 
182.223, 
182.217, 
182.215, 
182.216, 
182.231, 
182.243, 
182.238, 
182.225, 
182.218, 
182.213, 
182.207, 
182.204, 
182.2, 
182.207, 
182.204, 
182.215, 
182.205, 
182.189, 
182.185, 
182.186, 
182.181, 
182.184, 
182.176, 
182.172, 
182.157, 
182.149, 
182.146, 
182.142, 
182.135, 
182.143, 
182.147, 
182.145, 
182.136, 
182.137, 
182.148, 
182.16, 
182.161, 
182.157, 
182.158, 
182.162, 
182.154, 
182.152, 
182.149, 
182.142, 
182.131, 
182.133, 
182.137, 
182.14, 
182.137, 
182.135, 
182.144, 
182.136, 
182.123, 
182.117, 
182.111, 
182.117, 
182.128, 
182.137, 
182.148, 
182.155, 
182.162, 
182.163, 
182.151, 
182.142, 
182.143, 
182.129, 
182.12, 
182.123, 
182.114, 
182.106, 
182.112, 
182.116, 
182.115, 
182.118, 
182.11, 
182.101, 
182.09, 
182.086, 
182.079, 
182.088, 
182.097, 
182.107, 
182.113, 
182.125, 
182.14, 
182.138, 
182.127, 
182.125, 
182.113, 
182.102, 
182.112, 
182.098, 
182.097, 
182.103, 
182.11, 
182.114, 
182.117, 
182.111, 
182.115, 
182.116, 
182.101, 
182.1, 
182.109, 
182.112, 
182.116, 
182.121, 
182.127, 
182.129, 
182.128, 
182.126, 
182.125, 
182.125, 
182.137, 
182.141, 
182.132, 
182.121, 
182.117, 
182.119, 
182.123, 
182.118, 
182.126, 
182.124, 
182.129, 
182.131, 
182.129, 
182.117, 
182.109, 
182.105, 
182.109, 
182.117, 
182.114, 
182.102, 
182.096, 
182.104, 
182.116, 
182.106, 
182.101, 
182.097, 
182.084, 
182.083, 
182.072, 
182.083, 
182.086, 
182.085, 
182.088, 
182.083, 
182.089, 
182.078, 
182.075, 
182.074, 
182.059, 
182.063, 
182.066, 
182.075, 
182.079, 
182.083, 
182.07, 
182.071, 
182.065, 
182.056, 
182.044, 
182.037, 
182.039, 
182.024, 
182.034, 
182.028, 
182.035, 
182.042, 
182.043, 
182.045, 
182.053, 
182.046, 
182.051, 
182.059, 
182.06, 
182.049, 
182.037, 
182.043, 
182.054, 
182.058, 
182.071, 
182.078, 
182.086, 
182.098, 
182.085, 
182.081, 
182.083, 
182.07, 
182.071, 
182.08, 
182.088, 
182.092, 
182.078, 
182.076, 
182.088, 
182.096, 
182.104, 
182.107, 
182.111, 
182.121, 
182.124, 
182.133, 
182.14, 
182.133, 
182.132, 
182.132, 
182.118, 
182.106, 
182.109, 
182.116, 
182.125, 
182.121, 
182.122, 
182.126, 
182.127, 
182.138, 
182.152, 
182.155, 
182.141, 
182.129, 
182.114, 
182.115, 
182.111, 
182.102, 
182.112, 
182.101, 
182.102, 
182.102, 
182.103, 
182.094, 
182.092, 
182.085, 
182.083, 
182.089, 
182.095, 
182.086, 
182.081, 
182.091, 
182.091, 
182.098, 
182.105, 
182.106, 
182.114, 
182.114, 
182.116, 
182.117, 
182.119, 
182.121, 
182.108, 
182.098, 
182.103, 
182.091, 
182.085, 
182.074, 
182.061, 
182.058, 
182.068, 
182.07, 
182.061, 
182.056, 
182.064, 
182.064, 
182.077, 
182.091, 
182.1, 
182.109, 
182.12, 
182.12, 
182.117, 
182.112, 
182.117, 
182.124, 
182.122, 
182.11, 
182.107, 
182.116, 
182.122, 
182.131, 
182.127, 
182.121, 
182.118, 
182.127, 
182.117, 
182.103, 
182.099, 
182.097, 
182.09, 
182.098, 
182.1, 
182.098, 
182.108, 
182.119, 
182.119, 
182.105, 
182.096, 
182.101, 
182.114, 
182.112, 
182.117, 
182.111, 
182.105, 
182.109, 
182.115, 
182.108, 
182.096, 
182.098, 
182.097, 
182.086, 
182.081, 
182.091, 
182.097, 
182.1, 
182.099, 
182.102, 
182.103, 
182.098, 
182.106, 
182.117, 
182.122, 
182.116, 
182.121, 
182.109, 
182.101, 
182.11, 
182.12, 
182.111, 
182.115, 
182.118, 
182.121, 
182.112, 
182.124, 
182.134, 
182.132, 
182.134, 
182.144, 
182.15, 
182.156, 
182.158, 
182.164, 
182.172, 
182.17, 
182.177, 
182.182, 
182.185, 
182.186, 
182.188, 
182.194, 
182.204, 
182.203, 
182.209, 
182.205, 
182.192, 
182.192, 
182.183, 
182.179, 
182.189, 
182.199, 
182.205, 
182.208, 
182.201, 
182.192, 
182.183, 
182.183, 
182.178, 
182.167, 
182.168, 
182.166, 
182.167, 
182.152, 
182.158, 
182.165, 
182.175, 
182.169, 
182.165, 
182.154, 
182.148, 
182.15, 
182.154, 
182.162, 
182.168, 
182.161, 
182.153, 
182.144, 
182.15, 
182.15, 
182.148, 
182.145, 
182.145, 
182.141, 
182.128, 
182.122, 
182.12, 
182.114, 
182.102, 
182.087, 
182.094, 
182.092, 
182.103, 
182.112, 
182.099, 
182.089, 
182.085, 
182.082, 
182.084, 
182.075, 
182.067, 
182.056, 
182.043, 
182.032, 
182.025, 
182.011, 
181.998, 
181.988, 
181.986, 
181.978, 
181.974, 
181.976, 
181.979, 
181.983, 
181.969, 
181.973, 
181.972, 
181.977, 
181.967, 
181.959, 
181.957, 
181.957, 
181.946, 
181.939, 
181.937, 
181.944, 
181.955, 
181.962, 
181.973, 
181.982, 
181.975, 
181.968, 
181.976, 
181.981, 
181.987, 
181.989, 
181.99, 
181.989, 
181.994, 
181.984, 
181.977, 
181.98, 
181.974, 
181.982, 
181.991, 
181.999, 
182.006, 
182.006, 
182.018, 
182.026, 
182.011, 
181.997, 
181.992, 
181.992, 
181.995, 
181.988, 
181.983, 
181.99, 
181.981, 
181.973, 
181.975, 
181.983, 
181.99, 
181.979, 
181.967, 
181.955, 
181.964, 
181.977, 
181.988, 
181.996, 
182.006, 
182.001, 
182.008, 
182.009, 
182.015, 
182.022, 
182.014, 
182.009, 
182.019, 
182.02, 
182.027, 
182.038, 
182.042, 
182.046, 
182.047, 
182.052, 
182.065, 
182.065, 
182.068, 
182.069, 
182.056, 
182.041, 
182.031, 
182.037, 
182.044, 
182.052, 
182.064, 
182.061, 
182.068, 
182.071, 
182.078, 
182.067, 
182.065, 
182.058, 
182.05, 
182.04, 
182.048, 
182.054, 
182.058, 
182.057, 
182.044, 
182.036, 
182.031, 
182.032, 
182.043, 
182.053, 
182.051, 
182.04, 
182.028, 
182.037, 
182.042, 
182.047, 
182.055, 
182.054, 
182.059, 
182.06, 
182.07, 
182.068, 
182.068, 
182.075, 
182.084, 
182.086, 
182.09, 
182.1, 
182.107, 
182.119, 
182.127, 
182.135, 
182.138, 
182.142, 
182.15, 
182.156, 
182.163, 
182.17, 
182.175, 
182.184, 
182.191, 
182.201, 
182.209, 
182.218, 
182.229, 
182.241, 
182.253, 
182.253, 
182.251, 
182.253, 
182.252, 
182.265, 
182.269, 
182.28, 
182.275, 
182.272, 
182.273, 
182.275, 
182.273, 
182.267, 
182.264, 
182.274, 
182.287, 
182.297, 
182.288, 
182.289, 
182.297, 
182.308, 
182.3, 
182.289, 
182.284, 
182.29, 
182.284, 
182.289, 
182.292, 
182.292, 
182.297, 
182.303, 
182.3, 
182.298, 
182.307, 
182.315, 
182.322, 
182.329, 
182.33, 
182.332, 
182.336, 
182.344, 
182.336, 
182.325, 
182.312, 
182.299, 
182.295, 
182.282, 
182.269, 
182.255, 
182.257, 
182.26, 
182.266, 
182.275, 
182.275, 
182.271, 
182.273, 
182.277, 
182.287, 
182.294, 
182.29, 
182.302, 
182.309, 
182.307, 
182.318, 
182.322, 
182.32, 
182.313, 
182.3, 
182.292, 
182.297, 
182.29, 
182.288, 
182.292, 
182.294, 
182.302, 
182.307, 
182.31, 
182.317, 
182.315, 
182.301, 
182.29, 
182.287, 
182.276, 
182.269, 
182.259, 
182.246, 
182.244, 
182.247, 
182.255, 
182.241, 
182.245, 
182.258, 
182.272, 
182.282, 
182.279, 
182.27, 
182.26, 
182.264, 
182.271, 
182.271, 
182.283, 
182.282, 
182.286, 
182.293, 
182.302, 
182.305, 
182.311, 
182.315, 
182.316, 
182.309, 
182.315, 
182.323, 
182.335, 
182.347, 
182.358, 
182.366, 
182.36, 
182.369, 
182.359, 
182.347, 
182.35, 
182.34, 
182.33, 
182.316, 
182.314, 
182.319, 
182.318, 
182.321, 
182.317, 
182.328, 
182.317, 
182.306, 
182.3, 
182.311, 
182.319, 
182.308, 
182.296, 
182.299, 
182.298, 
182.283, 
182.277, 
182.285, 
182.289, 
182.292, 
182.299, 
182.311, 
182.306, 
182.311, 
182.298, 
182.291, 
182.296, 
182.304, 
182.294, 
182.288, 
182.277, 
182.262, 
182.247, 
182.237, 
182.226, 
182.228, 
182.222, 
182.215, 
182.218, 
182.213, 
182.218, 
182.218, 
182.207, 
182.195, 
182.184, 
182.19, 
182.192, 
182.19, 
182.196, 
182.191, 
182.19, 
182.19, 
182.193, 
182.194, 
182.205, 
182.209, 
182.214, 
182.216, 
182.215, 
182.22, 
182.224, 
182.236, 
182.246, 
182.253, 
182.253, 
182.258, 
182.263, 
182.267, 
182.255, 
182.262, 
182.272, 
182.283, 
182.293, 
182.3, 
182.309, 
182.316, 
182.306, 
182.294, 
182.289, 
182.287, 
182.294, 
182.307, 
182.318, 
182.322, 
182.329, 
182.339, 
182.338, 
182.326, 
182.315, 
182.31, 
182.319, 
182.325, 
182.329, 
182.324, 
182.325, 
182.32, 
182.322, 
182.332, 
182.345, 
182.343, 
182.351, 
182.357, 
182.363, 
182.373, 
182.384, 
182.395, 
182.404, 
182.41, 
182.414, 
182.424, 
182.432, 
182.441, 
182.449, 
182.443, 
182.453, 
182.454, 
182.46, 
182.465, 
182.466, 
182.462, 
182.462, 
182.475, 
182.482, 
182.483, 
182.477, 
182.468, 
182.46, 
182.451, 
182.436, 
182.429, 
182.429, 
182.434, 
182.431, 
182.441, 
182.451, 
182.456, 
182.459, 
182.467, 
182.477, 
182.468, 
182.457, 
182.458, 
182.448, 
182.453, 
182.455, 
182.453, 
182.45, 
182.438, 
182.439, 
182.445, 
182.442, 
182.427, 
182.425, 
182.436, 
182.444, 
182.434, 
182.444, 
182.447, 
182.445, 
182.434, 
182.425, 
182.432, 
182.44, 
182.444, 
182.43, 
182.435, 
182.43, 
182.426, 
182.431, 
182.436, 
182.444, 
182.447, 
182.438, 
182.443, 
182.455, 
182.457, 
182.461, 
182.449, 
182.44, 
182.438, 
182.436, 
182.422, 
182.42, 
182.43, 
182.437, 
182.446, 
182.453, 
182.439, 
182.442, 
182.44, 
182.434, 
182.43, 
182.427, 
182.433, 
182.432, 
182.434, 
182.428, 
182.43, 
182.419, 
182.421, 
182.414, 
182.402, 
182.393, 
182.392, 
182.385, 
182.389, 
182.399, 
182.408, 
182.411, 
182.396, 
182.383, 
182.38, 
182.385, 
182.386, 
182.376, 
182.364, 
182.358, 
182.349, 
182.344, 
182.335, 
182.341, 
182.34, 
182.342, 
182.33, 
182.33, 
182.33, 
182.32, 
182.327, 
182.336, 
182.335, 
182.341, 
182.347, 
182.355, 
182.36, 
182.36, 
182.367, 
182.377, 
182.378, 
182.379, 
182.386, 
182.378, 
182.391, 
182.399, 
182.408, 
182.415, 
182.411, 
182.4, 
182.386, 
182.372, 
182.364, 
182.369, 
182.357, 
182.345, 
182.334, 
182.326, 
182.335, 
182.344, 
182.352, 
182.36, 
182.347, 
182.347, 
182.341, 
182.327, 
182.314, 
182.305, 
182.307, 
182.319, 
182.327, 
182.332, 
182.341, 
182.349, 
182.341, 
182.338, 
182.345, 
182.341, 
182.33, 
182.321, 
182.325, 
182.321, 
182.324, 
182.326, 
182.336, 
182.344, 
182.347, 
182.334, 
182.322, 
182.31, 
182.306, 
182.309, 
182.313, 
182.319, 
182.319, 
182.325, 
182.327, 
182.334, 
182.332, 
182.33, 
182.337, 
182.336, 
182.337, 
182.342, 
182.344, 
182.35, 
182.351, 
182.355, 
182.364, 
182.36, 
182.366, 
182.356, 
182.365, 
182.375, 
182.38, 
182.384, 
182.379, 
182.38, 
182.366, 
182.36, 
182.363, 
182.366, 
182.367, 
182.367, 
182.356, 
182.35, 
182.348, 
182.338, 
182.335, 
182.345, 
182.354, 
182.358, 
182.356, 
182.354, 
182.358, 
182.352, 
182.354, 
182.366, 
182.38, 
182.373, 
182.376, 
182.365, 
182.367, 
182.375, 
182.384, 
182.395, 
182.384, 
182.391, 
182.402, 
182.408, 
182.416, 
182.418, 
182.427, 
182.423, 
182.426, 
182.431, 
182.438, 
182.447, 
182.451, 
182.439, 
182.424, 
182.413, 
182.412, 
182.419, 
182.427, 
182.434, 
182.439, 
182.441, 
182.435, 
182.435, 
182.427, 
182.429, 
182.43, 
182.435, 
182.441, 
182.446, 
182.456, 
182.463, 
182.466, 
182.472, 
182.475, 
182.471, 
182.473, 
182.475, 
182.471, 
182.469, 
182.469, 
182.465, 
182.459, 
182.468, 
182.475, 
182.481, 
182.489, 
182.495, 
182.485, 
182.475, 
182.461, 
182.458, 
182.452, 
182.444, 
182.438, 
182.438, 
182.433, 
182.426, 
182.413, 
182.407, 
182.396, 
182.399, 
182.392, 
182.4, 
182.409, 
182.406, 
182.395, 
182.385, 
182.379, 
182.366, 
182.358, 
182.357, 
182.352, 
182.339, 
182.331, 
182.328, 
182.328, 
182.334, 
182.323, 
182.321, 
182.319, 
182.316, 
182.327, 
182.336, 
182.333, 
182.339, 
182.334, 
182.343, 
182.342, 
182.341, 
182.347, 
182.345, 
182.338, 
182.337, 
182.336, 
182.332, 
182.323, 
182.314, 
182.303, 
182.292, 
182.282, 
182.272, 
182.26, 
182.269, 
182.27, 
182.268, 
182.273, 
182.267, 
182.253, 
182.254, 
182.255, 
182.255, 
182.249, 
182.242, 
182.245, 
182.252, 
182.26, 
182.254, 
182.253, 
182.246, 
182.234, 
182.225, 
182.221, 
182.23, 
182.241, 
182.236, 
182.236, 
182.23, 
182.235, 
182.241, 
182.232, 
182.241, 
182.245, 
182.249, 
182.252, 
182.25, 
182.238, 
182.239, 
182.25, 
182.261, 
182.267, 
182.263, 
182.25, 
182.245, 
182.235, 
182.239, 
182.244, 
182.251, 
182.259, 
182.268, 
182.272, 
182.274, 
182.277, 
182.277, 
182.263, 
182.267, 
182.272, 
182.274, 
182.282, 
182.287, 
182.3, 
182.298, 
182.304, 
182.312, 
182.31, 
182.321, 
182.326, 
182.325, 
182.331, 
182.334, 
182.333, 
182.342, 
182.349, 
182.357, 
182.357, 
182.351, 
182.344, 
182.342, 
182.35, 
182.357, 
182.359, 
182.357, 
182.356, 
182.349, 
182.345, 
182.35, 
182.356, 
182.366, 
182.375, 
182.382, 
182.389, 
182.399, 
182.402, 
182.398, 
182.384, 
182.376, 
182.38, 
182.377, 
182.385, 
182.395, 
182.39, 
182.387, 
182.396, 
182.395, 
182.4, 
182.4, 
182.405, 
182.401, 
182.402, 
182.407, 
182.415, 
182.414, 
182.408, 
182.404, 
182.4, 
182.395, 
182.381, 
182.373, 
182.376, 
182.384, 
182.387, 
182.39, 
182.379, 
182.382, 
182.388, 
182.398, 
182.394, 
182.391, 
182.397, 
182.39, 
182.391, 
182.382, 
182.376, 
182.372, 
182.38, 
182.378, 
182.381, 
182.388, 
182.395, 
182.401, 
182.405, 
182.417, 
182.423, 
182.426, 
182.422, 
182.425, 
182.432, 
182.431, 
182.424, 
182.416, 
182.425, 
182.433, 
182.44, 
182.443, 
182.45, 
182.46, 
182.463, 
182.456, 
182.454, 
182.463, 
182.464, 
182.454, 
182.462, 
182.468, 
182.48, 
182.489, 
182.489, 
182.486, 
182.487, 
182.486, 
182.492, 
182.502, 
182.51, 
182.499, 
182.488, 
182.483, 
182.48, 
182.483, 
182.479, 
182.469, 
182.459, 
182.452, 
182.445, 
182.44, 
182.44, 
182.435, 
182.43, 
182.43, 
182.417, 
182.423, 
182.422, 
182.425, 
182.42, 
182.421, 
182.423, 
182.422, 
182.431, 
182.437, 
182.443, 
182.444, 
182.434, 
182.426, 
182.428, 
182.419, 
182.413, 
182.406, 
182.411, 
182.418, 
182.418, 
182.42, 
182.416, 
