24, 
30, 
-8, 
-42, 
-12, 
-54, 
-64, 
-110, 
-128, 
-182, 
-250, 
-302, 
-344, 
-372, 
-398, 
-398, 
-396, 
-394, 
-392, 
-392, 
-394, 
-398, 
-396, 
-396, 
-392, 
-386, 
-394, 
-398, 
-396, 
-390, 
-396, 
-392, 
-396, 
-394, 
-398, 
-394, 
-394, 
-394, 
-394, 
-396, 
-396, 
-392, 
-398, 
-392, 
-390, 
-396, 
-396, 
-394, 
-394, 
-396, 
-390, 
-392, 
-396, 
-390, 
-392, 
-398, 
-396, 
-394, 
-400, 
-396, 
-394, 
-398, 
-400, 
-396, 
-392, 
-396, 
-398, 
-390, 
-394, 
-392, 
-398, 
-390, 
-392, 
-396, 
-396, 
-398, 
-400, 
-394, 
-398, 
-398, 
-394, 
-394, 
-392, 
-394, 
-394, 
-394, 
-396, 
-394, 
-392, 
-398, 
-396, 
-398, 
-396, 
-394, 
-396, 
-388, 
-398, 
-398, 
-398, 
-394, 
-390, 
-394, 
-398, 
-392, 
-396, 
-396, 
-390, 
-392, 
-396, 
-396, 
-394, 
-390, 
-392, 
-394, 
-396, 
-390, 
-400, 
-398, 
-394, 
-396, 
-388, 
-398, 
-386, 
-396, 
-396, 
-398, 
-394, 
-400, 
-396, 
-398, 
-392, 
-396, 
-398, 
-392, 
-396, 
-400, 
-390, 
-394, 
-398, 
-398, 
-396, 
-396, 
-392, 
-394, 
-398, 
-392, 
-400, 
-396, 
-400, 
-390, 
-394, 
-390, 
-398, 
-398, 
-398, 
-398, 
-396, 
-394, 
-398, 
-396, 
-396, 
-394, 
-394, 
-392, 
-396, 
-400, 
-398, 
-396, 
-400, 
-400, 
-396, 
-396, 
-396, 
-394, 
-396, 
-400, 
-398, 
-398, 
-396, 
-390, 
-398, 
-396, 
-394, 
-388, 
-386, 
-396, 
-392, 
-390, 
-392, 
-382, 
-396, 
-394, 
-400, 
-398, 
-392, 
-398, 
-394, 
-396, 
-396, 
-392, 
-398, 
-398, 
-398, 
-394, 
-396, 
-400, 
-398, 
-396, 
-400, 
-388, 
-398, 
-398, 
-392, 
-392, 
-398, 
-396, 
-390, 
-388, 
-390, 
-396, 
-398, 
-394, 
-396, 
-392, 
-392, 
-396, 
-392, 
-390, 
-394, 
-394, 
-388, 
-398, 
-396, 
-400, 
-398, 
-396, 
-394, 
-396, 
-400, 
-388, 
-400, 
-398, 
-396, 
-396, 
-398, 
-394, 
-398, 
-392, 
-398, 
-392, 
-398, 
-400, 
-398, 
-396, 
-400, 
-392, 
-398, 
-394, 
-392, 
-398, 
-396, 
-400, 
-396, 
-400, 
-392, 
-396, 
-388, 
-396, 
-392, 
-386, 
-394, 
-396, 
-388, 
-398, 
-394, 
-396, 
-400, 
-396, 
-396, 
-390, 
-398, 
-390, 
-394, 
-396, 
-394, 
-400, 
-396, 
-392, 
-396, 
-400, 
-396, 
-398, 
-388, 
-398, 
-390, 
-394, 
-398, 
-384, 
-396, 
-394, 
-390, 
-392, 
-398, 
-390, 
-390, 
-392, 
-394, 
-396, 
-392, 
-396, 
-394, 
-388, 
-398, 
-396, 
-394, 
-390, 
-394, 
-396, 
-398, 
-394, 
-394, 
-396, 
-400, 
-396, 
-398, 
-394, 
-394, 
-396, 
-400, 
-394, 
-394, 
-392, 
-396, 
-392, 
-394, 
-396, 
-394, 
-394, 
-396, 
-396, 
-396, 
-394, 
-396, 
-398, 
-386, 
-388, 
-396, 
-394, 
-398, 
-396, 
-394, 
-394, 
-398, 
-394, 
-394, 
-386, 
-394, 
-394, 
-392, 
-388, 
-396, 
-396, 
-398, 
-390, 
-390, 
-394, 
-394, 
-400, 
-388, 
-384, 
-388, 
-394, 
-386, 
-398, 
-384, 
-392, 
-394, 
-394, 
-392, 
-400, 
-394, 
-400, 
-394, 
-398, 
-392, 
-392, 
-398, 
-398, 
-400, 
-396, 
-394, 
-388, 
-386, 
-396, 
-396, 
-398, 
-396, 
-398, 
-400, 
-400, 
-398, 
-392, 
-396, 
-392, 
-390, 
-390, 
-396, 
-398, 
-394, 
-392, 
-398, 
-400, 
-398, 
-400, 
-388, 
-386, 
-394, 
-396, 
-400, 
-396, 
-388, 
-388, 
-398, 
-396, 
-390, 
-386, 
-394, 
-396, 
-398, 
-394, 
-394, 
-398, 
-392, 
-398, 
-398, 
-400, 
-394, 
-396, 
-396, 
-394, 
-396, 
-400, 
-398, 
-396, 
-400, 
-396, 
-398, 
-398, 
-400, 
-400, 
-396, 
-398, 
-398, 
-390, 
-396, 
-392, 
-392, 
-394, 
-396, 
-396, 
-388, 
-392, 
-392, 
-398, 
-396, 
-400, 
-396, 
-398, 
-400, 
-398, 
-396, 
-396, 
-394, 
-394, 
-398, 
-396, 
-398, 
-400, 
-398, 
-400, 
-394, 
-400, 
-394, 
-398, 
-400, 
-400, 
-398, 
-400, 
-396, 
-398, 
-382, 
-388, 
-394, 
-390, 
-392, 
-396, 
-392, 
-388, 
-398, 
-388, 
-392, 
-398, 
-396, 
-396, 
-390, 
-394, 
-394, 
-388, 
-392, 
-396, 
-382, 
-398, 
-398, 
-380, 
-392, 
-390, 
-392, 
-398, 
-398, 
-400, 
-392, 
-398, 
-396, 
-394, 
-392, 
-396, 
-396, 
-394, 
-392, 
-400, 
-396, 
-398, 
-400, 
-396, 
-390, 
-394, 
-392, 
-398, 
-396, 
-396, 
-390, 
-396, 
-398, 
-396, 
-396, 
-388, 
-396, 
-394, 
-394, 
-392, 
-396, 
-396, 
-396, 
-392, 
-394, 
-394, 
-388, 
-400, 
-396, 
-396, 
-392, 
-396, 
-396, 
-394, 
-390, 
-394, 
-396, 
-390, 
-382, 
-388, 
-390, 
-398, 
-398, 
-398, 
-400, 
-392, 
-400, 
-398, 
-396, 
-398, 
-398, 
-394, 
-394, 
-392, 
-388, 
-386, 
-392, 
-394, 
-396, 
-398, 
-396, 
-394, 
-392, 
-398, 
-400, 
-394, 
-396, 
-390, 
-386, 
-398, 
-396, 
-396, 
-396, 
-390, 
-394, 
-394, 
-398, 
-386, 
-392, 
-394, 
-390, 
-394, 
-394, 
-396, 
-396, 
-400, 
-396, 
-396, 
-388, 
-388, 
-392, 
-390, 
-392, 
-388, 
-396, 
-390, 
-390, 
-400, 
-388, 
-390, 
-394, 
-394, 
-398, 
-400, 
-398, 
-396, 
-398, 
-392, 
-396, 
-394, 
-394, 
-398, 
-396, 
-394, 
-392, 
-394, 
-396, 
-398, 
-392, 
-394, 
-396, 
-396, 
-396, 
-390, 
-398, 
-394, 
-394, 
-392, 
-396, 
-400, 
-386, 
-400, 
-398, 
-398, 
-394, 
-394, 
-396, 
-396, 
-392, 
-398, 
-394, 
-400, 
-398, 
-394, 
-396, 
-392, 
-396, 
-396, 
-388, 
-390, 
-392, 
-394, 
-398, 
-398, 
-390, 
-394, 
-390, 
-386, 
-390, 
-390, 
-396, 
-398, 
-396, 
-396, 
-398, 
-390, 
-392, 
-394, 
-396, 
-400, 
-396, 
-398, 
-392, 
-396, 
-394, 
-398, 
-394, 
-390, 
-394, 
-400, 
-392, 
-396, 
-396, 
-394, 
-398, 
-388, 
-384, 
-396, 
-396, 
-400, 
-398, 
-396, 
-396, 
-398, 
-396, 
-398, 
-394, 
-396, 
-396, 
-396, 
-398, 
-398, 
-400, 
-392, 
-388, 
-396, 
-398, 
-394, 
-396, 
-392, 
-394, 
-398, 
-396, 
-394, 
-394, 
-396, 
-400, 
-398, 
-398, 
-398, 
-392, 
-390, 
-394, 
-394, 
-388, 
-390, 
-394, 
-392, 
-392, 
-386, 
-384, 
-392, 
-398, 
-392, 
-390, 
-390, 
-398, 
-394, 
-398, 
-388, 
-396, 
-396, 
-398, 
-394, 
-394, 
-390, 
-392, 
-394, 
-396, 
-394, 
-398, 
-400, 
-398, 
-394, 
-390, 
-394, 
-396, 
-394, 
-396, 
-390, 
-398, 
-396, 
-394, 
-388, 
-394, 
-398, 
-400, 
-396, 
-396, 
-394, 
-400, 
-400, 
-392, 
-384, 
-398, 
-396, 
-396, 
-396, 
-388, 
-400, 
-396, 
-392, 
-400, 
-400, 
-390, 
-398, 
-398, 
-396, 
-392, 
-382, 
-392, 
-394, 
-400, 
-400, 
-394, 
-392, 
-398, 
-392, 
-390, 
-394, 
-400, 
-396, 
-390, 
-398, 
-400, 
-392, 
-394, 
-398, 
-396, 
-394, 
-394, 
-390, 
-396, 
-396, 
-398, 
-398, 
-398, 
-392, 
-398, 
-396, 
-400, 
-396, 
-392, 
-388, 
-382, 
-388, 
-390, 
-400, 
-398, 
-396, 
-394, 
-392, 
-396, 
-394, 
-396, 
-396, 
-400, 
-394, 
-398, 
-396, 
-394, 
-392, 
-392, 
-398, 
-394, 
-396, 
-392, 
-394, 
-396, 
-394, 
-398, 
-396, 
-392, 
-388, 
-394, 
-396, 
-396, 
-400, 
-400, 
-396, 
-386, 
-390, 
-380, 
-394, 
-396, 
-396, 
-398, 
-398, 
-394, 
-388, 
-384, 
-392, 
-396, 
-396, 
-394, 
-384, 
-398, 
-398, 
-390, 
-396, 
-400, 
-398, 
-394, 
-390, 
-394, 
-390, 
-394, 
-392, 
-398, 
-398, 
-392, 
-394, 
-396, 
-392, 
-394, 
-394, 
-390, 
-392, 
-398, 
-396, 
-396, 
-390, 
-398, 
-394, 
-398, 
-398, 
-396, 
-392, 
-394, 
-396, 
-396, 
-396, 
-400, 
-394, 
-394, 
-396, 
-396, 
-398, 
-398, 
-394, 
-396, 
-394, 
-394, 
-390, 
-388, 
-380, 
-384, 
-380, 
-390, 
-396, 
-398, 
-398, 
-396, 
-396, 
-392, 
-398, 
-398, 
-396, 
-388, 
-396, 
-400, 
-398, 
-392, 
-392, 
-396, 
-396, 
-398, 
-392, 
-394, 
-394, 
-396, 
-398, 
-396, 
-394, 
-400, 
-390, 
-398, 
-398, 
-400, 
-398, 
-398, 
-396, 
-400, 
-392, 
-398, 
-396, 
-392, 
-394, 
-396, 
-396, 
-396, 
