-42, 
-86, 
-112, 
-140, 
-134, 
-160, 
-174, 
-178, 
-176, 
-192, 
-196, 
-206, 
-208, 
-194, 
-228, 
-234, 
-230, 
-222, 
-226, 
-210, 
-222, 
-226, 
-244, 
-256, 
-282, 
-294, 
-318, 
-320, 
-342, 
-340, 
-354, 
-350, 
-350, 
-360, 
-370, 
-380, 
-386, 
-392, 
-396, 
-398, 
-400, 
-400, 
-400, 
-400, 
-400, 
-400, 
-398, 
-398, 
-400, 
-398, 
-398, 
-400, 
-400, 
-400, 
-400, 
-400, 
-400, 
-398, 
-398, 
-400, 
-400, 
-400, 
-400, 
-400, 
-400, 
-400, 
-400, 
-400, 
-398, 
-398, 
-400, 
-400, 
-400, 
-400, 
-400, 
-400, 
-398, 
-398, 
-398, 
-398, 
-400, 
-398, 
-398, 
-400, 
-400, 
-400, 
-398, 
-398, 
-396, 
-400, 
-400, 
-400, 
-400, 
-400, 
-400, 
-400, 
-400, 
-400, 
-400, 
-400, 
-400, 
-400, 
-400, 
-400, 
-400, 
-400, 
-398, 
-398, 
-400, 
-400, 
-400, 
-400, 
-398, 
-400, 
-400, 
-396, 
-400, 
-400, 
-400, 
-398, 
-400, 
-400, 
-400, 
-400, 
-398, 
-398, 
-398, 
-398, 
-400, 
-400, 
-400, 
-398, 
-400, 
-398, 
-400, 
-400, 
-398, 
-400, 
-400, 
-400, 
-398, 
-400, 
-396, 
-400, 
-400, 
-400, 
-400, 
-400, 
-400, 
-400, 
-400, 
-400, 
-400, 
-400, 
-400, 
-400, 
-400, 
-400, 
-398, 
-400, 
-400, 
-400, 
-400, 
-400, 
-400, 
-400, 
-400, 
-398, 
-398, 
-400, 
-400, 
-400, 
-398, 
-398, 
-400, 
-400, 
-400, 
-400, 
-400, 
-400, 
-400, 
-398, 
-398, 
-400, 
-400, 
-400, 
-400, 
-400, 
-400, 
-400, 
-400, 
-398, 
-392, 
-394, 
-394, 
-396, 
-400, 
-400, 
-400, 
-400, 
-400, 
-400, 
-398, 
-400, 
-400, 
-400, 
-398, 
-398, 
-400, 
-400, 
-400, 
-400, 
-400, 
-400, 
-400, 
-400, 
-400, 
-400, 
-400, 
-400, 
-400, 
-400, 
-400, 
-400, 
-398, 
-394, 
-390, 
-398, 
-400, 
-400, 
-400, 
-400, 
-400, 
-400, 
-400, 
-398, 
-398, 
-398, 
-400, 
-398, 
-400, 
-400, 
-398, 
-394, 
-398, 
-398, 
-398, 
-400, 
-400, 
-400, 
-400, 
-398, 
-398, 
-398, 
-398, 
-400, 
-400, 
-400, 
-400, 
-400, 
-400, 
-400, 
-400, 
-400, 
-400, 
-398, 
-400, 
-400, 
-400, 
-400, 
-400, 
-400, 
-398, 
-398, 
-400, 
-398, 
-398, 
-400, 
-400, 
-400, 
-398, 
-398, 
-400, 
-400, 
-400, 
-400, 
-400, 
-398, 
-400, 
-400, 
-400, 
-400, 
-400, 
-400, 
-400, 
-400, 
-396, 
-396, 
-400, 
-400, 
-400, 
-400, 
-400, 
-400, 
-398, 
-400, 
-400, 
-400, 
-400, 
-400, 
-400, 
-400, 
-400, 
-398, 
-400, 
-400, 
-400, 
-400, 
-400, 
-400, 
-400, 
-400, 
-400, 
-398, 
-398, 
-398, 
-400, 
-400, 
-400, 
-400, 
-400, 
-400, 
-400, 
-400, 
-400, 
-400, 
-400, 
-396, 
-400, 
-400, 
-400, 
-400, 
-400, 
-400, 
-400, 
-398, 
-396, 
-398, 
-398, 
-400, 
-400, 
-400, 
-400, 
-398, 
-400, 
-400, 
-400, 
-400, 
-398, 
-396, 
-400, 
-400, 
-400, 
-400, 
-400, 
-400, 
-398, 
-398, 
-400, 
-398, 
-398, 
-398, 
-396, 
-400, 
-398, 
-398, 
-400, 
-400, 
-400, 
-400, 
-400, 
-400, 
-400, 
-400, 
-400, 
-398, 
-398, 
-400, 
-400, 
-400, 
-400, 
-400, 
-400, 
-400, 
-400, 
-400, 
-400, 
-400, 
-400, 
-400, 
-400, 
-398, 
-400, 
-400, 
-400, 
-400, 
-398, 
-400, 
-400, 
-400, 
-400, 
-398, 
-398, 
-398, 
-396, 
-398, 
-400, 
-400, 
-398, 
-400, 
-400, 
-400, 
-400, 
-398, 
-398, 
-398, 
-400, 
-400, 
-400, 
-400, 
-400, 
-398, 
-400, 
-396, 
-398, 
-398, 
-400, 
-400, 
-400, 
-400, 
-400, 
-400, 
-400, 
-400, 
-400, 
-400, 
-400, 
-400, 
-400, 
-400, 
-400, 
-400, 
-400, 
-398, 
-396, 
-398, 
-400, 
-400, 
-398, 
-398, 
-400, 
-400, 
-400, 
-400, 
-398, 
-398, 
-398, 
-398, 
-398, 
-398, 
-398, 
-400, 
-400, 
-400, 
-400, 
-400, 
-398, 
-400, 
-398, 
-398, 
-400, 
-400, 
-400, 
-398, 
-400, 
-398, 
-398, 
-398, 
-398, 
-398, 
-400, 
-400, 
-398, 
-400, 
-400, 
-400, 
-400, 
-400, 
-400, 
-400, 
-400, 
-400, 
-400, 
-400, 
-400, 
-398, 
-400, 
-400, 
-400, 
-400, 
-400, 
-398, 
-400, 
-398, 
-398, 
-398, 
-398, 
-400, 
-398, 
-400, 
-400, 
-400, 
-400, 
-400, 
-400, 
-400, 
-398, 
-400, 
-400, 
-400, 
-398, 
-398, 
-400, 
-396, 
-398, 
-398, 
-398, 
-398, 
-400, 
-400, 
-400, 
-400, 
-400, 
-400, 
-400, 
-400, 
-400, 
-400, 
-400, 
-400, 
-400, 
-400, 
-396, 
-398, 
-398, 
-400, 
-400, 
-400, 
-400, 
-398, 
-400, 
-400, 
-400, 
-400, 
-400, 
-400, 
-400, 
-400, 
-398, 
-398, 
-400, 
-400, 
-400, 
-400, 
-400, 
-400, 
-400, 
-400, 
-400, 
-398, 
-400, 
-398, 
-400, 
-400, 
-400, 
-400, 
-398, 
-398, 
-400, 
-400, 
-400, 
-400, 
-400, 
-400, 
-400, 
-400, 
-400, 
-400, 
-400, 
-398, 
-400, 
-400, 
-400, 
-400, 
-400, 
-398, 
-400, 
-398, 
-398, 
-398, 
-398, 
-396, 
-398, 
-400, 
-400, 
-398, 
-400, 
-400, 
-400, 
-400, 
-400, 
-400, 
-400, 
-400, 
-400, 
-398, 
-396, 
-400, 
-400, 
-400, 
-400, 
-400, 
-400, 
-400, 
-400, 
-400, 
-400, 
-400, 
-400, 
-400, 
-400, 
-400, 
-400, 
-400, 
-400, 
-400, 
-400, 
-400, 
-396, 
-396, 
-398, 
-400, 
-400, 
-400, 
-400, 
-400, 
-400, 
-400, 
-400, 
-400, 
-400, 
-400, 
-398, 
-398, 
-400, 
-400, 
-400, 
-400, 
-400, 
-400, 
-400, 
-400, 
-400, 
-400, 
-400, 
-400, 
-398, 
-398, 
-396, 
-400, 
-400, 
-398, 
-400, 
-400, 
-398, 
-400, 
-400, 
-400, 
-400, 
-400, 
-400, 
-400, 
-400, 
-398, 
-398, 
-400, 
-400, 
-400, 
-400, 
-398, 
-398, 
-398, 
-400, 
-398, 
-398, 
-400, 
-400, 
-398, 
-398, 
-398, 
-400, 
-400, 
-398, 
-398, 
-400, 
-400, 
-398, 
-398, 
-400, 
-398, 
-398, 
-400, 
-400, 
-400, 
-400, 
-400, 
-400, 
-400, 
-400, 
-400, 
-400, 
-400, 
-400, 
-400, 
-400, 
-398, 
-400, 
-400, 
-400, 
-400, 
-400, 
-400, 
-400, 
-400, 
-400, 
-400, 
-398, 
-400, 
-400, 
-400, 
-398, 
-400, 
-400, 
-400, 
-400, 
-400, 
-400, 
-400, 
-400, 
-400, 
-400, 
-400, 
-400, 
-400, 
-400, 
-400, 
-400, 
-400, 
-400, 
-400, 
-400, 
-400, 
-400, 
-400, 
-400, 
-400, 
-398, 
-400, 
-398, 
-398, 
-400, 
-400, 
-400, 
-396, 
-392, 
-394, 
-400, 
-400, 
-400, 
-400, 
-398, 
-400, 
-400, 
-400, 
-400, 
-400, 
-400, 
-400, 
-400, 
-400, 
-400, 
-400, 
-400, 
-400, 
-400, 
-400, 
-400, 
-400, 
-400, 
-400, 
-400, 
-400, 
-400, 
-400, 
-400, 
-400, 
-400, 
-398, 
-400, 
-400, 
-400, 
-398, 
-400, 
-400, 
-398, 
-398, 
-400, 
-400, 
-400, 
-400, 
-398, 
-400, 
-400, 
-398, 
-400, 
-400, 
-400, 
-400, 
-400, 
-400, 
-400, 
-400, 
-400, 
-398, 
-400, 
-400, 
-400, 
-400, 
-400, 
-400, 
-400, 
-400, 
-400, 
-398, 
-398, 
-396, 
-400, 
-400, 
-400, 
-400, 
-400, 
-400, 
-400, 
-400, 
-400, 
-400, 
-400, 
-400, 
-400, 
-400, 
-400, 
-398, 
-398, 
-400, 
-398, 
-396, 
-396, 
-398, 
-398, 
-396, 
-396, 
-398, 
-400, 
-398, 
-398, 
-400, 
-400, 
-400, 
-400, 
-400, 
-398, 
-400, 
-400, 
-400, 
-400, 
-400, 
-400, 
-400, 
-400, 
-398, 
-400, 
-400, 
-400, 
-400, 
-400, 
-398, 
-400, 
-400, 
-400, 
-398, 
-400, 
-400, 
-394, 
-400, 
-400, 
-400, 
-398, 
-398, 
-398, 
-394, 
-392, 
-396, 
-394, 
-398, 
-400, 
-400, 
-400, 
-398, 
-400, 
-400, 
-400, 
-400, 
-400, 
-398, 
-398, 
-398, 
-398, 
-400, 
-400, 
-400, 
-400, 
-396, 
-400, 
-400, 
-400, 
-400, 
-400, 
-400, 
-400, 
-400, 
-400, 
-400, 
-400, 
-398, 
-398, 
-398, 
-396, 
-396, 
-396, 
-398, 
-400, 
-400, 
-400, 
-400, 
-400, 
-400, 
-400, 
-400, 
-400, 
-400, 
-400, 
-400, 
-398, 
-398, 
-400, 
-400, 
-400, 
-400, 
-398, 
-400, 
-400, 
-400, 
-400, 
-400, 
-400, 
-400, 
-400, 
-398, 
-400, 
-400, 
-398, 
-400, 
-400, 
-400, 
-400, 
-400, 
-400, 
-400, 
-398, 
-400, 
-400, 
