384, 
38, 
-20, 
-12, 
44, 
58, 
38, 
-160, 
18, 
352, 
242, 
224, 
228, 
200, 
342, 
232, 
182, 
72, 
-232, 
-258, 
-330, 
-132, 
-220, 
-178, 
-210, 
-168, 
-44, 
-196, 
-238, 
-144, 
40, 
156, 
32, 
-20, 
90, 
46, 
216, 
240, 
306, 
164, 
310, 
206, 
208, 
-146, 
158, 
188, 
226, 
296, 
230, 
88, 
-238, 
-92, 
-212, 
-196, 
-312, 
-42, 
-152, 
-48, 
-142, 
-206, 
-34, 
-158, 
-214, 
-10, 
258, 
118, 
162, 
266, 
182, 
264, 
176, 
260, 
226, 
284, 
-2, 
54, 
-242, 
-252, 
-272, 
6, 
332, 
166, 
-2, 
-94, 
-250, 
-280, 
-84, 
104, 
156, 
148, 
130, 
138, 
174, 
-136, 
-50, 
-156, 
-334, 
-180, 
140, 
252, 
172, 
