20, 
-6, 
-10, 
-10, 
10, 
42, 
38, 
26, 
60, 
46, 
38, 
0, 
-6, 
-8, 
-12, 
-18, 
-42, 
-40, 
-42, 
-50, 
-64, 
-40, 
-64, 
-58, 
-54, 
-48, 
-58, 
-58, 
-80, 
-104, 
-122, 
-140, 
-140, 
-146, 
-164, 
-200, 
-190, 
-186, 
-206, 
-196, 
-214, 
-218, 
-242, 
-240, 
-272, 
-322, 
-336, 
-358, 
-368, 
-392, 
-396, 
-396, 
-386, 
-394, 
-382, 
-386, 
-374, 
-376, 
-384, 
-370, 
-378, 
-392, 
-390, 
-386, 
-394, 
-392, 
-384, 
-392, 
-386, 
-392, 
-398, 
-396, 
-396, 
-394, 
-378, 
-382, 
-396, 
-396, 
-396, 
-390, 
-400, 
-398, 
-396, 
-400, 
-398, 
-396, 
-396, 
-398, 
-400, 
-396, 
-400, 
-396, 
-396, 
-394, 
-392, 
-398, 
-398, 
-394, 
-388, 
-392, 
-396, 
-384, 
-390, 
-392, 
-394, 
-396, 
-386, 
-392, 
-384, 
-398, 
-394, 
-398, 
-392, 
-398, 
-388, 
-386, 
-390, 
-394, 
-394, 
-398, 
-400, 
-396, 
-396, 
-394, 
-394, 
-388, 
-396, 
-394, 
-386, 
-390, 
-396, 
-392, 
-384, 
-392, 
-396, 
-380, 
-386, 
-386, 
-390, 
-388, 
-390, 
-396, 
-398, 
-388, 
-394, 
-398, 
-382, 
-380, 
-390, 
-388, 
-388, 
-388, 
-388, 
-392, 
-396, 
-400, 
-392, 
-392, 
-400, 
-394, 
-392, 
-388, 
-394, 
-394, 
-390, 
-390, 
-392, 
-398, 
-392, 
-394, 
-392, 
-390, 
-396, 
-398, 
-398, 
-388, 
-390, 
-392, 
-400, 
-398, 
-396, 
-392, 
-394, 
-392, 
-392, 
-392, 
-390, 
-400, 
-394, 
-378, 
-390, 
-398, 
-394, 
-392, 
-396, 
-394, 
-380, 
-390, 
-390, 
-388, 
-398, 
-398, 
-394, 
-382, 
-394, 
-394, 
-396, 
-398, 
-396, 
-388, 
-396, 
-392, 
-398, 
-390, 
-394, 
-380, 
-392, 
-388, 
-390, 
-396, 
-394, 
-392, 
-390, 
-398, 
-396, 
-390, 
-392, 
-390, 
-394, 
-384, 
-398, 
-396, 
-392, 
-392, 
-400, 
-394, 
-390, 
-388, 
-390, 
-382, 
-394, 
-384, 
-398, 
-396, 
-392, 
-396, 
-398, 
-386, 
-392, 
-384, 
-380, 
-392, 
-386, 
-392, 
-396, 
-394, 
-398, 
-398, 
-390, 
-400, 
-394, 
-400, 
-396, 
-392, 
-386, 
-396, 
-390, 
-386, 
-394, 
-390, 
-388, 
-396, 
-390, 
-394, 
-392, 
-382, 
-386, 
-380, 
-392, 
-390, 
-384, 
-396, 
-386, 
-394, 
-386, 
-388, 
-388, 
-398, 
-382, 
-384, 
-396, 
-390, 
-392, 
-386, 
-394, 
-392, 
-396, 
-398, 
-390, 
-392, 
-382, 
-396, 
-398, 
-394, 
-398, 
-396, 
-400, 
-388, 
-390, 
-380, 
-384, 
-396, 
-394, 
-398, 
-394, 
-384, 
-386, 
-388, 
-394, 
-396, 
-388, 
-388, 
-388, 
-394, 
-396, 
-388, 
-386, 
-398, 
-396, 
-398, 
-382, 
-398, 
-394, 
-400, 
-400, 
-390, 
-386, 
-394, 
-392, 
-388, 
-388, 
-396, 
-396, 
-388, 
-376, 
-390, 
-398, 
-390, 
-388, 
-398, 
-398, 
-396, 
-398, 
-396, 
-398, 
-400, 
-394, 
-396, 
-396, 
-392, 
-394, 
-392, 
-374, 
-374, 
-376, 
-380, 
-386, 
-394, 
-396, 
-392, 
-392, 
-390, 
-400, 
-394, 
-394, 
-398, 
-394, 
-392, 
-388, 
-392, 
-380, 
-386, 
-394, 
-398, 
-396, 
-392, 
-396, 
-396, 
-398, 
-390, 
-394, 
-396, 
-394, 
-394, 
-388, 
-384, 
-386, 
-382, 
-384, 
-380, 
-394, 
-400, 
-394, 
-392, 
-392, 
-378, 
-386, 
-380, 
-380, 
-396, 
-392, 
-398, 
-398, 
-382, 
-374, 
-388, 
-390, 
-386, 
-396, 
-394, 
-394, 
-394, 
-394, 
-398, 
-390, 
-390, 
-394, 
-394, 
-388, 
-388, 
-384, 
-392, 
-398, 
-396, 
-392, 
-398, 
-394, 
-400, 
-396, 
-390, 
-394, 
-390, 
-390, 
-382, 
-394, 
-398, 
-394, 
-392, 
-390, 
-388, 
-398, 
-396, 
-384, 
-386, 
-392, 
-392, 
-400, 
-396, 
-388, 
-386, 
-394, 
-394, 
-394, 
-384, 
-386, 
-390, 
-396, 
-390, 
-396, 
-396, 
-394, 
-378, 
-386, 
-398, 
-388, 
-384, 
-390, 
-392, 
-396, 
-390, 
-394, 
-394, 
-400, 
-396, 
-392, 
-396, 
-390, 
-390, 
-382, 
-384, 
-390, 
-396, 
-392, 
-390, 
-392, 
-394, 
-392, 
-388, 
-388, 
-398, 
-396, 
-394, 
-392, 
-394, 
-378, 
-382, 
-390, 
-398, 
-398, 
-398, 
-400, 
-392, 
-400, 
-390, 
-394, 
-392, 
-396, 
-398, 
-398, 
-400, 
-390, 
-398, 
-390, 
-390, 
-388, 
-390, 
-396, 
-398, 
-396, 
-394, 
-384, 
-390, 
-390, 
-392, 
-394, 
-388, 
-388, 
-390, 
-396, 
-392, 
-394, 
-392, 
-396, 
-390, 
-386, 
-386, 
-400, 
-400, 
-394, 
-396, 
-400, 
-398, 
-398, 
-398, 
-398, 
-394, 
-394, 
-394, 
-386, 
-388, 
-396, 
-392, 
-396, 
-392, 
-398, 
-396, 
-398, 
-398, 
-400, 
-400, 
-392, 
-394, 
-390, 
-394, 
-390, 
-392, 
-394, 
-380, 
-394, 
-386, 
-390, 
-394, 
-390, 
-392, 
-384, 
-398, 
-396, 
-388, 
-390, 
-382, 
-392, 
-394, 
-396, 
-398, 
-398, 
-386, 
-390, 
-380, 
-386, 
-386, 
-388, 
-398, 
-396, 
-388, 
-398, 
-394, 
-388, 
-396, 
-394, 
-398, 
-390, 
-392, 
-396, 
-392, 
-380, 
-374, 
-398, 
-392, 
-400, 
-394, 
-388, 
-384, 
-394, 
-394, 
-390, 
-384, 
-390, 
-396, 
-396, 
-390, 
-390, 
-390, 
-390, 
-400, 
-400, 
-396, 
-396, 
-392, 
-396, 
-392, 
-390, 
-392, 
-386, 
-398, 
-390, 
-384, 
-396, 
-390, 
-392, 
-392, 
-384, 
-388, 
-398, 
-394, 
-394, 
-384, 
-394, 
-398, 
-386, 
-392, 
-386, 
-396, 
-390, 
-394, 
-394, 
-390, 
-398, 
-386, 
-392, 
-394, 
-398, 
-394, 
-390, 
-396, 
-398, 
-388, 
-392, 
-392, 
-398, 
-392, 
-398, 
-390, 
-378, 
-386, 
-396, 
-392, 
-392, 
-396, 
-396, 
-400, 
-398, 
-386, 
-394, 
-398, 
-392, 
-400, 
-394, 
-388, 
-394, 
-392, 
-396, 
-392, 
-382, 
-400, 
-388, 
-394, 
-388, 
-396, 
-394, 
-388, 
-390, 
-384, 
-396, 
-392, 
-388, 
-398, 
-392, 
-396, 
-396, 
-394, 
-392, 
-400, 
-388, 
-394, 
-392, 
-390, 
-392, 
-394, 
-396, 
-398, 
-400, 
-394, 
-390, 
-388, 
-384, 
-392, 
-398, 
-394, 
-398, 
-396, 
-384, 
-384, 
-386, 
-398, 
-388, 
-388, 
-390, 
-390, 
-386, 
-396, 
-394, 
-396, 
-398, 
-394, 
-394, 
-392, 
-394, 
-396, 
-394, 
-394, 
-398, 
-398, 
-398, 
-398, 
-398, 
-384, 
-366, 
-390, 
-388, 
-390, 
-388, 
-392, 
-392, 
-390, 
-392, 
-396, 
-392, 
-396, 
-398, 
-386, 
-390, 
-396, 
-396, 
-398, 
-388, 
-394, 
-380, 
-398, 
-388, 
-384, 
-384, 
-394, 
-394, 
-392, 
-398, 
-396, 
-394, 
-394, 
-386, 
-392, 
-394, 
-394, 
-394, 
-390, 
-396, 
-392, 
-398, 
-394, 
-390, 
-394, 
-400, 
-388, 
-400, 
-392, 
-390, 
-386, 
-398, 
-394, 
-390, 
-390, 
-396, 
-396, 
-394, 
-400, 
-390, 
-386, 
-386, 
-386, 
-392, 
-392, 
-392, 
-390, 
-392, 
-396, 
-390, 
-392, 
-398, 
-392, 
-382, 
-382, 
-376, 
-394, 
-392, 
-392, 
-392, 
-400, 
-396, 
-392, 
-372, 
-380, 
-394, 
-392, 
-396, 
-390, 
-386, 
-386, 
-394, 
-388, 
-396, 
-390, 
-388, 
-396, 
-392, 
-398, 
-398, 
-396, 
-388, 
-396, 
-396, 
-400, 
-392, 
-390, 
-384, 
-390, 
-396, 
-384, 
-378, 
-390, 
-396, 
-396, 
-388, 
-388, 
-392, 
-394, 
-388, 
-386, 
-394, 
-394, 
-400, 
-388, 
-396, 
-390, 
-392, 
-392, 
-396, 
-400, 
-396, 
-398, 
-394, 
-398, 
-394, 
-394, 
-392, 
-392, 
-392, 
-388, 
-392, 
-388, 
-390, 
-380, 
-390, 
-382, 
-390, 
-394, 
-396, 
-398, 
-396, 
-390, 
-392, 
-398, 
-398, 
-390, 
-398, 
-388, 
-382, 
-384, 
-388, 
-394, 
-386, 
-396, 
-388, 
-394, 
-390, 
-386, 
-388, 
-392, 
-388, 
-394, 
-392, 
-396, 
-382, 
-396, 
-396, 
-392, 
-390, 
-386, 
-394, 
-384, 
-394, 
-392, 
-394, 
-392, 
-394, 
-394, 
-398, 
-398, 
-386, 
-396, 
-392, 
-376, 
-390, 
-390, 
-390, 
-388, 
-396, 
-396, 
-396, 
-392, 
-386, 
-388, 
-400, 
-396, 
-390, 
-384, 
-380, 
-378, 
-384, 
-378, 
-392, 
-394, 
-382, 
-394, 
-400, 
-384, 
-390, 
-392, 
-396, 
-398, 
-398, 
-394, 
-400, 
-400, 
-388, 
-398, 
-382, 
-392, 
-394, 
-396, 
-388, 
-394, 
-396, 
