48, 
44, 
-32, 
-44, 
-86, 
-56, 
-54, 
-32, 
-76, 
-22, 
-18, 
-28, 
-38, 
-48, 
-4, 
48, 
66, 
58, 
92, 
100, 
106, 
122, 
114, 
46, 
36, 
-10, 
12, 
72, 
64, 
120, 
104, 
134, 
106, 
144, 
144, 
170, 
192, 
200, 
154, 
174, 
170, 
190, 
184, 
260, 
260, 
294, 
296, 
314, 
316, 
324, 
318, 
298, 
332, 
340, 
304, 
304, 
272, 
268, 
238, 
228, 
204, 
188, 
144, 
184, 
176, 
164, 
212, 
316, 
322, 
324, 
242, 
312, 
312, 
284, 
270, 
288, 
288, 
302, 
308, 
350, 
350, 
336, 
326, 
306, 
312, 
298, 
284, 
286, 
302, 
328, 
316, 
298, 
278, 
282, 
256, 
306, 
326, 
326, 
320, 
360, 
360, 
342, 
330, 
324, 
310, 
332, 
328, 
284, 
294, 
322, 
298, 
304, 
326, 
334, 
304, 
296, 
312, 
304, 
330, 
340, 
352, 
360, 
338, 
302, 
292, 
338, 
364, 
308, 
300, 
304, 
322, 
302, 
278, 
264, 
306, 
318, 
338, 
292, 
328, 
332, 
296, 
292, 
292, 
292, 
310, 
302, 
258, 
292, 
288, 
298, 
278, 
320, 
312, 
288, 
316, 
300, 
294, 
280, 
246, 
256, 
304, 
320, 
350, 
320, 
304, 
334, 
354, 
342, 
370, 
352, 
334, 
320, 
324, 
330, 
340, 
328, 
336, 
348, 
376, 
358, 
350, 
312, 
292, 
316, 
290, 
310, 
338, 
330, 
344, 
330, 
358, 
342, 
342, 
326, 
344, 
350, 
328, 
326, 
292, 
320, 
292, 
248, 
166, 
152, 
202, 
210, 
240, 
268, 
254, 
264, 
292, 
322, 
310, 
288, 
274, 
258, 
268, 
204, 
276, 
270, 
288, 
312, 
300, 
304, 
318, 
338, 
356, 
338, 
334, 
334, 
332, 
272, 
310, 
338, 
328, 
332, 
312, 
284, 
320, 
336, 
320, 
334, 
348, 
356, 
364, 
356, 
296, 
258, 
274, 
316, 
264, 
286, 
248, 
324, 
346, 
320, 
294, 
258, 
170, 
232, 
216, 
302, 
336, 
334, 
322, 
320, 
294, 
328, 
334, 
354, 
330, 
306, 
338, 
334, 
338, 
314, 
284, 
332, 
316, 
298, 
328, 
338, 
344, 
340, 
348, 
330, 
334, 
352, 
332, 
328, 
350, 
330, 
352, 
330, 
350, 
324, 
288, 
264, 
302, 
318, 
322, 
338, 
318, 
312, 
276, 
266, 
278, 
260, 
250, 
252, 
216, 
194, 
162, 
238, 
222, 
238, 
224, 
216, 
222, 
206, 
184, 
204, 
210, 
178, 
166, 
184, 
154, 
180, 
170, 
186, 
162, 
174, 
180, 
148, 
100, 
130, 
116, 
134, 
170, 
218, 
208, 
146, 
184, 
164, 
138, 
150, 
118, 
100, 
82, 
82, 
154, 
128, 
164, 
246, 
256, 
250, 
268, 
268, 
298, 
274, 
242, 
272, 
284, 
328, 
266, 
282, 
218, 
214, 
214, 
208, 
194, 
180, 
144, 
180, 
204, 
190, 
228, 
184, 
200, 
220, 
228, 
190, 
244, 
208, 
200, 
226, 
272, 
286, 
306, 
310, 
262, 
228, 
234, 
266, 
272, 
282, 
322, 
338, 
300, 
306, 
324, 
286, 
286, 
224, 
212, 
232, 
184, 
210, 
144, 
174, 
218, 
236, 
224, 
296, 
256, 
320, 
338, 
342, 
318, 
290, 
262, 
224, 
296, 
310, 
316, 
310, 
274, 
310, 
312, 
330, 
316, 
294, 
280, 
298, 
308, 
264, 
320, 
308, 
274, 
266, 
312, 
290, 
248, 
276, 
272, 
228, 
170, 
226, 
274, 
190, 
214, 
192, 
204, 
212, 
266, 
304, 
290, 
288, 
286, 
328, 
302, 
310, 
296, 
250, 
282, 
288, 
304, 
318, 
282, 
288, 
314, 
338, 
370, 
340, 
350, 
368, 
346, 
346, 
336, 
340, 
320, 
288, 
300, 
308, 
340, 
320, 
326, 
318, 
292, 
280, 
302, 
326, 
342, 
296, 
314, 
274, 
296, 
280, 
256, 
244, 
272, 
278, 
236, 
276, 
276, 
256, 
280, 
238, 
230, 
234, 
252, 
270, 
290, 
314, 
342, 
330, 
324, 
336, 
342, 
336, 
336, 
298, 
328, 
342, 
356, 
354, 
358, 
324, 
342, 
288, 
264, 
272, 
280, 
314, 
340, 
328, 
330, 
320, 
324, 
272, 
294, 
286, 
306, 
324, 
330, 
318, 
348, 
356, 
332, 
316, 
286, 
256, 
276, 
266, 
224, 
232, 
252, 
252, 
264, 
286, 
274, 
260, 
234, 
236, 
262, 
236, 
236, 
178, 
176, 
126, 
148, 
130, 
156, 
86, 
98, 
86, 
126, 
60, 
14, 
-16, 
-78, 
-54, 
-32, 
52, 
34, 
56, 
122, 
136, 
104, 
80, 
38, 
-62, 
-44, 
-16, 
-122, 
-136, 
-142, 
-106, 
-124, 
-180, 
-162, 
-170, 
-130, 
-176, 
-78, 
-32, 
-32, 
24, 
30, 
32, 
32, 
38, 
46, 
62, 
10, 
-40, 
-70, 
-62, 
-32, 
-24, 
24, 
-8, 
-30, 
-36, 
4, 
-6, 
36, 
-4, 
-56, 
-100, 
-44, 
8, 
30, 
-60, 
118, 
202, 
274, 
302, 
318, 
328, 
320, 
336, 
306, 
316, 
324, 
334, 
308, 
292, 
316, 
302, 
292, 
316, 
350, 
350, 
352, 
318, 
340, 
330, 
314, 
320, 
230, 
222, 
168, 
242, 
278, 
294, 
268, 
230, 
240, 
278, 
268, 
276, 
260, 
230, 
222, 
222, 
224, 
254, 
312, 
328, 
334, 
340, 
354, 
352, 
332, 
344, 
350, 
312, 
228, 
284, 
324, 
338, 
344, 
314, 
354, 
340, 
320, 
342, 
336, 
338, 
312, 
274, 
280, 
302, 
312, 
268, 
254, 
240, 
272, 
282, 
252, 
260, 
270, 
286, 
328, 
290, 
296, 
300, 
280, 
292, 
252, 
274, 
290, 
276, 
326, 
342, 
320, 
282, 
274, 
300, 
296, 
342, 
326, 
316, 
334, 
342, 
344, 
356, 
312, 
306, 
296, 
344, 
332, 
372, 
322, 
346, 
316, 
344, 
318, 
286, 
304, 
254, 
232, 
210, 
210, 
230, 
276, 
288, 
284, 
270, 
238, 
282, 
314, 
276, 
262, 
190, 
242, 
216, 
254, 
224, 
256, 
268, 
326, 
324, 
342, 
320, 
306, 
288, 
302, 
226, 
248, 
226, 
224, 
208, 
200, 
170, 
216, 
288, 
280, 
322, 
276, 
314, 
324, 
302, 
282, 
244, 
202, 
282, 
288, 
352, 
344, 
338, 
370, 
338, 
298, 
304, 
270, 
298, 
230, 
228, 
214, 
264, 
232, 
246, 
274, 
260, 
264, 
292, 
292, 
292, 
292, 
320, 
332, 
342, 
362, 
354, 
356, 
362, 
336, 
322, 
348, 
336, 
366, 
364, 
344, 
336, 
314, 
292, 
266, 
260, 
272, 
222, 
196, 
198, 
254, 
276, 
304, 
324, 
334, 
322, 
282, 
294, 
314, 
284, 
308, 
272, 
270, 
282, 
308, 
310, 
276, 
246, 
220, 
224, 
206, 
170, 
180, 
204, 
186, 
178, 
116, 
144, 
142, 
142, 
170, 
256, 
282, 
320, 
306, 
326, 
326, 
300, 
306, 
306, 
312, 
288, 
262, 
218, 
250, 
228, 
232, 
202, 
224, 
270, 
296, 
310, 
254, 
258, 
272, 
262, 
240, 
304, 
262, 
244, 
222, 
180, 
222, 
236, 
236, 
228, 
202, 
188, 
138, 
132, 
48, 
-16, 
-12, 
-48, 
-82, 
-76, 
-68, 
-54, 
-38, 
34, 
184, 
202, 
272, 
312, 
288, 
344, 
342, 
350, 
340, 
270, 
320, 
332, 
314, 
332, 
316, 
312, 
286, 
322, 
324, 
310, 
292, 
300, 
298, 
280, 
248, 
248, 
292, 
286, 
266, 
272, 
284, 
296, 
336, 
340, 
352, 
326, 
328, 
328, 
336, 
340, 
300, 
266, 
236, 
206, 
232, 
230, 
244, 
178, 
254, 
252, 
224, 
278, 
292, 
298, 
328, 
292, 
296, 
290, 
306, 
316, 
338, 
292, 
334, 
332, 
318, 
306, 
340, 
334, 
352, 
356, 
346, 
354, 
330, 
330, 
350, 
362, 
338, 
