-60, 
-58, 
-26, 
-44, 
-144, 
-122, 
-96, 
-126, 
-118, 
-124, 
-164, 
-74, 
-60, 
-20, 
-18, 
30, 
28, 
14, 
-40, 
-44, 
-178, 
-226, 
-214, 
-272, 
-242, 
-272, 
-328, 
-346, 
-330, 
-312, 
-306, 
-272, 
-266, 
-234, 
-192, 
-172, 
-202, 
-218, 
-214, 
-252, 
-214, 
-202, 
-210, 
-158, 
-164, 
-186, 
-204, 
-174, 
-218, 
-176, 
-124, 
-166, 
-156, 
-164, 
-216, 
-216, 
-250, 
-244, 
-178, 
-180, 
-236, 
-280, 
-298, 
-248, 
-234, 
-276, 
-308, 
-294, 
-216, 
-154, 
-106, 
-88, 
-42, 
-2, 
-76, 
-70, 
-88, 
-88, 
-78, 
-140, 
-208, 
-278, 
-254, 
-232, 
-192, 
-146, 
-146, 
-188, 
-218, 
-250, 
-216, 
-234, 
-262, 
-292, 
-302, 
-238, 
-160, 
-192, 
-220, 
-248, 
-264, 
-256, 
-240, 
-212, 
-204, 
-190, 
-160, 
-146, 
-146, 
-194, 
-210, 
-254, 
-238, 
-250, 
-246, 
-254, 
-226, 
-198, 
-160, 
-158, 
-126, 
-154, 
-148, 
-152, 
-224, 
-234, 
-260, 
-242, 
-266, 
-302, 
-282, 
-254, 
-300, 
-288, 
-334, 
-334, 
-330, 
-322, 
-302, 
-324, 
-284, 
-342, 
-314, 
-322, 
-344, 
-314, 
-294, 
-282, 
-272, 
-282, 
-308, 
-334, 
-358, 
-324, 
-310, 
-300, 
-304, 
-322, 
-316, 
-304, 
-318, 
-332, 
-304, 
-314, 
-296, 
-280, 
-268, 
-260, 
-270, 
-274, 
-228, 
-250, 
-228, 
-258, 
-288, 
-292, 
-278, 
-292, 
-256, 
-276, 
-254, 
-252, 
-258, 
-272, 
-246, 
-160, 
-170, 
-148, 
-52, 
-4, 
-10, 
-12, 
-46, 
-28, 
-18, 
-30, 
2, 
-42, 
4, 
16, 
2, 
34, 
-40, 
-86, 
-120, 
-54, 
-46, 
8, 
-66, 
-62, 
-116, 
-106, 
-44, 
-50, 
-106, 
-56, 
-6, 
0, 
0, 
-152, 
-224, 
-260, 
-276, 
-306, 
-238, 
-216, 
-178, 
-198, 
-230, 
-230, 
-270, 
-204, 
-260, 
-290, 
-300, 
-238, 
-290, 
-294, 
-284, 
-310, 
-322, 
-296, 
-254, 
-224, 
-214, 
-220, 
-208, 
-184, 
-226, 
-270, 
-282, 
-274, 
-274, 
-270, 
-162, 
-102, 
-122, 
-118, 
-28, 
-94, 
-136, 
-114, 
-116, 
-158, 
-184, 
-204, 
-154, 
-180, 
-146, 
-228, 
-296, 
-262, 
-300, 
-316, 
-300, 
-274, 
-232, 
-214, 
-178, 
-186, 
-180, 
-152, 
-128, 
-140, 
-174, 
-176, 
-164, 
-166, 
-192, 
-226, 
-264, 
-284, 
-246, 
-236, 
-198, 
-174, 
-182, 
-96, 
-64, 
-46, 
-78, 
0, 
24, 
18, 
74, 
76, 
-2, 
-96, 
-136, 
-76, 
-68, 
-48, 
-72, 
-78, 
-146, 
-110, 
-60, 
-58, 
-58, 
-102, 
-108, 
-66, 
-64, 
-74, 
-32, 
12, 
30, 
14, 
4, 
-72, 
-84, 
-100, 
-196, 
-148, 
-156, 
-202, 
-182, 
-170, 
-174, 
-238, 
-282, 
-330, 
-284, 
-266, 
-262, 
-238, 
-214, 
-214, 
-234, 
-188, 
-178, 
-214, 
-218, 
-204, 
-178, 
-146, 
-136, 
-114, 
-180, 
-126, 
-74, 
-94, 
-96, 
-116, 
-120, 
-122, 
-118, 
-164, 
-184, 
-196, 
-174, 
-166, 
-152, 
-98, 
-12, 
-82, 
-80, 
-98, 
-102, 
-34, 
-56, 
-8, 
-4, 
-64, 
-48, 
-46, 
-40, 
-54, 
-102, 
-128, 
-144, 
-144, 
-118, 
-110, 
-104, 
-74, 
-78, 
-58, 
-36, 
-22, 
16, 
70, 
68, 
100, 
128, 
74, 
72, 
48, 
16, 
-6, 
40, 
-2, 
-82, 
-84, 
-50, 
-56, 
-52, 
-26, 
-44, 
-50, 
-96, 
-92, 
-130, 
-160, 
-190, 
-268, 
-254, 
-212, 
-254, 
-228, 
-240, 
-220, 
-180, 
-184, 
-150, 
-184, 
-248, 
-184, 
-170, 
-154, 
-226, 
-232, 
-258, 
-280, 
-262, 
-312, 
-266, 
-234, 
-252, 
-280, 
-266, 
-208, 
-174, 
-170, 
-188, 
-210, 
-200, 
-224, 
-218, 
-204, 
-218, 
-246, 
-244, 
-220, 
-286, 
-282, 
-336, 
-250, 
-224, 
-192, 
-210, 
-238, 
-268, 
-180, 
-178, 
-166, 
-192, 
-226, 
-198, 
-132, 
-156, 
-194, 
-216, 
-252, 
-190, 
-246, 
-216, 
-136, 
-114, 
-182, 
-132, 
-150, 
-160, 
-156, 
-156, 
-228, 
-240, 
-220, 
-140, 
-124, 
-92, 
-54, 
-62, 
-102, 
-56, 
20, 
2, 
38, 
12, 
32, 
16, 
38, 
32, 
24, 
32, 
50, 
48, 
22, 
-74, 
-36, 
-104, 
-164, 
-178, 
-160, 
-190, 
-204, 
-196, 
-174, 
-118, 
-120, 
-138, 
-166, 
-152, 
-162, 
-150, 
-192, 
-154, 
-116, 
-80, 
-138, 
-86, 
-32, 
-16, 
28, 
-16, 
30, 
8, 
54, 
42, 
10, 
-16, 
4, 
12, 
56, 
-14, 
-28, 
-46, 
2, 
-36, 
-38, 
-62, 
-42, 
-42, 
-10, 
-42, 
78, 
214, 
200, 
194, 
220, 
232, 
184, 
110, 
126, 
130, 
118, 
76, 
20, 
26, 
-30, 
-48, 
-46, 
-82, 
-52, 
-36, 
-36, 
-14, 
-40, 
-42, 
-46, 
-58, 
-106, 
-84, 
16, 
0, 
48, 
34, 
-16, 
-58, 
-84, 
-134, 
-166, 
-250, 
-306, 
-310, 
-266, 
-272, 
-294, 
-298, 
-264, 
-272, 
-272, 
-270, 
-270, 
-226, 
-210, 
-158, 
-116, 
-76, 
-86, 
-94, 
-98, 
-78, 
-52, 
-48, 
-88, 
-110, 
-78, 
-72, 
-122, 
-176, 
-136, 
-68, 
-88, 
-86, 
-126, 
-192, 
-214, 
-206, 
-194, 
-196, 
-194, 
-170, 
-210, 
-240, 
-270, 
-230, 
-174, 
-194, 
-218, 
-206, 
-186, 
-178, 
-76, 
-90, 
-124, 
-114, 
-138, 
-120, 
-106, 
-102, 
-80, 
-84, 
-106, 
-118, 
-156, 
-176, 
-138, 
-160, 
-162, 
-118, 
-118, 
-88, 
-56, 
-42, 
-90, 
-62, 
-44, 
-42, 
-98, 
-164, 
-180, 
-192, 
-242, 
-248, 
-278, 
-242, 
-274, 
-274, 
-310, 
-280, 
-332, 
-324, 
-328, 
-294, 
-272, 
-306, 
-296, 
-308, 
-294, 
-308, 
-304, 
-316, 
-308, 
-280, 
-224, 
-258, 
-250, 
-234, 
-200, 
-166, 
-206, 
-208, 
-234, 
-214, 
-236, 
-274, 
-232, 
-262, 
-302, 
-302, 
-330, 
-336, 
-346, 
-340, 
-288, 
-320, 
-310, 
-330, 
-282, 
-246, 
-274, 
-264, 
-276, 
-308, 
-306, 
-244, 
-280, 
-286, 
-260, 
-238, 
-202, 
-218, 
-214, 
-212, 
-148, 
-146, 
-170, 
-170, 
-120, 
-86, 
-78, 
-92, 
-78, 
-8, 
-14, 
24, 
42, 
-8, 
-6, 
38, 
-6, 
-42, 
-62, 
-66, 
6, 
-6, 
-10, 
0, 
-20, 
-8, 
58, 
-12, 
50, 
52, 
14, 
-10, 
-44, 
-38, 
-62, 
-30, 
-36, 
-126, 
-198, 
-208, 
-290, 
-250, 
-244, 
-212, 
-226, 
-240, 
-192, 
-184, 
-204, 
-190, 
-144, 
-70, 
-86, 
-120, 
-174, 
-136, 
-100, 
-164, 
-186, 
-160, 
-126, 
-136, 
-208, 
-198, 
-198, 
-194, 
-180, 
-208, 
-264, 
-274, 
-260, 
-244, 
-244, 
-210, 
-206, 
-182, 
-230, 
-224, 
-182, 
-196, 
-162, 
-144, 
-182, 
-150, 
-266, 
-194, 
-270, 
-256, 
-294, 
-320, 
-314, 
-324, 
-308, 
-286, 
-278, 
-312, 
-242, 
-260, 
-270, 
-232, 
-242, 
-210, 
-188, 
-238, 
-250, 
-272, 
-264, 
-216, 
-226, 
-214, 
-220, 
-284, 
-276, 
-300, 
-248, 
-268, 
-244, 
-182, 
-148, 
-66, 
-130, 
-158, 
-146, 
-134, 
-60, 
-26, 
-32, 
-54, 
-30, 
-38, 
-140, 
-172, 
-146, 
-154, 
-116, 
-162, 
-182, 
-150, 
-188, 
-178, 
-198, 
-162, 
-214, 
-202, 
-174, 
-120, 
-78, 
-132, 
-144, 
-158, 
-180, 
-190, 
-130, 
-154, 
-218, 
-154, 
-142, 
-88, 
-190, 
-192, 
-172, 
-116, 
-112, 
-92, 
-100, 
-20, 
48, 
72, 
48, 
66, 
48, 
-6, 
22, 
72, 
50, 
30, 
-12, 
-32, 
0, 
60, 
46, 
64, 
36, 
62, 
100, 
146, 
152, 
136, 
118, 
144, 
134, 
200, 
238, 
248, 
292, 
316, 
252, 
258, 
224, 
248, 
206, 
142, 
112, 
116, 
78, 
114, 
90, 
100, 
88, 
190, 
162, 
242, 
252, 
194, 
142, 
154, 
150, 
184, 
168, 
108, 
134, 
134, 
86, 
128, 
150, 
122, 
118, 
136, 
170, 
142, 
94, 
72, 
62, 
70, 
126, 
190, 
172, 
158, 
220, 
234, 
284, 
296, 
248, 
240, 
234, 
254, 
238, 
250, 
196, 
160, 
216, 
254, 
280, 
292, 
260, 
286, 
256, 
226, 
232, 
230, 
238, 
262, 
260, 
260, 
270, 
266, 
250, 
262, 
236, 
234, 
186, 
236, 
256, 
232, 
224, 
180, 
192, 
164, 
138, 
90, 
72, 
14, 
26, 
28, 
18, 
24, 
58, 
120, 
136, 
140, 
212, 
190, 
142, 
114, 
80, 
30, 
28, 
36, 
52, 
10, 
92, 
146, 
136, 
140, 
166, 
134, 
152, 
150, 
122, 
172, 
214, 
212, 
132, 
138, 
186, 
220, 
180, 
224, 
232, 
244, 
230, 
216, 
262, 
242, 
222, 
208, 
192, 
162, 
184, 
212, 
204, 
182, 
174, 
150, 
174, 
158, 
88, 
78, 
58, 
-14, 
42, 
72, 
104, 
106, 
158, 
138, 
128, 
122, 
146, 
152, 
192, 
144, 
166, 
216, 
252, 
204, 
240, 
280, 
296, 
266, 
298, 
308, 
318, 
300, 
328, 
298, 
282, 
264, 
272, 
296, 
310, 
314, 
290, 
298, 
224, 
290, 
220, 
238, 
224, 
208, 
216, 
282, 
248, 
284, 
272, 
294, 
312, 
272, 
216, 
204, 
166, 
186, 
256, 
266, 
238, 
160, 
136, 
88, 
48, 
22, 
42, 
0, 
70, 
50, 
10, 
124, 
186, 
166, 
200, 
244, 
218, 
188, 
226, 
234, 
238, 
200, 
180, 
178, 
128, 
106, 
92, 
116, 
192, 
252, 
290, 
258, 
274, 
240, 
242, 
244, 
252, 
258, 
302, 
270, 
316, 
328, 
328, 
284, 
322, 
342, 
330, 
278, 
236, 
236, 
276, 
280, 
246, 
216, 
256, 
280, 
288, 
244, 
250, 
276, 
236, 
228, 
170, 
188, 
200, 
202, 
244, 
300, 
238, 
218, 
188, 
200, 
172, 
128, 
146, 
130, 
114, 
72, 
60, 
28, 
-42, 
-14, 
-18, 
-12, 
0, 
-4, 
16, 
-46, 
-34, 
32, 
56, 
114, 
142, 
94, 
86, 
102, 
156, 
154, 
198, 
114, 
82, 
78, 
86, 
116, 
152, 
126, 
46, 
20, 
82, 
80, 
100, 
48, 
156, 
150, 
138, 
132, 
160, 
118, 
88, 
-12, 
86, 
152, 
172, 
234, 
222, 
192, 
102, 
142, 
196, 
162, 
162, 
202, 
190, 
212, 
206, 
190, 
136, 
136, 
146, 
132, 
156, 
142, 
122, 
66, 
-2, 
8, 
36, 
88, 
20, 
-6, 
10, 
-42, 
-8, 
-40, 
-16, 
-94, 
-78, 
-154, 
-100, 
-124, 
-156, 
-90, 
-100, 
-144, 
-162, 
-160, 
-154, 
-168, 
-268, 
-232, 
-274, 
-276, 
-252, 
-282, 
-298, 
-298, 
-280, 
-296, 
-292, 
-280, 
-292, 
-272, 
-288, 
-330, 
-334, 
-302, 
-252, 
-250, 
-232, 
-254, 
-258, 
-234, 
-210, 
-220, 
-222, 
-250, 
-294, 
-308, 
-294, 
-250, 
-274, 
-280, 
-252, 
-288, 
-288, 
-282, 
-252, 
-236, 
-258, 
-242, 
-162, 
-232, 
-256, 
-278, 
-272, 
-326, 
-318, 
-366, 
-298, 
-316, 
-324, 
-292, 
-270, 
-232, 
-232, 
-238, 
-164, 
-84, 
20, 
8, 
92, 
120, 
194, 
282, 
298, 
318, 
316, 
354, 
322, 
308, 
300, 
274, 
240, 
260, 
280, 
280, 
296, 
304, 
290, 
304, 
302, 
288, 
290, 
268, 
276, 
296, 
262, 
260, 
264, 
290, 
290, 
248, 
264, 
284, 
296, 
288, 
296, 
286, 
292, 
288, 
262, 
280, 
304, 
292, 
320, 
300, 
296, 
318, 
326, 
330, 
284, 
308, 
276, 
324, 
284, 
288, 
292, 
324, 
268, 
284, 
242, 
182, 
158, 
162, 
198, 
240, 
272, 
254, 
268, 
280, 
248, 
208, 
238, 
218, 
262, 
290, 
320, 
304, 
288, 
274, 
308, 
320, 
328, 
340, 
302, 
292, 
230, 
284, 
278, 
260, 
254, 
246, 
290, 
258, 
268, 
268, 
246, 
280, 
292, 
290, 
266, 
308, 
252, 
262, 
256, 
270, 
244, 
228, 
274, 
296, 
286, 
298, 
278, 
270, 
278, 
252, 
244, 
160, 
160, 
122, 
84, 
86, 
58, 
70, 
34, 
54, 
4, 
-40, 
-76, 
-48, 
-56, 
-28, 
-20, 
-20, 
-42, 
-44, 
-44, 
-48, 
-10, 
-20, 
48, 
180, 
110, 
50, 
58, 
50, 
30, 
68, 
62, 
46, 
10, 
40, 
14, 
-10, 
0, 
12, 
50, 
38, 
54, 
72, 
36, 
60, 
14, 
-22, 
-6, 
26, 
70, 
112, 
134, 
112, 
130, 
118, 
184, 
178, 
178, 
156, 
192, 
174, 
236, 
238, 
210, 
264, 
252, 
272, 
224, 
248, 
256, 
288, 
294, 
254, 
228, 
240, 
232, 
238, 
202, 
190, 
140, 
214, 
236, 
244, 
274, 
272, 
280, 
278, 
236, 
194, 
190, 
212, 
200, 
194, 
224, 
140, 
96, 
54, 
118, 
136, 
146, 
132, 
190, 
196, 
240, 
224, 
274, 
310, 
288, 
312, 
344, 
286, 
282, 
242, 
288, 
274, 
242, 
190, 
210, 
174, 
160, 
160, 
208, 
252, 
244, 
228, 
280, 
312, 
312, 
306, 
290, 
284, 
298, 
308, 
286, 
240, 
220, 
144, 
124, 
144, 
154, 
204, 
260, 
240, 
272, 
286, 
334, 
272, 
252, 
214, 
240, 
294, 
244, 
240, 
256, 
248, 
216, 
198, 
238, 
212, 
218, 
212, 
192, 
202, 
164, 
170, 
188, 
216, 
212, 
170, 
138, 
130, 
168, 
144, 
102, 
114, 
110, 
76, 
94, 
54, 
38, 
42, 
36, 
36, 
94, 
80, 
24, 
16, 
42, 
50, 
130, 
150, 
180, 
212, 
178, 
94, 
136, 
114, 
136, 
158, 
50, 
-10, 
-36, 
-68, 
-116, 
-108, 
-120, 
-124, 
-86, 
-54, 
-86, 
-34, 
0, 
-88, 
-74, 
-94, 
-102, 
-70, 
-40, 
-28, 
-78, 
-194, 
-238, 
-236, 
-226, 
-218, 
-186, 
-180, 
-260, 
-314, 
-294, 
-302, 
-310, 
-296, 
-294, 
-286, 
-306, 
-298, 
-334, 
-290, 
-258, 
-230, 
-206, 
-246, 
-228, 
-254, 
-276, 
-268, 
-292, 
-276, 
-252, 
-292, 
-260, 
-276, 
-288, 
-294, 
-248, 
-224, 
-238, 
-232, 
-220, 
-276, 
-272, 
-288, 
-296, 
-268, 
-296, 
-292, 
-292, 
-272, 
-288, 
-260, 
-280, 
-282, 
-284, 
-274, 
-206, 
-240, 
-252, 
-188, 
-198, 
-214, 
-164, 
-146, 
-142, 
-212, 
-198, 
-168, 
-150, 
-152, 
-178, 
-246, 
-228, 
-212, 
-206, 
-168, 
-98, 
-144, 
-172, 
-240, 
-258, 
-224, 
-152, 
-176, 
-206, 
-240, 
-222, 
-258, 
-272, 
-234, 
-234, 
-222, 
-220, 
-178, 
-170, 
-126, 
-124, 
-128, 
-152, 
-150, 
-80, 
-76, 
-82, 
-60, 
-42, 
10, 
-56, 
-58, 
-68, 
-50, 
-56, 
-8, 
-16, 
-34, 
-92, 
-76, 
0, 
-32, 
-52, 
-56, 
-74, 
-82, 
-128, 
-122, 
-152, 
-48, 
-44, 
28, 
-8, 
4, 
98, 
86, 
80, 
110, 
158, 
108, 
66, 
138, 
88, 
-14, 
12, 
-46, 
12, 
20, 
-44, 
-78, 
-106, 
-76, 
-102, 
-146, 
-190, 
-204, 
-210, 
-238, 
-264, 
-278, 
-206, 
-250, 
-250, 
-250, 
-216, 
-214, 
-182, 
-176, 
-150, 
-230, 
-216, 
-198, 
-250, 
-258, 
-254, 
-260, 
-256, 
-190, 
-148, 
-152, 
-134, 
-62, 
-104, 
-48, 
-82, 
-82, 
-94, 
-122, 
-104, 
-90, 
-40, 
46, 
84, 
96, 
110, 
152, 
148, 
20, 
38, 
42, 
66, 
110, 
84, 
68, 
20, 
98, 
130, 
168, 
116, 
114, 
20, 
16, 
88, 
96, 
178, 
140, 
154, 
132, 
158, 
116, 
32, 
22, 
-8, 
-90, 
-146, 
-112, 
-136, 
-136, 
-98, 
-34, 
-8, 
36, 
64, 
88, 
160, 
132, 
142, 
152, 
212, 
192, 
188, 
212, 
182, 
186, 
226, 
292, 
236, 
228, 
236, 
194, 
186, 
214, 
186, 
206, 
210, 
226, 
264, 
274, 
320, 
292, 
330, 
340, 
338, 
292, 
268, 
264, 
252, 
256, 
268, 
240, 
292, 
280, 
278, 
306, 
344, 
302, 
286, 
262, 
282, 
314, 
332, 
306, 
306, 
270, 
254, 
250, 
240, 
202, 
162, 
110, 
46, 
4, 
20, 
34, 
-70, 
-152, 
-152, 
-92, 
-180, 
-70, 
-116, 
-184, 
-202, 
-182, 
-134, 
-110, 
-82, 
-96, 
-62, 
-4, 
34, 
120, 
96, 
82, 
32, 
78, 
54, 
170, 
130, 
160, 
120, 
86, 
88, 
126, 
158, 
172, 
242, 
248, 
224, 
186, 
150, 
190, 
200, 
224, 
242, 
174, 
226, 
278, 
240, 
178, 
250, 
228, 
208, 
128, 
176, 
202, 
154, 
180, 
220, 
226, 
260, 
238, 
254, 
196, 
230, 
204, 
220, 
222, 
158, 
96, 
126, 
100, 
104, 
44, 
22, 
-34, 
-38, 
-14, 
36, 
160, 
186, 
202, 
244, 
260, 
206, 
186, 
238, 
284, 
296, 
286, 
302, 
308, 
316, 
320, 
340, 
324, 
314, 
298, 
286, 
330, 
328, 
334, 
328, 
346, 
334, 
252, 
282, 
252, 
262, 
262, 
296, 
280, 
274, 
276, 
268, 
276, 
270, 
274, 
258, 
264, 
258, 
304, 
258, 
294, 
324, 
340, 
344, 
356, 
316, 
322, 
318, 
356, 
348, 
344, 
278, 
268, 
244, 
244, 
290, 
242, 
306, 
266, 
236, 
288, 
286, 
220, 
252, 
198, 
190, 
240, 
252, 
208, 
196, 
178, 
208, 
176, 
168, 
132, 
160, 
150, 
146, 
174, 
192, 
266, 
286, 
326, 
346, 
306, 
340, 
300, 
300, 
312, 
324, 
312, 
336, 
288, 
344, 
324, 
282, 
340, 
312, 
268, 
316, 
326, 
288, 
298, 
318, 
302, 
264, 
262, 
302, 
324, 
320, 
336, 
358, 
342, 
308, 
352, 
320, 
302, 
298, 
286, 
284, 
248, 
228, 
248, 
274, 
312, 
304, 
300, 
254, 
216, 
138, 
204, 
236, 
282, 
262, 
300, 
262, 
204, 
190, 
222, 
236, 
130, 
130, 
178, 
166, 
148, 
110, 
84, 
104, 
130, 
66, 
78, 
88, 
70, 
86, 
122, 
96, 
52, 
24, 
36, 
2, 
44, 
116, 
130, 
180, 
228, 
262, 
296, 
290, 
278, 
270, 
246, 
262, 
240, 
266, 
270, 
246, 
260, 
258, 
276, 
306, 
300, 
306, 
292, 
314, 
314, 
266, 
290, 
294, 
270, 
218, 
208, 
190, 
176, 
232, 
272, 
308, 
258, 
246, 
228, 
268, 
278, 
288, 
278, 
310, 
236, 
208, 
216, 
230, 
254, 
224, 
196, 
184, 
186, 
182, 
174, 
168, 
174, 
208, 
220, 
280, 
320, 
300, 
290, 
284, 
306, 
302, 
322, 
294, 
314, 
286, 
276, 
278, 
278, 
266, 
246, 
198, 
210, 
278, 
276, 
214, 
214, 
186, 
156, 
144, 
122, 
88, 
78, 
60, 
90, 
130, 
132, 
176, 
158, 
92, 
184, 
234, 
270, 
272, 
276, 
230, 
238, 
284, 
298, 
272, 
270, 
262, 
314, 
304, 
284, 
242, 
242, 
238, 
164, 
70, 
76, 
96, 
144, 
132, 
152, 
180, 
212, 
248, 
284, 
288, 
286, 
298, 
268, 
312, 
282, 
306, 
340, 
306, 
326, 
292, 
276, 
240, 
240, 
240, 
284, 
198, 
176, 
140, 
174, 
148, 
188, 
236, 
252, 
134, 
188, 
180, 
158, 
192, 
164, 
212, 
182, 
170, 
146, 
92, 
144, 
124, 
156, 
180, 
160, 
184, 
126, 
104, 
140, 
160, 
172, 
144, 
134, 
152, 
152, 
158, 
176, 
196, 
162, 
184, 
218, 
226, 
200, 
210, 
236, 
192, 
174, 
204, 
172, 
198, 
192, 
182, 
180, 
190, 
182, 
172, 
222, 
218, 
226, 
212, 
172, 
180, 
166, 
178, 
264, 
296, 
304, 
320, 
340, 
358, 
344, 
306, 
310, 
286, 
300, 
330, 
326, 
312, 
254, 
188, 
196, 
214, 
202, 
242, 
250, 
254, 
236, 
262, 
222, 
194, 
196, 
174, 
158, 
154, 
168, 
196, 
206, 
200, 
254, 
272, 
294, 
288, 
308, 
310, 
300, 
296, 
282, 
254, 
248, 
240, 
208, 
166, 
124, 
92, 
120, 
98, 
140, 
188, 
210, 
214, 
264, 
270, 
326, 
342, 
350, 
346, 
344, 
322, 
272, 
284, 
332, 
298, 
328, 
332, 
342, 
342, 
324, 
320, 
352, 
338, 
268, 
274, 
238, 
238, 
298, 
290, 
274, 
280, 
224, 
220, 
216, 
248, 
194, 
168, 
208, 
230, 
218, 
242, 
268, 
328, 
330, 
330, 
298, 
310, 
290, 
318, 
320, 
284, 
280, 
310, 
322, 
324, 
300, 
306, 
358, 
318, 
292, 
298, 
278, 
302, 
290, 
306, 
296, 
302, 
316, 
326, 
332, 
272, 
218, 
172, 
212, 
172, 
174, 
180, 
172, 
214, 
192, 
180, 
200, 
244, 
294, 
280, 
330, 
294, 
340, 
326, 
290, 
292, 
268, 
284, 
244, 
280, 
260, 
188, 
152, 
112, 
152, 
162, 
256, 
210, 
234, 
236, 
266, 
244, 
224, 
226, 
182, 
216, 
234, 
216, 
230, 
186, 
154, 
152, 
128, 
186, 
210, 
248, 
276, 
202, 
198, 
124, 
136, 
140, 
114, 
170, 
128, 
96, 
110, 
144, 
112, 
80, 
104, 
98, 
132, 
162, 
218, 
176, 
194, 
156, 
128, 
158, 
208, 
188, 
160, 
212, 
236, 
232, 
266, 
272, 
288, 
326, 
342, 
338, 
330, 
284, 
264, 
248, 
222, 
246, 
220, 
248, 
230, 
210, 
180, 
114, 
128, 
154, 
208, 
188, 
170, 
164, 
180, 
152, 
222, 
184, 
182, 
156, 
150, 
150, 
148, 
118, 
102, 
100, 
114, 
98, 
178, 
168, 
158, 
132, 
156, 
150, 
158, 
80, 
60, 
12, 
-54, 
94, 
126, 
94, 
118, 
104, 
82, 
48, 
50, 
110, 
200, 
208, 
150, 
166, 
134, 
126, 
126, 
150, 
216, 
196, 
236, 
184, 
260, 
254, 
238, 
180, 
206, 
238, 
172, 
180, 
214, 
188, 
228, 
200, 
180, 
228, 
220, 
282, 
280, 
268, 
228, 
200, 
170, 
224, 
226, 
250, 
298, 
288, 
326, 
290, 
308, 
260, 
310, 
246, 
306, 
326, 
262, 
204, 
212, 
184, 
212, 
282, 
266, 
260, 
302, 
280, 
330, 
306, 
322, 
332, 
312, 
292, 
316, 
300, 
246, 
226, 
220, 
224, 
268, 
256, 
276, 
240, 
218, 
218, 
260, 
312, 
274, 
310, 
272, 
294, 
270, 
220, 
224, 
162, 
104, 
132, 
146, 
96, 
76, 
40, 
28, 
12, 
52, 
52, 
58, 
76, 
4, 
-18, 
-50, 
-62, 
-66, 
-54, 
12, 
-26, 
38, 
54, 
0, 
-84, 
-94, 
-126, 
-158, 
-160, 
-126, 
-76, 
-44, 
-102, 
-84, 
-86, 
-116, 
-88, 
22, 
46, 
40, 
18, 
22, 
-34, 
-64, 
-14, 
-48, 
-108, 
-126, 
-90, 
-120, 
-132, 
-92, 
-108, 
-130, 
-152, 
-178, 
-180, 
-178, 
-260, 
-198, 
-194, 
-156, 
-220, 
-230, 
-240, 
-154, 
-156, 
-190, 
-196, 
-250, 
-266, 
-256, 
-196, 
-184, 
-160, 
-138, 
-104, 
-118, 
-142, 
-144, 
-116, 
-56, 
-20, 
-56, 
-72, 
-134, 
-106, 
-88, 
-114, 
-86, 
-94, 
8, 
-16, 
-62, 
-16, 
-122, 
-38, 
-22, 
-16, 
54, 
38, 
2, 
44, 
126, 
156, 
82, 
-48, 
-48, 
-24, 
-70, 
-152, 
-104, 
-30, 
-54, 
10, 
78, 
80, 
70, 
92, 
84, 
106, 
98, 
64, 
80, 
134, 
146, 
128, 
148, 
192, 
208, 
304, 
264, 
242, 
280, 
262, 
278, 
282, 
306, 
340, 
316, 
300, 
274, 
282, 
268, 
268, 
252, 
268, 
260, 
286, 
302, 
282, 
274, 
270, 
260, 
268, 
316, 
288, 
264, 
282, 
284, 
208, 
184, 
206, 
246, 
212, 
208, 
246, 
254, 
284, 
272, 
250, 
208, 
220, 
214, 
220, 
154, 
136, 
184, 
178, 
138, 
48, 
4, 
18, 
124, 
130, 
138, 
106, 
86, 
80, 
62, 
76, 
64, 
40, 
70, 
28, 
76, 
38, 
-28, 
-6, 
-28, 
-16, 
26, 
24, 
26, 
60, 
92, 
68, 
70, 
52, 
-14, 
36, 
56, 
48, 
70, 
50, 
8, 
40, 
24, 
42, 
18, 
22, 
-4, 
-18, 
16, 
50, 
48, 
100, 
150, 
142, 
176, 
188, 
246, 
240, 
200, 
178, 
176, 
150, 
164, 
198, 
148, 
96, 
30, 
98, 
118, 
134, 
180, 
172, 
130, 
112, 
126, 
162, 
114, 
164, 
222, 
286, 
302, 
310, 
296, 
266, 
236, 
272, 
304, 
222, 
218, 
190, 
190, 
152, 
194, 
196, 
136, 
114, 
212, 
266, 
280, 
286, 
314, 
292, 
250, 
276, 
250, 
278, 
266, 
232, 
246, 
264, 
302, 
298, 
320, 
292, 
262, 
250, 
270, 
290, 
278, 
304, 
260, 
230, 
276, 
278, 
260, 
288, 
284, 
280, 
252, 
232, 
210, 
220, 
188, 
184, 
160, 
104, 
142, 
142, 
216, 
244, 
244, 
258, 
170, 
194, 
174, 
164, 
224, 
286, 
284, 
294, 
280, 
234, 
246, 
220, 
226, 
180, 
134, 
116, 
102, 
82, 
132, 
186, 
172, 
176, 
136, 
122, 
114, 
110, 
114, 
140, 
134, 
108, 
84, 
44, 
86, 
96, 
122, 
190, 
224, 
238, 
184, 
156, 
130, 
108, 
160, 
126, 
192, 
162, 
214, 
242, 
256, 
252, 
282, 
282, 
262, 
200, 
182, 
172, 
100, 
144, 
180, 
238, 
286, 
308, 
292, 
266, 
276, 
286, 
284, 
228, 
212, 
220, 
262, 
264, 
220, 
176, 
192, 
144, 
132, 
86, 
96, 
80, 
114, 
136, 
112, 
108, 
180, 
190, 
194, 
232, 
164, 
170, 
220, 
202, 
252, 
276, 
260, 
316, 
306, 
306, 
354, 
340, 
330, 
330, 
324, 
282, 
248, 
258, 
296, 
326, 
344, 
322, 
346, 
326, 
270, 
268, 
236, 
260, 
252, 
220, 
228, 
242, 
262, 
226, 
264, 
214, 
262, 
266, 
268, 
240, 
278, 
276, 
300, 
302, 
284, 
264, 
308, 
316, 
300, 
292, 
238, 
226, 
250, 
254, 
252, 
254, 
222, 
254, 
274, 
272, 
218, 
232, 
192, 
192, 
228, 
224, 
218, 
258, 
214, 
214, 
278, 
312, 
318, 
294, 
260, 
242, 
224, 
216, 
228, 
262, 
290, 
312, 
294, 
304, 
296, 
308, 
306, 
322, 
340, 
342, 
316, 
324, 
336, 
332, 
286, 
218, 
202, 
264, 
292, 
246, 
268, 
276, 
336, 
288, 
278, 
300, 
302, 
286, 
268, 
246, 
254, 
216, 
224, 
204, 
126, 
154, 
88, 
138, 
100, 
126, 
110, 
126, 
134, 
156, 
208, 
220, 
230, 
210, 
234, 
206, 
170, 
200, 
154, 
148, 
180, 
200, 
266, 
252, 
278, 
222, 
246, 
238, 
236, 
204, 
206, 
162, 
144, 
142, 
146, 
140, 
180, 
214, 
184, 
230, 
246, 
250, 
268, 
258, 
206, 
214, 
140, 
196, 
258, 
276, 
266, 
262, 
270, 
254, 
274, 
276, 
288, 
316, 
324, 
324, 
298, 
284, 
252, 
254, 
298, 
294, 
296, 
264, 
258, 
266, 
280, 
272, 
288, 
306, 
334, 
296, 
282, 
300, 
274, 
256, 
264, 
288, 
296, 
272, 
314, 
288, 
272, 
252, 
268, 
276, 
284, 
254, 
200, 
132, 
112, 
134, 
80, 
54, 
50, 
66, 
58, 
138, 
146, 
130, 
166, 
156, 
130, 
60, 
68, 
104, 
130, 
100, 
96, 
120, 
62, 
50, 
68, 
88, 
120, 
140, 
224, 
278, 
306, 
344, 
284, 
288, 
274, 
268, 
212, 
240, 
210, 
178, 
170, 
98, 
88, 
152, 
134, 
186, 
176, 
150, 
228, 
272, 
220, 
224, 
200, 
216, 
214, 
174, 
180, 
196, 
164, 
196, 
252, 
248, 
224, 
150, 
182, 
214, 
284, 
298, 
302, 
320, 
298, 
262, 
258, 
262, 
182, 
242, 
272, 
304, 
316, 
318, 
318, 
338, 
268, 
250, 
276, 
260, 
298, 
316, 
336, 
282, 
272, 
274, 
288, 
296, 
318, 
316, 
280, 
260, 
258, 
264, 
276, 
310, 
322, 
280, 
284, 
290, 
260, 
204, 
154, 
194, 
206, 
228, 
270, 
232, 
196, 
220, 
192, 
228, 
254, 
250, 
250, 
272, 
218, 
200, 
168, 
178, 
186, 
168, 
196, 
232, 
188, 
152, 
178, 
208, 
204, 
272, 
240, 
218, 
252, 
268, 
256, 
194, 
198, 
178, 
180, 
168, 
162, 
152, 
104, 
104, 
102, 
126, 
192, 
206, 
216, 
174, 
138, 
144, 
94, 
66, 
60, 
16, 
-24, 
16, 
14, 
-22, 
-106, 
-96, 
-80, 
-98, 
-74, 
-76, 
-108, 
-154, 
-148, 
-116, 
-110, 
-106, 
-90, 
-136, 
-72, 
-34, 
-28, 
-36, 
-34, 
28, 
56, 
48, 
78, 
70, 
104, 
152, 
150, 
164, 
154, 
184, 
178, 
162, 
122, 
104, 
96, 
84, 
184, 
232, 
226, 
212, 
242, 
302, 
346, 
298, 
298, 
296, 
286, 
318, 
314, 
278, 
300, 
326, 
296, 
312, 
298, 
320, 
278, 
338, 
310, 
272, 
186, 
148, 
168, 
178, 
180, 
234, 
264, 
252, 
282, 
312, 
316, 
322, 
334, 
318, 
276, 
224, 
248, 
214, 
182, 
134, 
126, 
178, 
164, 
170, 
182, 
172, 
172, 
178, 
96, 
110, 
134, 
162, 
198, 
152, 
102, 
114, 
106, 
148, 
120, 
82, 
-10, 
24, 
102, 
52, 
4, 
72, 
100, 
82, 
50, 
100, 
66, 
4, 
-22, 
2, 
-68, 
-30, 
-24, 
18, 
-74, 
-42, 
-90, 
-118, 
-134, 
-202, 
-202, 
-166, 
-100, 
-52, 
-40, 
-54, 
-96, 
-142, 
-148, 
-176, 
-190, 
-188, 
-222, 
-228, 
-236, 
-210, 
-228, 
-162, 
-106, 
-72, 
-94, 
-32, 
-28, 
-54, 
-28, 
-76, 
-84, 
-4, 
62, 
20, 
40, 
46, 
2, 
-92, 
-60, 
-102, 
-82, 
-6, 
-22, 
-18, 
-28, 
-52, 
-100, 
-134, 
-132, 
-164, 
-120, 
-116, 
-98, 
-108, 
-132, 
-92, 
-8, 
-18, 
-20, 
-80, 
-58, 
-14, 
-40, 
-66, 
-96, 
-136, 
-162, 
-230, 
-200, 
-148, 
-174, 
-104, 
-80, 
-64, 
-16, 
-56, 
-78, 
-64, 
-88, 
-44, 
12, 
30, 
68, 
60, 
48, 
98, 
94, 
122, 
62, 
22, 
36, 
36, 
92, 
94, 
76, 
48, 
84, 
26, 
60, 
86, 
144, 
180, 
196, 
214, 
236, 
206, 
198, 
178, 
154, 
192, 
208, 
220, 
200, 
182, 
218, 
202, 
254, 
304, 
252, 
230, 
274, 
306, 
262, 
252, 
248, 
196, 
204, 
162, 
112, 
198, 
204, 
210, 
154, 
102, 
56, 
102, 
110, 
146, 
142, 
118, 
140, 
190, 
264, 
258, 
220, 
172, 
136, 
158, 
110, 
74, 
88, 
128, 
150, 
132, 
58, 
14, 
20, 
-48, 
-114, 
-128, 
-104, 
-86, 
-44, 
-30, 
26, 
24, 
32, 
34, 
76, 
100, 
104, 
174, 
236, 
276, 
276, 
272, 
324, 
306, 
290, 
284, 
314, 
220, 
224, 
242, 
282, 
304, 
278, 
242, 
218, 
246, 
242, 
234, 
228, 
280, 
268, 
280, 
246, 
192, 
262, 
280, 
268, 
272, 
248, 
186, 
174, 
178, 
194, 
194, 
172, 
172, 
190, 
238, 
248, 
268, 
248, 
264, 
288, 
314, 
338, 
278, 
312, 
324, 
320, 
326, 
292, 
260, 
238, 
234, 
184, 
138, 
136, 
136, 
158, 
176, 
156, 
180, 
172, 
74, 
62, 
-4, 
4, 
26, 
56, 
86, 
112, 
104, 
82, 
58, 
-6, 
42, 
42, 
106, 
76, 
112, 
94, 
120, 
82, 
98, 
130, 
182, 
188, 
166, 
172, 
132, 
174, 
200, 
158, 
174, 
144, 
130, 
154, 
200, 
212, 
180, 
82, 
78, 
60, 
52, 
98, 
82, 
124, 
88, 
52, 
70, 
102, 
130, 
90, 
56, 
90, 
208, 
236, 
210, 
172, 
146, 
126, 
102, 
42, 
96, 
102, 
122, 
214, 
180, 
108, 
118, 
96, 
104, 
86, 
110, 
144, 
134, 
120, 
72, 
126, 
64, 
38, 
16, 
-42, 
-134, 
-86, 
-142, 
-146, 
-162, 
-212, 
-220, 
-200, 
-198, 
-196, 
-148, 
-122, 
-134, 
-138, 
-160, 
-200, 
-204, 
-242, 
-268, 
-270, 
-240, 
-234, 
-308, 
-266, 
-228, 
-288, 
-244, 
-222, 
-180, 
-184, 
-204, 
-210, 
-216, 
-206, 
-210, 
-186, 
-170, 
-142, 
-158, 
-236, 
-242, 
-268, 
-236, 
-188, 
-154, 
-170, 
-190, 
-202, 
-100, 
-76, 
-54, 
-88, 
-54, 
-26, 
-38, 
-68, 
-44, 
-96, 
-140, 
-164, 
-164, 
-186, 
-216, 
-272, 
-296, 
-326, 
-322, 
-342, 
-352, 
-322, 
-306, 
-330, 
-310, 
-268, 
-210, 
-190, 
-176, 
-176, 
-184, 
-218, 
-244, 
-234, 
-236, 
-210, 
-206, 
-216, 
-206, 
-178, 
-150, 
-230, 
-256, 
-266, 
-232, 
-232, 
-230, 
-188, 
-206, 
-192, 
-206, 
-162, 
-180, 
-164, 
-166, 
-110, 
-152, 
-92, 
-44, 
-6, 
-12, 
-62, 
-80, 
-100, 
-68, 
-166, 
-188, 
-230, 
-236, 
-262, 
-294, 
-288, 
-192, 
-170, 
-158, 
-128, 
-118, 
-126, 
-138, 
-120, 
-182, 
-224, 
-274, 
-184, 
-158, 
-154, 
-152, 
-170, 
-222, 
-224, 
-192, 
-242, 
-284, 
-288, 
-298, 
-318, 
-292, 
-290, 
-286, 
-290, 
-318, 
-304, 
-252, 
-220, 
-226, 
-248, 
-238, 
-266, 
-252, 
-250, 
-280, 
-344, 
-344, 
-324, 
-310, 
-306, 
-262, 
-290, 
-310, 
-286, 
-254, 
-278, 
-282, 
-318, 
-290, 
-258, 
-224, 
-188, 
-246, 
-252, 
-200, 
-222, 
-204, 
-154, 
-126, 
-96, 
-122, 
-124, 
-70, 
-38, 
-42, 
-20, 
82, 
128, 
138, 
180, 
154, 
116, 
140, 
186, 
196, 
170, 
220, 
236, 
256, 
302, 
308, 
318, 
286, 
266, 
308, 
322, 
284, 
220, 
236, 
262, 
230, 
198, 
248, 
250, 
240, 
286, 
306, 
324, 
290, 
308, 
320, 
276, 
268, 
196, 
156, 
194, 
158, 
114, 
82, 
32, 
44, 
-4, 
-56, 
-104, 
-96, 
-142, 
-220, 
-226, 
-240, 
-290, 
-266, 
-308, 
-334, 
-284, 
-306, 
-260, 
-206, 
-252, 
-264, 
-246, 
-210, 
-182, 
-202, 
-190, 
-188, 
-170, 
-82, 
-70, 
-130, 
-130, 
-152, 
-142, 
-126, 
-64, 
-58, 
-24, 
-22, 
-24, 
42, 
-16, 
-38, 
-30, 
-50, 
-42, 
-34, 
10, 
-30, 
-8, 
42, 
64, 
26, 
-34, 
-2, 
-96, 
-138, 
-124, 
-90, 
-12, 
20, 
-56, 
-12, 
32, 
96, 
136, 
186, 
212, 
170, 
158, 
126, 
-42, 
-100, 
-96, 
-114, 
-108, 
-140, 
-100, 
-134, 
-132, 
-108, 
-70, 
-110, 
-104, 
-4, 
68, 
120, 
84, 
40, 
96, 
148, 
120, 
64, 
98, 
84, 
82, 
102, 
96, 
160, 
202, 
76, 
138, 
174, 
206, 
238, 
224, 
158, 
96, 
154, 
136, 
236, 
226, 
238, 
270, 
290, 
260, 
254, 
226, 
206, 
248, 
290, 
268, 
272, 
294, 
278, 
268, 
228, 
222, 
230, 
226, 
106, 
94, 
64, 
112, 
90, 
112, 
104, 
128, 
132, 
180, 
214, 
148, 
138, 
112, 
136, 
140, 
178, 
184, 
208, 
94, 
128, 
188, 
194, 
180, 
204, 
192, 
238, 
212, 
270, 
280, 
274, 
222, 
216, 
202, 
228, 
212, 
176, 
220, 
210, 
242, 
258, 
282, 
254, 
198, 
204, 
192, 
186, 
186, 
198, 
198, 
280, 
240, 
214, 
218, 
280, 
204, 
198, 
178, 
108, 
68, 
32, 
58, 
-28, 
-34, 
44, 
54, 
48, 
76, 
54, 
72, 
86, 
34, 
120, 
154, 
170, 
114, 
158, 
196, 
160, 
142, 
184, 
190, 
266, 
244, 
232, 
210, 
158, 
218, 
226, 
274, 
300, 
314, 
308, 
314, 
292, 
280, 
310, 
296, 
320, 
308, 
324, 
280, 
280, 
164, 
174, 
198, 
214, 
236, 
248, 
262, 
252, 
282, 
204, 
208, 
186, 
222, 
180, 
102, 
76, 
46, 
84, 
118, 
106, 
108, 
76, 
38, 
60, 
74, 
106, 
138, 
170, 
178, 
160, 
96, 
130, 
190, 
230, 
280, 
260, 
238, 
254, 
232, 
282, 
330, 
324, 
338, 
336, 
312, 
310, 
258, 
198, 
218, 
142, 
152, 
134, 
136, 
166, 
210, 
146, 
152, 
162, 
154, 
186, 
212, 
232, 
190, 
220, 
224, 
236, 
224, 
276, 
282, 
276, 
328, 
342, 
358, 
322, 
326, 
312, 
320, 
300, 
312, 
264, 
228, 
174, 
140, 
186, 
234, 
242, 
308, 
288, 
300, 
276, 
276, 
270, 
302, 
316, 
342, 
308, 
250, 
252, 
234, 
212, 
248, 
258, 
284, 
290, 
290, 
284, 
262, 
244, 
250, 
304, 
300, 
320, 
330, 
322, 
312, 
298, 
266, 
202, 
252, 
194, 
150, 
136, 
136, 
194, 
190, 
206, 
206, 
196, 
212, 
184, 
194, 
236, 
250, 
208, 
194, 
168, 
174, 
76, 
76, 
78, 
90, 
-16, 
-62, 
-84, 
54, 
120, 
216, 
154, 
120, 
126, 
72, 
124, 
134, 
130, 
106, 
144, 
110, 
42, 
-6, 
-26, 
-62, 
-34, 
-42, 
-32, 
-22, 
66, 
6, 
-38, 
-88, 
-100, 
-108, 
-186, 
-136, 
-82, 
-114, 
-54, 
-82, 
-72, 
-32, 
-30, 
-4, 
66, 
34, 
28, 
22, 
34, 
-68, 
-66, 
-42, 
-108, 
-140, 
-160, 
-204, 
-188, 
-174, 
-160, 
-174, 
-144, 
-200, 
-170, 
-122, 
-114, 
-110, 
-146, 
-186, 
-150, 
-118, 
-122, 
-64, 
-140, 
-138, 
-98, 
-126, 
-92, 
-22, 
-34, 
8, 
20, 
-26, 
12, 
44, 
74, 
104, 
128, 
34, 
-70, 
-164, 
-126, 
-184, 
-170, 
-164, 
-228, 
-272, 
-276, 
-272, 
-284, 
-270, 
-290, 
-314, 
-292, 
-284, 
-232, 
-208, 
-156, 
-258, 
-294, 
-306, 
-290, 
-328, 
-326, 
-316, 
-290, 
-292, 
-284, 
-310, 
-274, 
-240, 
-248, 
-278, 
-280, 
-258, 
-272, 
-292, 
-270, 
-238, 
-284, 
-272, 
-290, 
-292, 
-288, 
-300, 
-262, 
-268, 
-218, 
-216, 
-182, 
-154, 
-150, 
-126, 
-102, 
-80, 
-106, 
-30, 
54, 
52, 
34, 
80, 
122, 
134, 
146, 
132, 
146, 
112, 
150, 
206, 
256, 
176, 
202, 
166, 
138, 
140, 
224, 
226, 
262, 
250, 
242, 
268, 
250, 
194, 
94, 
102, 
140, 
220, 
264, 
238, 
176, 
158, 
114, 
80, 
26, 
-52, 
-88, 
-148, 
-134, 
-108, 
-88, 
-84, 
-84, 
8, 
6, 
-10, 
-28, 
-36, 
-122, 
-142, 
-118, 
-264, 
-278, 
-222, 
-150, 
-206, 
-232, 
-280, 
-248, 
-284, 
-270, 
-300, 
-324, 
-332, 
-348, 
-280, 
-330, 
-286, 
-264, 
-194, 
-170, 
-184, 
-158, 
-212, 
-204, 
-148, 
-114, 
-108, 
-118, 
-92, 
-70, 
-86, 
-60, 
-110, 
-44, 
-62, 
-104, 
-82, 
-96, 
-74, 
-62, 
-152, 
-132, 
-156, 
-168, 
-120, 
-140, 
-152, 
-130, 
-84, 
-86, 
-158, 
-166, 
-158, 
-134, 
-148, 
-178, 
-92, 
-96, 
-92, 
-112, 
-124, 
-116, 
-96, 
-50, 
-64, 
-90, 
-26, 
48, 
84, 
100, 
42, 
2, 
46, 
40, 
76, 
64, 
56, 
-14, 
-42, 
-66, 
-90, 
-132, 
-192, 
-154, 
-126, 
-70, 
-78, 
-86, 
-110, 
-158, 
-170, 
-174, 
-164, 
-132, 
-126, 
-38, 
-54, 
-90, 
-150, 
-124, 
-140, 
-176, 
-232, 
-232, 
-264, 
-278, 
-276, 
-296, 
-296, 
-320, 
-256, 
-266, 
-228, 
-226, 
-186, 
-178, 
-158, 
-110, 
-68, 
20, 
60, 
44, 
104, 
136, 
202, 
180, 
238, 
232, 
216, 
228, 
202, 
224, 
214, 
212, 
244, 
256, 
288, 
284, 
344, 
366, 
348, 
346, 
304, 
276, 
248, 
250, 
278, 
294, 
290, 
270, 
236, 
236, 
286, 
256, 
272, 
238, 
176, 
214, 
154, 
132, 
208, 
226, 
248, 
260, 
306, 
306, 
316, 
296, 
308, 
280, 
268, 
310, 
298, 
310, 
312, 
318, 
354, 
336, 
336, 
332, 
298, 
304, 
316, 
338, 
344, 
332, 
320, 
332, 
310, 
238, 
250, 
294, 
336, 
302, 
292, 
328, 
324, 
318, 
316, 
308, 
294, 
278, 
240, 
194, 
222, 
286, 
308, 
330, 
302, 
314, 
306, 
314, 
332, 
280, 
234, 
212, 
124, 
44, 
64, 
14, 
10, 
24, 
16, 
-16, 
-52, 
-24, 
-22, 
-6, 
12, 
4, 
32, 
20, 
26, 
28, 
-42, 
-68, 
-50, 
-48, 
-54, 
-40, 
-48, 
38, 
72, 
64, 
118, 
100, 
94, 
162, 
188, 
156, 
118, 
64, 
24, 
18, 
-12, 
-6, 
4, 
26, 
90, 
80, 
76, 
80, 
84, 
84, 
192, 
210, 
262, 
260, 
200, 
198, 
200, 
226, 
280, 
228, 
236, 
274, 
258, 
230, 
228, 
264, 
264, 
238, 
246, 
214, 
246, 
230, 
252, 
306, 
316, 
286, 
318, 
316, 
324, 
342, 
318, 
292, 
274, 
266, 
304, 
326, 
312, 
296, 
282, 
212, 
186, 
186, 
170, 
108, 
116, 
114, 
32, 
74, 
138, 
164, 
188, 
192, 
196, 
132, 
152, 
120, 
74, 
138, 
168, 
270, 
246, 
248, 
218, 
208, 
226, 
250, 
278, 
286, 
292, 
298, 
298, 
290, 
248, 
166, 
214, 
274, 
310, 
278, 
236, 
240, 
292, 
282, 
286, 
294, 
272, 
258, 
224, 
206, 
164, 
134, 
142, 
130, 
160, 
116, 
150, 
124, 
152, 
142, 
186, 
238, 
222, 
168, 
152, 
226, 
192, 
174, 
90, 
66, 
38, 
42, 
26, 
58, 
72, 
28, 
-84, 
-80, 
-94, 
-98, 
-118, 
-96, 
-98, 
-142, 
-210, 
-192, 
-178, 
-216, 
-226, 
-238, 
-260, 
-230, 
-268, 
-250, 
-252, 
-200, 
-214, 
-180, 
-240, 
-246, 
-224, 
-210, 
-252, 
-224, 
-228, 
-218, 
-222, 
-266, 
-262, 
-316, 
-300, 
-332, 
-348, 
-340, 
-328, 
-288, 
-246, 
-284, 
-248, 
-246, 
-206, 
-258, 
-260, 
-226, 
-238, 
-210, 
-256, 
-264, 
-292, 
-292, 
-296, 
-278, 
-260, 
-254, 
-260, 
-256, 
-304, 
-276, 
-274, 
-312, 
-252, 
-194, 
-198, 
-184, 
-202, 
-202, 
-208, 
-160, 
-114, 
-82, 
-102, 
-112, 
-134, 
-112, 
-56, 
-44, 
-84, 
-64, 
-162, 
-200, 
-240, 
-272, 
-290, 
-292, 
-266, 
-298, 
-278, 
-284, 
-248, 
-282, 
-292, 
-270, 
-262, 
-280, 
-272, 
-270, 
-250, 
-188, 
-142, 
-52, 
-54, 
-80, 
-74, 
-136, 
-168, 
-190, 
-218, 
-238, 
-248, 
-248, 
-254, 
-190, 
-164, 
-120, 
-78, 
-46, 
-64, 
-68, 
-52, 
-56, 
-114, 
-74, 
-62, 
-144, 
-154, 
-150, 
-192, 
-156, 
-150, 
-84, 
-78, 
-82, 
-58, 
-10, 
2, 
10, 
8, 
34, 
72, 
104, 
118, 
152, 
178, 
190, 
176, 
170, 
232, 
216, 
190, 
204, 
206, 
312, 
280, 
292, 
330, 
350, 
304, 
328, 
316, 
312, 
316, 
310, 
284, 
270, 
298, 
322, 
290, 
226, 
220, 
218, 
146, 
168, 
150, 
164, 
138, 
78, 
46, 
106, 
110, 
120, 
50, 
56, 
-6, 
48, 
52, 
68, 
52, 
34, 
38, 
94, 
76, 
100, 
130, 
146, 
144, 
134, 
196, 
204, 
228, 
274, 
282, 
278, 
222, 
248, 
236, 
210, 
228, 
298, 
276, 
286, 
252, 
210, 
188, 
214, 
232, 
258, 
298, 
272, 
256, 
246, 
258, 
252, 
238, 
240, 
234, 
308, 
318, 
292, 
290, 
250, 
238, 
238, 
258, 
278, 
274, 
316, 
256, 
232, 
180, 
186, 
144, 
136, 
120, 
100, 
128, 
192, 
136, 
16, 
30, 
34, 
-34, 
0, 
52, 
8, 
68, 
142, 
128, 
104, 
98, 
126, 
134, 
90, 
56, 
30, 
88, 
38, 
0, 
-72, 
-120, 
-124, 
-152, 
-124, 
-134, 
-112, 
-68, 
-28, 
-10, 
-30, 
-52, 
-84, 
-92, 
-46, 
-52, 
-110, 
-74, 
-50, 
-34, 
-98, 
-4, 
12, 
-10, 
54, 
94, 
68, 
80, 
40, 
48, 
2, 
28, 
22, 
12, 
-38, 
-68, 
-108, 
-148, 
-148, 
-206, 
-234, 
-230, 
-270, 
-266, 
-274, 
-232, 
-184, 
-128, 
-164, 
-138, 
-166, 
-250, 
-302, 
-240, 
-236, 
-174, 
-128, 
-120, 
-182, 
-268, 
-284, 
-256, 
-264, 
-274, 
-296, 
-274, 
-316, 
-296, 
-266, 
-286, 
-240, 
-176, 
-114, 
-14, 
48, 
88, 
242, 
242, 
288, 
282, 
292, 
308, 
290, 
278, 
276, 
284, 
238, 
230, 
208, 
222, 
122, 
112, 
50, 
6, 
8, 
2, 
64, 
6, 
-30, 
-22, 
-42, 
-92, 
-88, 
-52, 
-52, 
-106, 
-124, 
-142, 
-184, 
-216, 
-242, 
-178, 
-136, 
-166, 
-178, 
-214, 
-184, 
-178, 
-200, 
-190, 
-206, 
-178, 
-158, 
-228, 
-182, 
-112, 
-96, 
-106, 
-132, 
-82, 
-136, 
-156, 
-136, 
-36, 
-100, 
-34, 
10, 
-14, 
-30, 
-18, 
-2, 
0, 
30, 
36, 
36, 
38, 
56, 
102, 
92, 
84, 
84, 
98, 
120, 
200, 
168, 
154, 
196, 
224, 
198, 
282, 
280, 
254, 
256, 
262, 
312, 
306, 
314, 
308, 
304, 
338, 
306, 
328, 
320, 
264, 
274, 
250, 
262, 
258, 
250, 
230, 
242, 
232, 
270, 
250, 
312, 
268, 
262, 
260, 
290, 
294, 
262, 
282, 
256, 
292, 
216, 
228, 
222, 
204, 
182, 
186, 
138, 
134, 
106, 
66, 
10, 
58, 
48, 
70, 
74, 
0, 
-56, 
-76, 
-86, 
-118, 
-104, 
-138, 
-162, 
-78, 
-122, 
-136, 
-146, 
-112, 
-140, 
-96, 
-40, 
22, 
26, 
42, 
12, 
72, 
176, 
190, 
198, 
222, 
226, 
220, 
240, 
252, 
284, 
276, 
244, 
238, 
252, 
318, 
314, 
304, 
276, 
276, 
260, 
262, 
252, 
266, 
270, 
268, 
264, 
270, 
252, 
216, 
200, 
236, 
206, 
162, 
182, 
166, 
162, 
160, 
110, 
126, 
114, 
160, 
212, 
252, 
214, 
226, 
166, 
172, 
130, 
172, 
148, 
138, 
148, 
104, 
134, 
158, 
190, 
170, 
114, 
54, 
38, 
8, 
22, 
-16, 
40, 
48, 
38, 
40, 
84, 
58, 
118, 
194, 
224, 
220, 
252, 
224, 
228, 
246, 
236, 
238, 
254, 
184, 
180, 
190, 
130, 
126, 
102, 
116, 
84, 
96, 
112, 
76, 
148, 
162, 
148, 
196, 
268, 
228, 
214, 
260, 
260, 
280, 
290, 
274, 
282, 
294, 
306, 
276, 
226, 
214, 
252, 
252, 
304, 
304, 
212, 
208, 
224, 
258, 
244, 
218, 
188, 
226, 
180, 
174, 
168, 
208, 
206, 
226, 
138, 
82, 
92, 
116, 
120, 
80, 
42, 
0, 
-32, 
-82, 
-68, 
-50, 
-88, 
-28, 
-48, 
-98, 
-150, 
-184, 
-188, 
-140, 
-126, 
-150, 
-172, 
-204, 
-196, 
-162, 
-116, 
-108, 
-108, 
-126, 
-92, 
-68, 
-122, 
-112, 
-114, 
-158, 
-130, 
-162, 
-128, 
-98, 
-110, 
-126, 
-142, 
-178, 
-202, 
-202, 
-212, 
-162, 
-138, 
-164, 
-172, 
-212, 
-262, 
-260, 
-206, 
-194, 
-214, 
-190, 
-202, 
-210, 
-184, 
-192, 
-198, 
-232, 
-226, 
-204, 
-264, 
-302, 
-290, 
-318, 
-328, 
-328, 
-360, 
-344, 
-276, 
-310, 
-266, 
-320, 
-288, 
-234, 
-222, 
-206, 
-162, 
-196, 
-152, 
-134, 
-224, 
-128, 
-136, 
-158, 
-152, 
-192, 
-114, 
-110, 
-96, 
-66, 
-34, 
-88, 
-68, 
-62, 
-98, 
-72, 
-94, 
-110, 
-144, 
-126, 
-128, 
-146, 
-198, 
-232, 
-244, 
-270, 
-284, 
-248, 
-184, 
-206, 
-160, 
-72, 
-76, 
-82, 
-166, 
-178, 
-142, 
-112, 
-136, 
-110, 
-62, 
-68, 
-96, 
-122, 
-90, 
-58, 
-48, 
34, 
66, 
80, 
40, 
66, 
82, 
46, 
-10, 
64, 
106, 
82, 
70, 
2, 
-26, 
-32, 
-90, 
-126, 
-90, 
-44, 
-22, 
38, 
-38, 
-52, 
-34, 
40, 
26, 
12, 
-22, 
-34, 
-56, 
-116, 
-140, 
-126, 
-168, 
-178, 
-208, 
-244, 
-228, 
-290, 
-306, 
-302, 
-310, 
-276, 
-270, 
-268, 
-232, 
-242, 
-212, 
-220, 
-238, 
-242, 
-188, 
-110, 
-146, 
-160, 
-166, 
-144, 
-132, 
-112, 
-72, 
-32, 
-10, 
-20, 
-14, 
-60, 
-48, 
-76, 
-86, 
-102, 
-76, 
-38, 
-6, 
56, 
78, 
184, 
206, 
238, 
212, 
166, 
216, 
264, 
260, 
196, 
158, 
88, 
104, 
112, 
70, 
82, 
124, 
116, 
114, 
80, 
78, 
144, 
136, 
128, 
168, 
154, 
122, 
92, 
136, 
134, 
186, 
226, 
262, 
250, 
280, 
272, 
266, 
244, 
244, 
232, 
168, 
102, 
130, 
96, 
94, 
78, 
126, 
168, 
158, 
138, 
154, 
174, 
246, 
278, 
268, 
220, 
182, 
182, 
224, 
250, 
320, 
308, 
290, 
298, 
332, 
310, 
294, 
270, 
218, 
268, 
196, 
154, 
112, 
152, 
118, 
150, 
164, 
118, 
86, 
42, 
38, 
44, 
44, 
44, 
56, 
98, 
128, 
164, 
110, 
126, 
142, 
60, 
18, 
-46, 
-14, 
-36, 
-82, 
-26, 
-52, 
-136, 
-158, 
-44, 
-82, 
-114, 
-152, 
-194, 
-174, 
-134, 
-112, 
-114, 
-36, 
-16, 
68, 
16, 
74, 
130, 
72, 
26, 
-6, 
-146, 
-186, 
-194, 
-182, 
-228, 
-258, 
-246, 
-214, 
-238, 
-212, 
-158, 
-112, 
-82, 
-160, 
-120, 
-122, 
-38, 
28, 
78, 
36, 
52, 
34, 
56, 
40, 
60, 
142, 
116, 
122, 
92, 
190, 
250, 
276, 
288, 
300, 
330, 
312, 
298, 
300, 
278, 
304, 
284, 
288, 
278, 
290, 
314, 
288, 
250, 
244, 
274, 
322, 
282, 
262, 
230, 
266, 
286, 
276, 
302, 
276, 
308, 
302, 
320, 
310, 
316, 
288, 
244, 
228, 
258, 
270, 
232, 
230, 
226, 
176, 
236, 
276, 
290, 
288, 
242, 
264, 
240, 
274, 
250, 
292, 
350, 
330, 
286, 
290, 
264, 
282, 
272, 
276, 
298, 
324, 
274, 
302, 
282, 
222, 
250, 
278, 
284, 
298, 
260, 
254, 
256, 
260, 
264, 
292, 
296, 
276, 
260, 
226, 
232, 
238, 
220, 
218, 
236, 
220, 
262, 
220, 
204, 
204, 
146, 
170, 
222, 
282, 
290, 
302, 
296, 
296, 
260, 
240, 
182, 
250, 
190, 
190, 
196, 
182, 
202, 
232, 
190, 
246, 
238, 
244, 
262, 
316, 
292, 
274, 
318, 
322, 
322, 
316, 
328, 
290, 
264, 
206, 
212, 
164, 
142, 
198, 
194, 
154, 
190, 
240, 
250, 
264, 
206, 
172, 
116, 
108, 
68, 
28, 
-38, 
-100, 
-74, 
-80, 
-60, 
-78, 
-12, 
30, 
-68, 
-68, 
-74, 
-98, 
-106, 
-162, 
-136, 
-192, 
-202, 
-210, 
-190, 
-158, 
-204, 
-236, 
-278, 
-320, 
-318, 
-298, 
-280, 
-212, 
-258, 
-268, 
-238, 
-226, 
-194, 
-216, 
-228, 
-244, 
-236, 
-238, 
-244, 
-232, 
-226, 
-242, 
-212, 
-220, 
-254, 
-242, 
-240, 
-288, 
-288, 
-300, 
-332, 
-292, 
-226, 
-216, 
-212, 
-230, 
-242, 
-198, 
-144, 
-162, 
-208, 
-232, 
-234, 
-282, 
-280, 
-300, 
-270, 
-274, 
-268, 
-192, 
-202, 
-112, 
-134, 
-192, 
-138, 
-132, 
-120, 
-170, 
-208, 
-168, 
-184, 
-146, 
-166, 
-100, 
-108, 
-78, 
-48, 
-52, 
-20, 
20, 
12, 
42, 
30, 
120, 
66, 
74, 
96, 
138, 
218, 
236, 
196, 
212, 
148, 
102, 
78, 
90, 
102, 
138, 
158, 
166, 
198, 
128, 
64, 
72, 
70, 
60, 
64, 
160, 
174, 
154, 
228, 
236, 
264, 
246, 
232, 
240, 
252, 
246, 
216, 
200, 
272, 
276, 
230, 
238, 
196, 
178, 
222, 
182, 
120, 
120, 
180, 
222, 
172, 
144, 
88, 
52, 
70, 
88, 
52, 
100, 
58, 
62, 
134, 
72, 
80, 
116, 
112, 
96, 
142, 
162, 
122, 
146, 
124, 
96, 
128, 
116, 
114, 
138, 
156, 
140, 
140, 
208, 
198, 
170, 
186, 
220, 
190, 
132, 
76, 
120, 
128, 
136, 
170, 
210, 
216, 
240, 
146, 
186, 
236, 
242, 
296, 
278, 
294, 
270, 
268, 
252, 
214, 
184, 
136, 
116, 
142, 
184, 
184, 
172, 
168, 
202, 
164, 
138, 
94, 
90, 
90, 
36, 
144, 
88, 
138, 
170, 
230, 
210, 
256, 
252, 
242, 
294, 
258, 
210, 
230, 
230, 
232, 
280, 
286, 
310, 
256, 
286, 
294, 
336, 
334, 
336, 
322, 
298, 
358, 
354, 
330, 
268, 
282, 
256, 
296, 
294, 
270, 
294, 
300, 
258, 
250, 
190, 
270, 
294, 
338, 
314, 
250, 
182, 
264, 
256, 
248, 
276, 
286, 
294, 
248, 
256, 
320, 
338, 
356, 
298, 
300, 
302, 
260, 
270, 
238, 
192, 
210, 
230, 
288, 
276, 
256, 
258, 
280, 
288, 
304, 
322, 
332, 
360, 
344, 
352, 
350, 
286, 
252, 
172, 
250, 
246, 
200, 
144, 
174, 
182, 
142, 
130, 
130, 
170, 
140, 
104, 
34, 
60, 
124, 
202, 
218, 
210, 
208, 
182, 
230, 
206, 
224, 
178, 
166, 
216, 
224, 
232, 
262, 
296, 
258, 
296, 
304, 
302, 
298, 
294, 
312, 
304, 
288, 
306, 
304, 
282, 
306, 
288, 
242, 
184, 
168, 
214, 
238, 
264, 
250, 
286, 
280, 
226, 
234, 
232, 
248, 
304, 
288, 
240, 
166, 
150, 
192, 
230, 
232, 
216, 
222, 
290, 
322, 
328, 
306, 
338, 
312, 
314, 
300, 
326, 
304, 
300, 
306, 
288, 
290, 
292, 
310, 
236, 
236, 
202, 
230, 
224, 
268, 
300, 
262, 
266, 
272, 
296, 
312, 
262, 
296, 
254, 
258, 
318, 
334, 
280, 
320, 
320, 
280, 
262, 
298, 
290, 
284, 
272, 
220, 
200, 
222, 
240, 
228, 
282, 
260, 
252, 
220, 
228, 
306, 
288, 
310, 
274, 
286, 
268, 
234, 
248, 
218, 
188, 
158, 
216, 
202, 
224, 
210, 
254, 
244, 
272, 
212, 
238, 
220, 
198, 
118, 
86, 
48, 
46, 
82, 
116, 
68, 
110, 
90, 
66, 
38, 
22, 
22, 
20, 
-12, 
-8, 
-50, 
4, 
-22, 
-36, 
-54, 
-72, 
-94, 
-122, 
-146, 
-200, 
-268, 
-238, 
-198, 
-206, 
-212, 
-184, 
-178, 
-212, 
-124, 
-178, 
-192, 
-140, 
-150, 
-168, 
-224, 
-216, 
-178, 
-178, 
-156, 
-152, 
-200, 
-214, 
-254, 
-328, 
-350, 
-330, 
-306, 
-306, 
-322, 
-314, 
-286, 
-234, 
-262, 
-240, 
-264, 
-286, 
-310, 
-288, 
-270, 
-274, 
-248, 
-310, 
-312, 
-292, 
-276, 
-252, 
-232, 
-278, 
-298, 
-272, 
-314, 
-320, 
-334, 
-314, 
-320, 
-286, 
-252, 
-244, 
-262, 
-232, 
-196, 
-212, 
-196, 
-150, 
-112, 
-92, 
-100, 
-52, 
-78, 
-86, 
-50, 
-22, 
62, 
64, 
58, 
26, 
14, 
56, 
36, 
12, 
4, 
-38, 
-6, 
-8, 
22, 
-86, 
-76, 
-68, 
-84, 
-30, 
-110, 
-122, 
-94, 
-100, 
-72, 
-36, 
-46, 
38, 
114, 
126, 
146, 
138, 
130, 
86, 
98, 
156, 
156, 
218, 
280, 
310, 
310, 
234, 
152, 
146, 
152, 
64, 
30, 
46, 
120, 
126, 
110, 
92, 
108, 
26, 
38, 
6, 
52, 
74, 
50, 
2, 
20, 
-30, 
-34, 
-8, 
-90, 
-166, 
-170, 
-202, 
-200, 
-216, 
-186, 
-216, 
-242, 
-224, 
-190, 
-182, 
-200, 
-252, 
-180, 
-226, 
-246, 
-244, 
-170, 
-150, 
-114, 
-106, 
-146, 
-90, 
-86, 
-50, 
-58, 
-122, 
-108, 
-124, 
-26, 
-72, 
-56, 
18, 
28, 
60, 
102, 
64, 
20, 
68, 
78, 
128, 
222, 
208, 
298, 
322, 
290, 
250, 
252, 
168, 
158, 
134, 
100, 
64, 
44, 
-4, 
-38, 
-60, 
-76, 
-72, 
-22, 
74, 
112, 
146, 
102, 
108, 
122, 
130, 
72, 
62, 
98, 
102, 
100, 
84, 
80, 
48, 
18, 
34, 
-6, 
-72, 
-120, 
-152, 
-206, 
-228, 
-204, 
-228, 
-226, 
-262, 
-256, 
-284, 
-320, 
-306, 
-244, 
-266, 
-226, 
-206, 
-184, 
-180, 
-180, 
-162, 
-124, 
-114, 
-66, 
-20, 
-36, 
10, 
12, 
58, 
52, 
86, 
124, 
34, 
-24, 
0, 
-86, 
-24, 
-2, 
28, 
22, 
-14, 
-6, 
44, 
36, 
72, 
126, 
208, 
196, 
192, 
218, 
254, 
256, 
280, 
298, 
312, 
258, 
230, 
228, 
272, 
212, 
186, 
220, 
212, 
184, 
210, 
230, 
258, 
226, 
204, 
238, 
272, 
244, 
252, 
238, 
208, 
250, 
318, 
278, 
260, 
260, 
234, 
260, 
212, 
172, 
146, 
120, 
144, 
180, 
208, 
196, 
192, 
246, 
248, 
274, 
238, 
214, 
198, 
138, 
198, 
170, 
218, 
234, 
202, 
188, 
132, 
136, 
124, 
96, 
60, 
18, 
78, 
86, 
110, 
144, 
170, 
146, 
184, 
234, 
226, 
222, 
232, 
250, 
272, 
298, 
270, 
256, 
262, 
258, 
272, 
290, 
262, 
304, 
322, 
282, 
208, 
202, 
164, 
198, 
240, 
282, 
322, 
306, 
314, 
314, 
278, 
286, 
300, 
262, 
254, 
254, 
306, 
332, 
348, 
334, 
290, 
284, 
292, 
318, 
268, 
286, 
308, 
316, 
310, 
262, 
262, 
174, 
182, 
190, 
240, 
238, 
216, 
216, 
270, 
290, 
270, 
324, 
314, 
282, 
270, 
302, 
260, 
318, 
332, 
314, 
294, 
294, 
280, 
260, 
264, 
266, 
300, 
288, 
252, 
242, 
228, 
264, 
264, 
262, 
270, 
310, 
330, 
304, 
336, 
326, 
306, 
306, 
280, 
254, 
242, 
214, 
234, 
252, 
294, 
298, 
278, 
266, 
234, 
252, 
258, 
294, 
288, 
358, 
326, 
326, 
302, 
298, 
298, 
290, 
330, 
292, 
310, 
328, 
338, 
286, 
310, 
316, 
318, 
280, 
298, 
314, 
252, 
214, 
164, 
182, 
164, 
144, 
130, 
132, 
138, 
104, 
80, 
52, 
16, 
32, 
22, 
58, 
90, 
56, 
92, 
132, 
172, 
184, 
150, 
-20, 
-26, 
-14, 
44, 
30, 
42, 
4, 
-14, 
-84, 
-74, 
-82, 
-34, 
4, 
-12, 
-16, 
-56, 
-88, 
-88, 
-106, 
-82, 
-70, 
-4, 
70, 
76, 
114, 
32, 
26, 
76, 
88, 
100, 
146, 
150, 
198, 
236, 
240, 
266, 
308, 
326, 
298, 
290, 
300, 
308, 
314, 
302, 
350, 
304, 
258, 
284, 
270, 
244, 
242, 
196, 
162, 
180, 
208, 
176, 
192, 
246, 
276, 
208, 
226, 
246, 
260, 
236, 
250, 
240, 
254, 
224, 
222, 
174, 
172, 
192, 
224, 
212, 
200, 
210, 
238, 
238, 
268, 
246, 
278, 
260, 
302, 
288, 
302, 
350, 
270, 
264, 
310, 
316, 
340, 
348, 
366, 
356, 
342, 
318, 
296, 
292, 
292, 
272, 
272, 
294, 
268, 
306, 
302, 
236, 
234, 
218, 
266, 
240, 
222, 
220, 
200, 
154, 
158, 
164, 
146, 
156, 
198, 
236, 
172, 
154, 
128, 
168, 
152, 
60, 
90, 
100, 
132, 
156, 
130, 
88, 
24, 
2, 
-6, 
14, 
8, 
48, 
2, 
-38, 
-46, 
-32, 
-124, 
-154, 
-146, 
-152, 
-124, 
-68, 
-118, 
-114, 
-142, 
-162, 
-140, 
-226, 
-204, 
-256, 
-280, 
-210, 
-258, 
-318, 
-324, 
-258, 
-212, 
-228, 
-270, 
-250, 
-226, 
-194, 
-216, 
-244, 
-176, 
-118, 
-110, 
-74, 
-74, 
-68, 
-56, 
-42, 
-14, 
-16, 
22, 
46, 
74, 
50, 
16, 
-12, 
-14, 
-28, 
-38, 
-8, 
38, 
82, 
146, 
180, 
166, 
214, 
236, 
266, 
306, 
282, 
270, 
236, 
184, 
184, 
238, 
318, 
298, 
264, 
306, 
270, 
238, 
198, 
212, 
182, 
192, 
194, 
160, 
166, 
130, 
134, 
94, 
40, 
34, 
2, 
28, 
64, 
86, 
44, 
62, 
90, 
82, 
136, 
136, 
180, 
186, 
146, 
134, 
36, 
60, 
44, 
-24, 
2, 
18, 
36, 
58, 
34, 
-30, 
-90, 
-84, 
-94, 
-62, 
-34, 
-38, 
-26, 
24, 
0, 
-8, 
-14, 
-12, 
-138, 
-110, 
-144, 
-130, 
-140, 
-98, 
-60, 
-56, 
-88, 
-122, 
-178, 
-198, 
-224, 
-224, 
-164, 
-158, 
-148, 
-108, 
-156, 
-180, 
-188, 
-162, 
-120, 
-158, 
-122, 
-106, 
-94, 
-140, 
-168, 
-156, 
-124, 
-74, 
12, 
82, 
70, 
30, 
96, 
144, 
176, 
176, 
174, 
132, 
124, 
138, 
138, 
142, 
166, 
138, 
96, 
48, 
96, 
-16, 
8, 
-36, 
48, 
88, 
60, 
56, 
108, 
120, 
88, 
62, 
12, 
-10, 
-8, 
-32, 
-76, 
-60, 
-128, 
-112, 
-54, 
-10, 
-16, 
-32, 
-4, 
38, 
34, 
36, 
38, 
62, 
58, 
30, 
-40, 
0, 
14, 
26, 
82, 
188, 
158, 
136, 
108, 
124, 
72, 
38, 
52, 
50, 
46, 
160, 
130, 
72, 
50, 
36, 
22, 
-10, 
2, 
-4, 
28, 
46, 
16, 
34, 
58, 
40, 
24, 
-34, 
-102, 
-72, 
-92, 
-68, 
-50, 
4, 
-14, 
-44, 
-102, 
-146, 
-132, 
-160, 
-146, 
-180, 
-228, 
-246, 
-220, 
-270, 
-196, 
-224, 
-256, 
-236, 
-216, 
-170, 
-224, 
-136, 
-122, 
-142, 
-154, 
-170, 
-162, 
-88, 
-62, 
-66, 
-88, 
-106, 
-118, 
-58, 
-62, 
-26, 
18, 
-42, 
-54, 
-16, 
12, 
14, 
-42, 
-68, 
-100, 
-142, 
-142, 
-80, 
-16, 
-34, 
-64, 
-14, 
92, 
188, 
128, 
104, 
110, 
148, 
166, 
222, 
216, 
212, 
214, 
174, 
162, 
150, 
220, 
238, 
264, 
204, 
176, 
194, 
190, 
168, 
142, 
140, 
202, 
232, 
276, 
278, 
272, 
280, 
282, 
306, 
258, 
314, 
310, 
336, 
308, 
324, 
268, 
234, 
220, 
228, 
216, 
204, 
154, 
122, 
70, 
82, 
88, 
140, 
154, 
190, 
220, 
172, 
214, 
216, 
262, 
264, 
228, 
262, 
248, 
198, 
182, 
224, 
204, 
168, 
162, 
238, 
262, 
258, 
292, 
222, 
242, 
310, 
294, 
272, 
252, 
240, 
302, 
318, 
312, 
306, 
326, 
306, 
280, 
304, 
292, 
304, 
300, 
190, 
160, 
180, 
212, 
218, 
222, 
244, 
210, 
240, 
264, 
282, 
274, 
296, 
254, 
296, 
244, 
228, 
190, 
182, 
156, 
112, 
124, 
98, 
6, 
-122, 
-52, 
-4, 
12, 
22, 
40, 
42, 
-44, 
-6, 
18, 
2, 
54, 
14, 
-76, 
-82, 
-150, 
-126, 
-170, 
-200, 
-192, 
-198, 
-148, 
-174, 
-168, 
-200, 
-202, 
-196, 
-190, 
-218, 
-266, 
-220, 
-154, 
-172, 
-124, 
-124, 
-116, 
-106, 
-92, 
-108, 
-132, 
-144, 
-96, 
-70, 
-18, 
44, 
8, 
6, 
106, 
158, 
150, 
140, 
156, 
158, 
176, 
144, 
74, 
118, 
46, 
44, 
142, 
150, 
142, 
154, 
268, 
224, 
206, 
250, 
206, 
208, 
188, 
232, 
224, 
236, 
220, 
132, 
160, 
176, 
176, 
170, 
130, 
156, 
128, 
124, 
164, 
170, 
154, 
112, 
134, 
108, 
78, 
32, 
-34, 
-82, 
-72, 
-26, 
-90, 
-56, 
-34, 
48, 
18, 
20, 
104, 
84, 
38, 
66, 
0, 
8, 
12, 
-30, 
2, 
38, 
56, 
4, 
16, 
-8, 
-48, 
-10, 
-34, 
-32, 
-84, 
-108, 
-140, 
-196, 
-260, 
-288, 
-298, 
-282, 
-298, 
-322, 
-334, 
-332, 
-306, 
-256, 
-258, 
-244, 
-216, 
-230, 
-232, 
-182, 
-164, 
-102, 
-78, 
-16, 
62, 
50, 
78, 
216, 
158, 
238, 
180, 
170, 
142, 
92, 
72, 
66, 
162, 
226, 
226, 
180, 
154, 
204, 
234, 
220, 
222, 
218, 
202, 
178, 
214, 
180, 
220, 
232, 
202, 
214, 
250, 
262, 
252, 
212, 
232, 
214, 
218, 
266, 
254, 
256, 
292, 
310, 
312, 
338, 
284, 
288, 
252, 
216, 
230, 
256, 
208, 
232, 
196, 
174, 
240, 
224, 
228, 
236, 
230, 
286, 
274, 
312, 
328, 
298, 
232, 
218, 
250, 
234, 
240, 
242, 
210, 
126, 
144, 
34, 
108, 
28, 
24, 
-36, 
-54, 
-14, 
24, 
-54, 
-12, 
-20, 
-40, 
-96, 
-122, 
-116, 
-78, 
-72, 
-64, 
-4, 
8, 
-16, 
-18, 
-26, 
-28, 
12, 
14, 
26, 
-20, 
-56, 
-68, 
-12, 
-86, 
-54, 
-76, 
-74, 
2, 
40, 
-4, 
-28, 
38, 
92, 
150, 
102, 
98, 
92, 
64, 
98, 
70, 
108, 
164, 
246, 
290, 
294, 
240, 
202, 
290, 
306, 
330, 
348, 
340, 
304, 
298, 
280, 
276, 
240, 
200, 
176, 
264, 
286, 
314, 
268, 
216, 
218, 
196, 
256, 
234, 
218, 
296, 
312, 
286, 
290, 
260, 
278, 
318, 
324, 
298, 
280, 
242, 
158, 
186, 
226, 
232, 
164, 
180, 
164, 
202, 
138, 
168, 
200, 
140, 
78, 
86, 
126, 
130, 
116, 
154, 
148, 
148, 
176, 
130, 
110, 
132, 
160, 
86, 
88, 
54, 
72, 
42, 
30, 
74, 
60, 
40, 
36, 
112, 
112, 
144, 
144, 
154, 
162, 
200, 
184, 
164, 
188, 
72, 
88, 
90, 
112, 
90, 
110, 
132, 
140, 
192, 
264, 
222, 
132, 
132, 
140, 
108, 
114, 
40, 
8, 
-20, 
-28, 
-56, 
24, 
22, 
-4, 
-6, 
-24, 
32, 
-4, 
-54, 
-74, 
-20, 
-20, 
-66, 
-76, 
-108, 
-56, 
-40, 
46, 
20, 
-12, 
-92, 
-90, 
-102, 
-56, 
-112, 
-54, 
-62, 
-72, 
-34, 
-88, 
-48, 
-72, 
-128, 
-66, 
10, 
14, 
24, 
-32, 
-4, 
-22, 
-20, 
6, 
-30, 
-126, 
-122, 
-96, 
-112, 
-128, 
-52, 
-12, 
-72, 
-78, 
-62, 
-34, 
-88, 
-2, 
-26, 
0, 
-16, 
60, 
102, 
-36, 
-80, 
-104, 
-120, 
-154, 
-120, 
-82, 
-116, 
-102, 
-126, 
-100, 
-122, 
-204, 
-136, 
-124, 
-152, 
-220, 
-226, 
-214, 
-222, 
-172, 
-198, 
-190, 
-180, 
-188, 
-228, 
-228, 
-260, 
-286, 
-266, 
-280, 
-274, 
-268, 
-254, 
-276, 
-284, 
-272, 
-318, 
-290, 
-294, 
-308, 
-276, 
-270, 
-230, 
-238, 
-220, 
-314, 
-294, 
-314, 
-308, 
-314, 
-322, 
-282, 
-258, 
-240, 
-200, 
-226, 
-260, 
-216, 
-200, 
-146, 
-144, 
-148, 
-156, 
-178, 
-208, 
-186, 
-192, 
-188, 
-206, 
-230, 
-214, 
-262, 
-296, 
-286, 
-306, 
-292, 
-282, 
-276, 
-274, 
-308, 
-264, 
-266, 
-294, 
-314, 
-326, 
-304, 
-332, 
-302, 
-320, 
-288, 
-240, 
-238, 
-266, 
-290, 
-252, 
-240, 
-258, 
-224, 
-166, 
-158, 
-198, 
-214, 
-170, 
-150, 
-124, 
-94, 
-74, 
-64, 
-46, 
46, 
158, 
184, 
168, 
138, 
130, 
42, 
44, 
-56, 
-72, 
-122, 
-66, 
-16, 
-74, 
-88, 
-130, 
-164, 
-192, 
-184, 
-238, 
-224, 
-196, 
-102, 
-158, 
-220, 
-278, 
-244, 
-280, 
-230, 
-256, 
-248, 
-284, 
-326, 
-268, 
-252, 
-250, 
-272, 
-280, 
-242, 
-176, 
-244, 
-222, 
-212, 
-262, 
-286, 
-278, 
-302, 
-274, 
-274, 
-268, 
-284, 
-298, 
-264, 
-238, 
-218, 
-266, 
-272, 
-254, 
-262, 
-290, 
-298, 
-286, 
-344, 
-342, 
-312, 
-304, 
-312, 
-320, 
-328, 
-328, 
-332, 
-340, 
-344, 
-290, 
-270, 
-238, 
-194, 
-172, 
-184, 
-164, 
-184, 
-98, 
-116, 
-118, 
-52, 
-66, 
-96, 
-132, 
-168, 
-180, 
-202, 
-196, 
-220, 
-262, 
-242, 
-230, 
-236, 
-276, 
-238, 
-192, 
-188, 
-166, 
-208, 
-218, 
-166, 
-186, 
-180, 
-212, 
-238, 
-264, 
-304, 
-310, 
-302, 
-312, 
-324, 
-306, 
-328, 
-332, 
-324, 
-286, 
-288, 
-306, 
-256, 
-290, 
-300, 
-350, 
-354, 
-332, 
-350, 
-282, 
-264, 
-248, 
-300, 
-352, 
-360, 
-352, 
-348, 
-314, 
-322, 
-326, 
-212, 
-216, 
-232, 
-226, 
-238, 
-214, 
-212, 
-188, 
-238, 
-256, 
-248, 
-278, 
-312, 
-310, 
-288, 
-310, 
-322, 
-308, 
-248, 
-236, 
-262, 
-230, 
-270, 
-292, 
-286, 
-324, 
-268, 
-288, 
-290, 
-246, 
-230, 
-260, 
-246, 
-158, 
-90, 
-70, 
-58, 
-34, 
-66, 
-136, 
-174, 
-216, 
-210, 
-224, 
-226, 
-198, 
-174, 
-128, 
-110, 
-72, 
-20, 
-36, 
-22, 
-66, 
-86, 
-130, 
-162, 
-174, 
-140, 
-168, 
-156, 
-164, 
-192, 
-198, 
-206, 
-238, 
-228, 
-296, 
-300, 
-292, 
-280, 
-222, 
-198, 
-182, 
-198, 
-220, 
-230, 
-228, 
-218, 
-174, 
-106, 
-122, 
-98, 
-54, 
-4, 
42, 
30, 
60, 
42, 
44, 
46, 
64, 
70, 
58, 
52, 
-4, 
8, 
48, 
92, 
34, 
84, 
104, 
112, 
172, 
146, 
186, 
220, 
194, 
184, 
146, 
52, 
-4, 
-4, 
22, 
76, 
74, 
86, 
80, 
88, 
84, 
152, 
160, 
196, 
186, 
140, 
108, 
104, 
110, 
66, 
126, 
90, 
82, 
94, 
110, 
124, 
112, 
96, 
70, 
60, 
18, 
46, 
-32, 
-28, 
-80, 
-46, 
-78, 
-134, 
-138, 
-162, 
-188, 
-206, 
-232, 
-174, 
-156, 
-180, 
-80, 
-74, 
-70, 
-92, 
-84, 
-68, 
-58, 
-106, 
-156, 
-162, 
-192, 
-228, 
-206, 
-222, 
-264, 
-246, 
-250, 
-278, 
-208, 
-234, 
-280, 
-234, 
-170, 
-186, 
-216, 
-192, 
-228, 
-202, 
-262, 
-232, 
-228, 
-238, 
-256, 
-258, 
-256, 
-246, 
-176, 
-180, 
-170, 
-172, 
-232, 
-234, 
-226, 
-248, 
-286, 
-196, 
-238, 
-284, 
-306, 
-272, 
-286, 
-236, 
-174, 
-176, 
-120, 
20, 
118, 
122, 
166, 
190, 
210, 
190, 
232, 
162, 
154, 
198, 
272, 
266, 
300, 
300, 
250, 
206, 
204, 
204, 
166, 
170, 
166, 
190, 
132, 
138, 
122, 
118, 
98, 
116, 
128, 
166, 
180, 
130, 
166, 
154, 
172, 
168, 
196, 
188, 
174, 
122, 
138, 
46, 
48, 
18, 
56, 
72, 
-28, 
-58, 
-100, 
-136, 
-142, 
-190, 
-200, 
-168, 
-216, 
-238, 
-264, 
-246, 
-208, 
-214, 
-258, 
-256, 
-230, 
-180, 
-218, 
-214, 
-246, 
-236, 
-200, 
-246, 
-276, 
-298, 
-318, 
-270, 
-278, 
-212, 
-206, 
-166, 
-74, 
-136, 
-184, 
-120, 
-104, 
-114, 
-92, 
-102, 
-66, 
-40, 
-8, 
8, 
-18, 
42, 
-6, 
58, 
26, 
10, 
4, 
102, 
126, 
114, 
86, 
142, 
148, 
114, 
198, 
170, 
220, 
190, 
150, 
82, 
58, 
32, 
22, 
16, 
102, 
184, 
228, 
242, 
266, 
278, 
290, 
322, 
314, 
340, 
334, 
336, 
302, 
302, 
312, 
314, 
328, 
322, 
332, 
294, 
290, 
240, 
256, 
300, 
312, 
284, 
314, 
252, 
278, 
258, 
336, 
312, 
308, 
310, 
322, 
310, 
306, 
268, 
236, 
210, 
172, 
164, 
162, 
150, 
106, 
134, 
128, 
100, 
36, 
88, 
100, 
90, 
156, 
190, 
238, 
236, 
298, 
308, 
322, 
220, 
270, 
270, 
314, 
284, 
296, 
244, 
262, 
254, 
266, 
204, 
204, 
208, 
248, 
248, 
212, 
196, 
212, 
208, 
200, 
230, 
180, 
150, 
130, 
98, 
22, 
52, 
22, 
8, 
28, 
58, 
32, 
80, 
154, 
184, 
162, 
218, 
112, 
24, 
38, 
24, 
-32, 
52, 
144, 
170, 
180, 
180, 
214, 
208, 
232, 
244, 
236, 
170, 
212, 
236, 
264, 
274, 
306, 
308, 
310, 
284, 
292, 
304, 
340, 
292, 
282, 
286, 
282, 
294, 
274, 
246, 
238, 
290, 
246, 
254, 
256, 
246, 
248, 
234, 
244, 
258, 
252, 
304, 
280, 
266, 
228, 
224, 
190, 
178, 
216, 
210, 
232, 
222, 
216, 
254, 
278, 
264, 
210, 
198, 
242, 
280, 
248, 
170, 
168, 
184, 
194, 
218, 
248, 
232, 
298, 
240, 
214, 
180, 
156, 
160, 
250, 
270, 
262, 
280, 
260, 
268, 
218, 
184, 
134, 
136, 
106, 
178, 
204, 
254, 
254, 
214, 
210, 
176, 
144, 
160, 
190, 
94, 
60, 
100, 
88, 
38, 
34, 
88, 
122, 
128, 
102, 
138, 
144, 
168, 
206, 
200, 
220, 
192, 
216, 
224, 
202, 
168, 
202, 
196, 
204, 
210, 
182, 
198, 
268, 
278, 
282, 
274, 
304, 
314, 
288, 
260, 
300, 
282, 
308, 
350, 
346, 
330, 
312, 
276, 
276, 
294, 
326, 
326, 
344, 
316, 
306, 
302, 
324, 
330, 
284, 
274, 
246, 
280, 
288, 
290, 
314, 
310, 
286, 
324, 
308, 
290, 
302, 
336, 
274, 
254, 
282, 
310, 
310, 
304, 
346, 
302, 
270, 
266, 
252, 
256, 
260, 
244, 
226, 
216, 
214, 
226, 
138, 
132, 
92, 
80, 
74, 
50, 
64, 
30, 
14, 
22, 
-24, 
-30, 
-46, 
-82, 
-112, 
-134, 
-104, 
-144, 
-122, 
-118, 
-122, 
-68, 
-78, 
-46, 
-64, 
-44, 
-62, 
-52, 
-52, 
-38, 
-116, 
-174, 
-202, 
-200, 
-196, 
-204, 
-252, 
-232, 
-242, 
-274, 
-280, 
-346, 
-356, 
-342, 
-274, 
-276, 
-260, 
-218, 
-228, 
-254, 
-264, 
-286, 
-292, 
-296, 
-236, 
-240, 
-226, 
-254, 
-264, 
-226, 
-242, 
-254, 
-216, 
-220, 
-150, 
-156, 
-194, 
-170, 
-152, 
-160, 
-250, 
-232, 
-224, 
-240, 
-216, 
-176, 
-240, 
-196, 
-176, 
-140, 
-166, 
-214, 
-214, 
-192, 
-172, 
-206, 
-194, 
-232, 
-218, 
-284, 
-254, 
-276, 
-254, 
-264, 
-304, 
-272, 
-222, 
-264, 
-246, 
-256, 
-288, 
-326, 
-332, 
-258, 
-306, 
-328, 
-326, 
-310, 
-304, 
-284, 
-322, 
-326, 
-290, 
-252, 
-240, 
-212, 
-206, 
-212, 
-186, 
-224, 
-190, 
-178, 
-134, 
-92, 
-106, 
-76, 
-60, 
-66, 
-24, 
-16, 
-66, 
-42, 
-106, 
-142, 
-114, 
-132, 
-146, 
-150, 
-142, 
-166, 
-174, 
-178, 
-144, 
-158, 
-180, 
-230, 
-202, 
-210, 
-188, 
-196, 
-222, 
-212, 
-236, 
-228, 
-194, 
-134, 
-120, 
-138, 
-164, 
-188, 
-214, 
-188, 
-112, 
-140, 
-162, 
-90, 
-176, 
-132, 
-98, 
-72, 
-62, 
-108, 
-172, 
-108, 
-88, 
-148, 
-148, 
-122, 
-136, 
-166, 
-188, 
-216, 
-278, 
-198, 
-212, 
-206, 
-154, 
-140, 
-148, 
-160, 
-170, 
-158, 
-216, 
-172, 
-156, 
-140, 
-204, 
-174, 
-152, 
-114, 
-154, 
-154, 
-114, 
-62, 
-88, 
-104, 
-100, 
-120, 
-124, 
-104, 
-80, 
-22, 
-32, 
-14, 
-30, 
64, 
70, 
46, 
20, 
-12, 
-62, 
-130, 
-160, 
-178, 
-176, 
-160, 
-142, 
-182, 
-202, 
-186, 
-230, 
-244, 
-200, 
-220, 
-240, 
-226, 
-238, 
-230, 
-264, 
-242, 
-250, 
-216, 
-240, 
-274, 
-264, 
-272, 
-306, 
-312, 
-258, 
-226, 
-206, 
-238, 
-242, 
-216, 
-210, 
-240, 
-280, 
-290, 
-304, 
-308, 
-292, 
-286, 
-302, 
-224, 
-240, 
-278, 
-280, 
-246, 
-274, 
-282, 
-260, 
-256, 
-224, 
-232, 
-202, 
-220, 
-212, 
-236, 
-232, 
-244, 
-286, 
-258, 
-280, 
-318, 
-306, 
-302, 
-348, 
-364, 
-358, 
-310, 
-276, 
-240, 
-228, 
-164, 
-152, 
-64, 
-76, 
-10, 
-28, 
-86, 
-32, 
-36, 
-4, 
-26, 
-4, 
42, 
32, 
52, 
42, 
28, 
46, 
50, 
98, 
128, 
152, 
104, 
96, 
96, 
86, 
68, 
74, 
84, 
54, 
32, 
76, 
66, 
92, 
128, 
122, 
154, 
160, 
190, 
238, 
266, 
200, 
172, 
180, 
200, 
176, 
250, 
248, 
218, 
184, 
206, 
120, 
140, 
120, 
122, 
74, 
76, 
72, 
48, 
56, 
74, 
168, 
182, 
214, 
254, 
254, 
288, 
288, 
284, 
252, 
302, 
242, 
256, 
242, 
206, 
190, 
202, 
208, 
200, 
178, 
196, 
186, 
132, 
132, 
124, 
118, 
84, 
60, 
58, 
38, 
26, 
30, 
70, 
70, 
96, 
142, 
192, 
200, 
210, 
230, 
194, 
228, 
228, 
214, 
216, 
234, 
174, 
174, 
204, 
180, 
196, 
204, 
180, 
190, 
204, 
186, 
166, 
136, 
148, 
214, 
146, 
136, 
134, 
112, 
146, 
100, 
114, 
108, 
106, 
140, 
202, 
110, 
146, 
196, 
186, 
166, 
132, 
134, 
182, 
234, 
206, 
198, 
178, 
242, 
216, 
236, 
252, 
252, 
226, 
266, 
280, 
264, 
226, 
214, 
196, 
160, 
134, 
188, 
132, 
14, 
8, 
-2, 
-44, 
-138, 
-28, 
-12, 
-30, 
-14, 
32, 
6, 
-22, 
-68, 
-36, 
44, 
42, 
68, 
116, 
218, 
246, 
164, 
132, 
68, 
26, 
20, 
54, 
-18, 
-48, 
-28, 
-38, 
-32, 
-20, 
-48, 
-66, 
-14, 
28, 
50, 
84, 
98, 
164, 
144, 
184, 
198, 
236, 
282, 
272, 
288, 
330, 
324, 
324, 
336, 
288, 
280, 
238, 
236, 
220, 
182, 
130, 
180, 
182, 
142, 
122, 
124, 
176, 
142, 
180, 
206, 
156, 
120, 
88, 
56, 
54, 
96, 
120, 
170, 
182, 
230, 
266, 
240, 
258, 
242, 
274, 
322, 
266, 
270, 
278, 
230, 
248, 
248, 
254, 
274, 
278, 
242, 
218, 
170, 
138, 
120, 
76, 
72, 
68, 
58, 
118, 
132, 
156, 
114, 
90, 
40, 
26, 
86, 
142, 
112, 
164, 
152, 
82, 
28, 
0, 
-84, 
-94, 
-122, 
-120, 
-58, 
-78, 
-74, 
-72, 
-106, 
-124, 
-90, 
-66, 
-40, 
-82, 
-84, 
-70, 
-36, 
-82, 
-222, 
-236, 
-300, 
-246, 
-302, 
-266, 
-290, 
-298, 
-318, 
-324, 
-336, 
-340, 
-310, 
-322, 
-330, 
-330, 
-296, 
-310, 
-282, 
-290, 
-236, 
-278, 
-306, 
-320, 
-336, 
-342, 
-338, 
-324, 
-322, 
-338, 
-360, 
-348, 
-322, 
-334, 
-322, 
-284, 
-266, 
-284, 
-300, 
-272, 
-238, 
-226, 
-230, 
-232, 
-204, 
-174, 
-132, 
-196, 
-208, 
-210, 
-202, 
-192, 
-222, 
-192, 
-216, 
-210, 
-206, 
-220, 
-242, 
-234, 
-130, 
-196, 
-90, 
-64, 
-140, 
-140, 
-154, 
-156, 
-90, 
-104, 
-166, 
-154, 
-200, 
-206, 
-174, 
-208, 
-264, 
-274, 
-272, 
-298, 
-232, 
-222, 
-204, 
-240, 
-298, 
-300, 
-276, 
-276, 
-186, 
-158, 
-194, 
-212, 
-222, 
-238, 
-194, 
-184, 
-176, 
-132, 
-144, 
-152, 
-166, 
-206, 
-218, 
-162, 
-98, 
-70, 
-18, 
28, 
32, 
34, 
42, 
46, 
50, 
122, 
128, 
122, 
156, 
170, 
204, 
222, 
182, 
126, 
148, 
200, 
182, 
196, 
180, 
256, 
254, 
292, 
272, 
194, 
206, 
224, 
216, 
218, 
204, 
212, 
230, 
200, 
140, 
92, 
150, 
182, 
156, 
166, 
186, 
206, 
200, 
196, 
206, 
266, 
274, 
282, 
274, 
260, 
296, 
276, 
270, 
296, 
298, 
298, 
278, 
236, 
226, 
252, 
220, 
192, 
140, 
162, 
176, 
176, 
178, 
140, 
156, 
182, 
186, 
174, 
156, 
140, 
116, 
106, 
180, 
148, 
186, 
110, 
140, 
164, 
106, 
92, 
94, 
108, 
90, 
58, 
68, 
36, 
114, 
166, 
224, 
234, 
248, 
256, 
250, 
252, 
290, 
290, 
250, 
214, 
160, 
168, 
216, 
232, 
238, 
238, 
222, 
206, 
216, 
260, 
218, 
204, 
180, 
132, 
146, 
152, 
156, 
234, 
250, 
236, 
200, 
172, 
160, 
174, 
146, 
160, 
170, 
142, 
210, 
242, 
226, 
206, 
208, 
184, 
132, 
130, 
194, 
170, 
210, 
242, 
248, 
270, 
306, 
328, 
310, 
308, 
286, 
266, 
192, 
166, 
172, 
144, 
182, 
140, 
154, 
122, 
110, 
80, 
54, 
14, 
10, 
32, 
-12, 
6, 
58, 
12, 
20, 
42, 
54, 
60, 
34, 
8, 
126, 
206, 
188, 
170, 
190, 
236, 
152, 
142, 
162, 
104, 
68, 
18, 
-14, 
6, 
32, 
18, 
-18, 
-54, 
-80, 
-120, 
-68, 
-20, 
-30, 
-54, 
-38, 
-24, 
-32, 
14, 
30, 
44, 
-12, 
-32, 
-38, 
-28, 
20, 
6, 
58, 
104, 
118, 
154, 
164, 
142, 
180, 
186, 
230, 
268, 
280, 
280, 
278, 
278, 
280, 
272, 
268, 
280, 
262, 
272, 
248, 
226, 
240, 
288, 
214, 
232, 
166, 
194, 
178, 
166, 
100, 
70, 
56, 
100, 
166, 
232, 
234, 
214, 
