46, 
50, 
54, 
56, 
28, 
22, 
-6, 
-26, 
-4, 
-34, 
-30, 
-40, 
-46, 
-74, 
-46, 
-78, 
-70, 
-52, 
-46, 
-54, 
-78, 
-62, 
-30, 
-50, 
-40, 
-66, 
-118, 
-140, 
-160, 
-124, 
-122, 
-114, 
-118, 
-92, 
-84, 
-74, 
-40, 
-68, 
-78, 
-66, 
-20, 
-54, 
-22, 
0, 
28, 
22, 
16, 
4, 
32, 
60, 
30, 
48, 
30, 
44, 
-14, 
-34, 
4, 
-34, 
-28, 
-32, 
-42, 
-34, 
-26, 
-32, 
-38, 
-32, 
-70, 
-64, 
-82, 
-54, 
-74, 
-54, 
-84, 
-114, 
-124, 
-108, 
-138, 
-106, 
-130, 
-102, 
-82, 
-90, 
-98, 
-56, 
-48, 
-8, 
-6, 
12, 
6, 
58, 
28, 
60, 
62, 
82, 
40, 
20, 
4, 
0, 
-40, 
-52, 
-42, 
-16, 
-68, 
-102, 
-80, 
-32, 
16, 
10, 
34, 
32, 
64, 
66, 
48, 
48, 
16, 
54, 
62, 
70, 
76, 
74, 
58, 
84, 
52, 
98, 
114, 
130, 
114, 
144, 
152, 
152, 
154, 
162, 
140, 
176, 
200, 
214, 
224, 
208, 
158, 
148, 
110, 
86, 
66, 
54, 
46, 
26, 
8, 
-82, 
-54, 
-70, 
-10, 
-10, 
-24, 
-54, 
-60, 
-54, 
-78, 
-70, 
-68, 
-24, 
-18, 
-16, 
38, 
38, 
60, 
80, 
108, 
88, 
136, 
140, 
154, 
128, 
152, 
124, 
102, 
86, 
58, 
52, 
78, 
72, 
60, 
64, 
80, 
52, 
82, 
130, 
136, 
134, 
146, 
142, 
182, 
176, 
184, 
176, 
178, 
152, 
178, 
144, 
136, 
140, 
96, 
86, 
82, 
54, 
62, 
78, 
78, 
106, 
110, 
80, 
122, 
134, 
130, 
114, 
126, 
100, 
120, 
88, 
94, 
88, 
110, 
126, 
108, 
116, 
98, 
136, 
100, 
54, 
82, 
54, 
76, 
68, 
102, 
122, 
108, 
110, 
144, 
120, 
102, 
86, 
102, 
134, 
134, 
132, 
78, 
94, 
56, 
74, 
56, 
98, 
108, 
116, 
86, 
98, 
110, 
112, 
124, 
90, 
82, 
106, 
118, 
114, 
94, 
82, 
84, 
110, 
94, 
64, 
56, 
52, 
48, 
40, 
28, 
-30, 
-28, 
0, 
-8, 
0, 
-24, 
-26, 
-22, 
-46, 
-20, 
-50, 
-30, 
-16, 
-6, 
14, 
38, 
18, 
4, 
16, 
66, 
64, 
32, 
30, 
42, 
38, 
36, 
8, 
-18, 
-44, 
-84, 
-96, 
-80, 
-90, 
-40, 
-24, 
-46, 
-22, 
10, 
-52, 
-38, 
-32, 
-18, 
22, 
6, 
32, 
36, 
64, 
66, 
46, 
18, 
-8, 
20, 
-24, 
-58, 
-26, 
-74, 
-66, 
-30, 
-4, 
-10, 
-36, 
-42, 
-20, 
-14, 
-2, 
-12, 
20, 
24, 
12, 
14, 
-32, 
14, 
32, 
-8, 
-42, 
-76, 
-110, 
-138, 
-104, 
-104, 
-92, 
-122, 
-136, 
-118, 
-94, 
-84, 
-84, 
-56, 
-58, 
-66, 
-70, 
-44, 
-20, 
-18, 
-34, 
-20, 
-44, 
-14, 
-10, 
-30, 
-30, 
-74, 
-96, 
-60, 
2, 
36, 
70, 
66, 
106, 
92, 
98, 
122, 
152, 
138, 
138, 
186, 
170, 
156, 
140, 
140, 
126, 
74, 
66, 
44, 
58, 
108, 
76, 
60, 
78, 
46, 
38, 
12, 
-10, 
-28, 
14, 
12, 
-2, 
0, 
18, 
22, 
46, 
44, 
70, 
-6, 
-20, 
28, 
56, 
92, 
70, 
94, 
78, 
52, 
66, 
110, 
134, 
110, 
84, 
98, 
90, 
114, 
118, 
140, 
116, 
150, 
102, 
120, 
74, 
98, 
104, 
112, 
76, 
4, 
36, 
-36, 
-58, 
-70, 
-104, 
-74, 
-84, 
-126, 
-100, 
-128, 
-152, 
-160, 
-142, 
-124, 
-120, 
-134, 
-148, 
-118, 
-116, 
-122, 
-122, 
-138, 
-148, 
-160, 
-166, 
-154, 
-142, 
-192, 
-230, 
-234, 
-226, 
-188, 
-176, 
-164, 
-140, 
-116, 
-120, 
-88, 
-76, 
-86, 
-126, 
-82, 
-112, 
-112, 
-128, 
-110, 
-108, 
-88, 
-108, 
-70, 
-108, 
-94, 
-102, 
-88, 
-68, 
-84, 
-82, 
-82, 
-90, 
-42, 
-88, 
-82, 
-106, 
-98, 
-80, 
-52, 
-64, 
-86, 
-58, 
-52, 
-78, 
-98, 
-98, 
-102, 
-120, 
-112, 
-102, 
-114, 
-150, 
-120, 
-130, 
-138, 
-160, 
-154, 
-110, 
-110, 
-126, 
-106, 
-124, 
-78, 
-64, 
-76, 
-92, 
-64, 
-86, 
-52, 
-90, 
-84, 
-122, 
-118, 
-112, 
-104, 
-82, 
-98, 
-84, 
-82, 
-70, 
-16, 
10, 
-12, 
14, 
14, 
24, 
-2, 
2, 
-2, 
-32, 
-32, 
-12, 
-54, 
2, 
10, 
26, 
-14, 
-26, 
-60, 
-76, 
-84, 
-112, 
-116, 
-114, 
-136, 
-134, 
-146, 
-142, 
-136, 
-124, 
-118, 
-98, 
-30, 
-28, 
-10, 
-8, 
-36, 
-38, 
-36, 
-14, 
-30, 
-32, 
-24, 
4, 
20, 
30, 
76, 
56, 
0, 
-30, 
-74, 
-64, 
-72, 
-88, 
-60, 
-58, 
-98, 
-106, 
-78, 
-54, 
-56, 
-60, 
-60, 
-100, 
-68, 
-64, 
-56, 
-28, 
-70, 
-56, 
-46, 
-34, 
8, 
2, 
28, 
34, 
14, 
2, 
14, 
56, 
52, 
28, 
14, 
26, 
36, 
88, 
100, 
88, 
50, 
22, 
2, 
10, 
-2, 
10, 
6, 
14, 
28, 
10, 
-12, 
14, 
8, 
22, 
30, 
4, 
0, 
24, 
34, 
32, 
74, 
34, 
34, 
34, 
86, 
88, 
88, 
112, 
92, 
108, 
66, 
52, 
48, 
58, 
80, 
86, 
110, 
72, 
84, 
98, 
68, 
88, 
130, 
82, 
92, 
90, 
78, 
72, 
70, 
94, 
104, 
114, 
88, 
62, 
44, 
46, 
60, 
22, 
28, 
62, 
54, 
30, 
34, 
-4, 
34, 
38, 
28, 
56, 
8, 
50, 
92, 
118, 
104, 
86, 
38, 
88, 
36, 
22, 
32, 
20, 
24, 
-10, 
-8, 
-6, 
-8, 
-14, 
-44, 
-24, 
36, 
38, 
48, 
30, 
10, 
60, 
62, 
68, 
54, 
66, 
38, 
26, 
54, 
38, 
62, 
48, 
-4, 
14, 
22, 
36, 
30, 
8, 
-64, 
-30, 
-22, 
-8, 
10, 
-2, 
-16, 
-16, 
10, 
2, 
20, 
-24, 
2, 
-4, 
-16, 
12, 
28, 
32, 
-18, 
4, 
38, 
40, 
50, 
46, 
54, 
54, 
54, 
32, 
26, 
54, 
28, 
24, 
48, 
56, 
48, 
18, 
-12, 
-4, 
-2, 
-14, 
-4, 
8, 
-20, 
-26, 
-36, 
-46, 
-22, 
30, 
58, 
-12, 
-24, 
-12, 
-24, 
-16, 
-54, 
6, 
-20, 
-56, 
-64, 
-56, 
-78, 
-108, 
-66, 
-66, 
-56, 
-56, 
-74, 
-78, 
-100, 
-96, 
-52, 
-36, 
-80, 
-112, 
-82, 
-90, 
-74, 
-74, 
-106, 
-84, 
-104, 
-130, 
-124, 
-96, 
-118, 
-144, 
-156, 
-144, 
-184, 
-226, 
-230, 
-196, 
-110, 
-88, 
-74, 
-76, 
-106, 
-92, 
-86, 
-74, 
-38, 
-34, 
-42, 
-40, 
-42, 
-60, 
-50, 
-56, 
-48, 
-46, 
-46, 
-34, 
-18, 
-32, 
-58, 
-26, 
-22, 
-20, 
-18, 
-22, 
-50, 
-20, 
-78, 
-84, 
-82, 
-70, 
-60, 
-84, 
-104, 
-72, 
-110, 
-116, 
-122, 
-124, 
-126, 
-78, 
-66, 
-90, 
-88, 
-48, 
-56, 
8, 
-20, 
-12, 
14, 
68, 
80, 
78, 
90, 
84, 
38, 
-18, 
2, 
8, 
8, 
14, 
-18, 
-20, 
16, 
16, 
20, 
50, 
40, 
-20, 
-44, 
-12, 
-26, 
-10, 
-4, 
8, 
-6, 
-2, 
-14, 
-58, 
-70, 
-48, 
-66, 
-60, 
-94, 
-68, 
-80, 
-64, 
-54, 
-94, 
-82, 
-102, 
-82, 
-134, 
-170, 
-220, 
-218, 
-206, 
-194, 
-134, 
-102, 
-72, 
-92, 
-112, 
-124, 
-136, 
-130, 
-166, 
-160, 
-128, 
-112, 
-66, 
-26, 
-40, 
-58, 
-62, 
-10, 
8, 
46, 
22, 
56, 
28, 
64, 
72, 
80, 
76, 
62, 
68, 
50, 
60, 
58, 
64, 
74, 
78, 
36, 
58, 
72, 
32, 
24, 
6, 
0, 
-6, 
-36, 
-44, 
-26, 
46, 
66, 
80, 
56, 
68, 
54, 
8, 
36, 
8, 
22, 
34, 
42, 
