-48, 
-6, 
-20, 
-24, 
-24, 
-16, 
36, 
60, 
96, 
104, 
156, 
188, 
254, 
288, 
310, 
302, 
320, 
324, 
320, 
334, 
356, 
372, 
376, 
382, 
388, 
394, 
392, 
372, 
374, 
360, 
360, 
396, 
380, 
378, 
352, 
362, 
382, 
378, 
384, 
380, 
378, 
366, 
372, 
366, 
382, 
378, 
380, 
386, 
370, 
384, 
382, 
392, 
384, 
370, 
360, 
358, 
370, 
376, 
356, 
376, 
358, 
384, 
370, 
382, 
376, 
372, 
360, 
360, 
350, 
342, 
340, 
346, 
346, 
356, 
384, 
380, 
366, 
364, 
376, 
390, 
386, 
370, 
358, 
370, 
382, 
372, 
380, 
386, 
386, 
376, 
382, 
374, 
390, 
382, 
364, 
384, 
390, 
370, 
370, 
376, 
364, 
382, 
372, 
380, 
378, 
358, 
344, 
340, 
348, 
340, 
336, 
382, 
388, 
380, 
386, 
364, 
374, 
376, 
382, 
376, 
364, 
370, 
394, 
388, 
378, 
362, 
374, 
376, 
366, 
364, 
366, 
374, 
386, 
386, 
376, 
364, 
358, 
342, 
350, 
326, 
348, 
356, 
368, 
362, 
372, 
350, 
382, 
378, 
364, 
380, 
376, 
394, 
372, 
386, 
394, 
384, 
378, 
376, 
386, 
390, 
360, 
366, 
374, 
376, 
380, 
380, 
388, 
388, 
372, 
374, 
374, 
348, 
358, 
358, 
372, 
366, 
380, 
372, 
372, 
388, 
382, 
380, 
386, 
378, 
380, 
378, 
364, 
342, 
338, 
360, 
372, 
356, 
380, 
370, 
368, 
376, 
378, 
378, 
382, 
378, 
388, 
368, 
370, 
366, 
378, 
382, 
378, 
368, 
386, 
384, 
378, 
374, 
380, 
382, 
378, 
382, 
384, 
386, 
392, 
380, 
358, 
374, 
374, 
370, 
352, 
386, 
374, 
360, 
380, 
384, 
388, 
388, 
380, 
368, 
374, 
374, 
382, 
384, 
382, 
356, 
372, 
376, 
376, 
380, 
390, 
384, 
380, 
374, 
386, 
382, 
384, 
380, 
382, 
376, 
382, 
368, 
372, 
384, 
382, 
366, 
374, 
368, 
384, 
366, 
366, 
360, 
338, 
384, 
388, 
390, 
390, 
396, 
388, 
378, 
374, 
366, 
388, 
370, 
386, 
388, 
366, 
370, 
370, 
370, 
374, 
356, 
374, 
360, 
374, 
366, 
370, 
374, 
370, 
380, 
374, 
356, 
382, 
366, 
372, 
386, 
380, 
384, 
376, 
380, 
376, 
386, 
388, 
376, 
352, 
372, 
372, 
368, 
374, 
376, 
372, 
354, 
378, 
384, 
392, 
366, 
386, 
358, 
366, 
380, 
380, 
374, 
376, 
392, 
394, 
392, 
374, 
384, 
374, 
372, 
374, 
374, 
378, 
378, 
384, 
386, 
384, 
384, 
374, 
382, 
382, 
392, 
388, 
386, 
388, 
374, 
374, 
384, 
388, 
368, 
370, 
390, 
388, 
376, 
370, 
390, 
366, 
352, 
368, 
368, 
364, 
342, 
386, 
372, 
364, 
362, 
372, 
370, 
386, 
388, 
380, 
378, 
390, 
378, 
378, 
370, 
366, 
362, 
352, 
346, 
368, 
380, 
376, 
382, 
380, 
392, 
382, 
382, 
386, 
374, 
380, 
370, 
374, 
384, 
392, 
384, 
370, 
382, 
382, 
370, 
388, 
376, 
374, 
382, 
384, 
370, 
378, 
372, 
388, 
382, 
366, 
386, 
376, 
374, 
380, 
382, 
380, 
364, 
378, 
386, 
356, 
374, 
362, 
356, 
360, 
386, 
386, 
360, 
366, 
378, 
378, 
364, 
396, 
370, 
374, 
380, 
356, 
372, 
374, 
374, 
388, 
374, 
380, 
376, 
392, 
382, 
388, 
384, 
384, 
386, 
384, 
360, 
364, 
384, 
364, 
374, 
380, 
378, 
394, 
396, 
396, 
386, 
374, 
372, 
364, 
362, 
350, 
378, 
382, 
378, 
372, 
376, 
378, 
386, 
372, 
382, 
382, 
364, 
342, 
310, 
382, 
384, 
396, 
384, 
372, 
384, 
380, 
376, 
372, 
366, 
382, 
372, 
378, 
382, 
360, 
366, 
374, 
368, 
384, 
364, 
392, 
370, 
370, 
392, 
380, 
384, 
382, 
366, 
378, 
394, 
384, 
378, 
388, 
384, 
396, 
378, 
384, 
386, 
390, 
384, 
382, 
372, 
350, 
348, 
364, 
348, 
358, 
348, 
386, 
378, 
396, 
378, 
370, 
382, 
386, 
378, 
384, 
386, 
374, 
370, 
364, 
374, 
382, 
384, 
382, 
388, 
390, 
386, 
386, 
376, 
354, 
366, 
350, 
344, 
358, 
366, 
378, 
378, 
364, 
350, 
366, 
372, 
370, 
382, 
382, 
376, 
388, 
386, 
382, 
386, 
380, 
388, 
368, 
364, 
352, 
372, 
386, 
392, 
376, 
370, 
364, 
380, 
382, 
384, 
370, 
372, 
374, 
378, 
384, 
390, 
374, 
364, 
360, 
372, 
356, 
350, 
354, 
378, 
362, 
336, 
362, 
382, 
374, 
376, 
382, 
380, 
384, 
390, 
386, 
386, 
396, 
388, 
392, 
388, 
386, 
378, 
378, 
372, 
386, 
374, 
378, 
396, 
378, 
366, 
392, 
384, 
374, 
362, 
372, 
380, 
378, 
352, 
374, 
372, 
378, 
376, 
380, 
390, 
392, 
386, 
388, 
382, 
384, 
368, 
388, 
382, 
352, 
362, 
364, 
364, 
376, 
380, 
368, 
358, 
370, 
382, 
372, 
378, 
388, 
394, 
368, 
380, 
390, 
390, 
388, 
378, 
358, 
376, 
376, 
384, 
380, 
382, 
354, 
380, 
384, 
376, 
386, 
374, 
370, 
380, 
362, 
384, 
384, 
392, 
370, 
372, 
380, 
380, 
368, 
384, 
386, 
382, 
378, 
364, 
374, 
390, 
378, 
382, 
372, 
366, 
380, 
376, 
376, 
374, 
362, 
364, 
380, 
388, 
388, 
350, 
350, 
360, 
390, 
372, 
386, 
362, 
352, 
378, 
378, 
376, 
360, 
366, 
366, 
354, 
330, 
320, 
350, 
360, 
370, 
368, 
374, 
382, 
366, 
370, 
382, 
370, 
378, 
384, 
388, 
384, 
382, 
378, 
366, 
364, 
386, 
374, 
368, 
360, 
374, 
378, 
390, 
388, 
378, 
392, 
380, 
372, 
380, 
380, 
382, 
370, 
352, 
366, 
362, 
372, 
366, 
366, 
382, 
374, 
382, 
386, 
384, 
370, 
358, 
356, 
386, 
382, 
384, 
378, 
348, 
372, 
374, 
368, 
380, 
370, 
394, 
350, 
376, 
358, 
382, 
384, 
386, 
370, 
384, 
382, 
384, 
388, 
374, 
378, 
372, 
388, 
390, 
384, 
386, 
372, 
388, 
378, 
384, 
372, 
358, 
366, 
368, 
374, 
368, 
388, 
380, 
392, 
378, 
374, 
382, 
366, 
384, 
382, 
376, 
372, 
382, 
390, 
388, 
394, 
390, 
388, 
358, 
350, 
370, 
362, 
376, 
382, 
386, 
388, 
372, 
392, 
392, 
388, 
392, 
392, 
386, 
386, 
378, 
374, 
378, 
376, 
374, 
376, 
380, 
374, 
368, 
358, 
384, 
388, 
380, 
374, 
380, 
362, 
374, 
376, 
384, 
374, 
388, 
378, 
376, 
382, 
376, 
384, 
386, 
384, 
384, 
374, 
378, 
362, 
366, 
390, 
388, 
382, 
382, 
382, 
380, 
392, 
396, 
388, 
380, 
392, 
380, 
352, 
354, 
392, 
374, 
374, 
380, 
388, 
372, 
374, 
368, 
342, 
368, 
380, 
382, 
378, 
378, 
358, 
382, 
384, 
386, 
386, 
376, 
382, 
382, 
378, 
384, 
382, 
392, 
384, 
382, 
376, 
352, 
362, 
360, 
362, 
362, 
378, 
380, 
378, 
378, 
378, 
388, 
380, 
386, 
390, 
376, 
380, 
368, 
378, 
378, 
366, 
374, 
374, 
382, 
376, 
374, 
380, 
386, 
374, 
374, 
386, 
388, 
370, 
370, 
380, 
378, 
384, 
386, 
380, 
396, 
374, 
376, 
362, 
378, 
382, 
394, 
386, 
394, 
374, 
382, 
380, 
368, 
382, 
374, 
382, 
364, 
380, 
380, 
378, 
382, 
382, 
386, 
382, 
378, 
384, 
378, 
350, 
354, 
340, 
368, 
352, 
352, 
356, 
380, 
374, 
376, 
