42, 
36, 
20, 
2, 
18, 
24, 
30, 
44, 
54, 
34, 
48, 
34, 
42, 
28, 
14, 
14, 
2, 
-8, 
2, 
0, 
-2, 
14, 
18, 
12, 
18, 
20, 
42, 
50, 
40, 
50, 
32, 
66, 
50, 
52, 
40, 
32, 
46, 
70, 
68, 
56, 
36, 
30, 
52, 
54, 
58, 
76, 
92, 
98, 
84, 
76, 
76, 
64, 
48, 
34, 
24, 
28, 
30, 
22, 
36, 
30, 
36, 
30, 
44, 
36, 
38, 
36, 
26, 
24, 
34, 
24, 
30, 
18, 
48, 
56, 
82, 
74, 
84, 
78, 
80, 
84, 
98, 
88, 
86, 
108, 
102, 
112, 
124, 
116, 
128, 
136, 
126, 
130, 
130, 
112, 
122, 
126, 
124, 
126, 
136, 
130, 
130, 
130, 
142, 
134, 
146, 
154, 
152, 
124, 
132, 
128, 
124, 
134, 
148, 
134, 
132, 
132, 
138, 
160, 
156, 
162, 
158, 
148, 
146, 
124, 
124, 
130, 
146, 
156, 
164, 
152, 
156, 
146, 
132, 
126, 
120, 
120, 
106, 
112, 
104, 
110, 
114, 
114, 
112, 
102, 
120, 
110, 
108, 
114, 
114, 
106, 
116, 
100, 
84, 
90, 
84, 
66, 
80, 
86, 
108, 
120, 
122, 
118, 
110, 
98, 
90, 
62, 
54, 
38, 
36, 
16, 
16, 
18, 
38, 
30, 
16, 
20, 
28, 
20, 
16, 
40, 
12, 
26, 
12, 
4, 
10, 
-4, 
-22, 
-36, 
-34, 
-44, 
-34, 
-34, 
-50, 
-72, 
-80, 
-88, 
-106, 
-108, 
-102, 
-102, 
-124, 
-106, 
-102, 
-92, 
-90, 
-92, 
-98, 
-96, 
-92, 
-110, 
-120, 
-120, 
-120, 
-90, 
-92, 
-104, 
-104, 
-122, 
-140, 
-140, 
-154, 
-164, 
-150, 
-140, 
-146, 
-138, 
-140, 
-134, 
-140, 
-130, 
-130, 
-154, 
-156, 
-152, 
-126, 
-112, 
-124, 
-132, 
-140, 
-136, 
-156, 
-166, 
-172, 
-166, 
-172, 
-166, 
-174, 
-178, 
-178, 
-194, 
-186, 
-188, 
-188, 
-180, 
-188, 
-178, 
-160, 
-170, 
-176, 
-176, 
-166, 
-158, 
-138, 
-140, 
-140, 
-142, 
-140, 
-148, 
-152, 
-152, 
-156, 
-162, 
-164, 
-170, 
-182, 
-184, 
-212, 
-212, 
-222, 
-216, 
-208, 
-222, 
-202, 
-216, 
-230, 
-236, 
-252, 
-262, 
-270, 
-292, 
-308, 
-312, 
-324, 
-308, 
-326, 
-342, 
-342, 
-338, 
-344, 
-334, 
-330, 
-320, 
-328, 
-342, 
-364, 
-370, 
-372, 
-378, 
-384, 
-396, 
-394, 
-396, 
-396, 
-398, 
-392, 
-398, 
-400, 
-396, 
-396, 
-398, 
-400, 
-398, 
-398, 
-398, 
-398, 
-398, 
-398, 
-400, 
-396, 
-400, 
-398, 
-400, 
-400, 
-398, 
-394, 
-398, 
-396, 
-392, 
-394, 
-392, 
-392, 
-398, 
-396, 
-398, 
-400, 
-392, 
-386, 
-392, 
-394, 
-398, 
-396, 
-400, 
-398, 
-396, 
-400, 
-398, 
-400, 
-400, 
-400, 
-396, 
-400, 
-400, 
-398, 
-398, 
-396, 
-396, 
-392, 
-394, 
-394, 
-394, 
-396, 
-392, 
-396, 
-394, 
-392, 
-396, 
-396, 
-394, 
-396, 
-400, 
-396, 
-398, 
-400, 
-398, 
-398, 
-398, 
-398, 
-394, 
-400, 
-398, 
-396, 
-396, 
-398, 
-398, 
-398, 
-398, 
-396, 
-396, 
-396, 
-398, 
-396, 
-394, 
-400, 
-398, 
-396, 
-392, 
-394, 
-392, 
-396, 
-400, 
-394, 
-396, 
-396, 
-396, 
-398, 
-396, 
-398, 
-396, 
-398, 
-394, 
-396, 
-400, 
-398, 
-398, 
-398, 
-398, 
-398, 
-396, 
-400, 
-396, 
-390, 
-388, 
-396, 
-400, 
-398, 
-394, 
-394, 
-396, 
-396, 
-398, 
-398, 
-396, 
-398, 
-398, 
-398, 
-400, 
-400, 
-398, 
-400, 
-400, 
-398, 
-398, 
-400, 
-398, 
-400, 
-400, 
-394, 
-396, 
-388, 
-394, 
-398, 
-400, 
-398, 
-398, 
-400, 
-398, 
-400, 
-400, 
-398, 
-396, 
-400, 
-400, 
-394, 
-398, 
-394, 
-392, 
-390, 
-390, 
-388, 
-396, 
-394, 
-392, 
-392, 
-396, 
-398, 
-392, 
-392, 
-394, 
-394, 
-398, 
-398, 
-396, 
-394, 
-398, 
-400, 
-396, 
-398, 
-398, 
-392, 
-398, 
-398, 
-396, 
-396, 
-398, 
-400, 
-396, 
-392, 
-394, 
-398, 
-392, 
-396, 
-398, 
-398, 
-394, 
-392, 
-390, 
-398, 
-394, 
-398, 
-400, 
-400, 
-400, 
-400, 
-396, 
-388, 
-394, 
-396, 
-394, 
-394, 
-394, 
-400, 
-394, 
-390, 
-396, 
-394, 
-394, 
-398, 
-400, 
-394, 
-394, 
-396, 
-396, 
-396, 
-392, 
-390, 
-390, 
-398, 
-396, 
-392, 
-396, 
-396, 
-398, 
-400, 
-398, 
-396, 
-396, 
-396, 
-392, 
-390, 
-396, 
-396, 
-394, 
-398, 
-396, 
-398, 
-396, 
-392, 
-392, 
-394, 
-396, 
-394, 
-398, 
-398, 
-394, 
-398, 
-398, 
-394, 
-396, 
-394, 
-394, 
-394, 
-398, 
-396, 
-394, 
-396, 
-396, 
-394, 
-394, 
-398, 
-398, 
-400, 
-398, 
-396, 
-398, 
-396, 
-398, 
-398, 
-396, 
-394, 
-396, 
-398, 
-400, 
-398, 
-392, 
-398, 
-398, 
-396, 
-396, 
-392, 
-394, 
-394, 
-396, 
-394, 
-400, 
-396, 
-394, 
-400, 
-398, 
-400, 
-400, 
-398, 
-398, 
-398, 
-400, 
-396, 
-396, 
-396, 
-398, 
-394, 
-396, 
-396, 
-394, 
-390, 
-388, 
-396, 
-400, 
-400, 
-400, 
-400, 
-396, 
-396, 
-400, 
-398, 
-396, 
-400, 
-400, 
-394, 
-394, 
-396, 
-400, 
-400, 
-396, 
-388, 
-392, 
-396, 
-394, 
-400, 
-400, 
-400, 
-396, 
-396, 
-396, 
-392, 
-400, 
-400, 
-400, 
-398, 
-396, 
-400, 
-396, 
-398, 
-390, 
-396, 
-396, 
-398, 
-400, 
-400, 
-398, 
-400, 
-400, 
-400, 
-400, 
-398, 
-396, 
-396, 
-400, 
-400, 
-398, 
-400, 
-394, 
-390, 
-396, 
-396, 
-398, 
-396, 
-400, 
-398, 
-394, 
-396, 
-398, 
-398, 
-400, 
-400, 
-398, 
-398, 
-396, 
-396, 
-400, 
-400, 
-398, 
-388, 
-388, 
-394, 
-398, 
-396, 
-398, 
-398, 
-396, 
-394, 
-400, 
-398, 
-398, 
-394, 
-398, 
-394, 
-398, 
-394, 
-392, 
-396, 
-398, 
-398, 
-398, 
-398, 
-398, 
-396, 
-396, 
-400, 
-398, 
-398, 
-400, 
-398, 
-400, 
-398, 
-396, 
-396, 
-394, 
-392, 
-394, 
-394, 
-396, 
-394, 
-386, 
-390, 
-394, 
-400, 
-400, 
-398, 
-396, 
-396, 
-390, 
-392, 
-394, 
-392, 
-394, 
-396, 
-398, 
-400, 
-400, 
-398, 
-398, 
-398, 
-400, 
-400, 
-400, 
-400, 
-396, 
-394, 
-394, 
-394, 
-390, 
-390, 
-390, 
-396, 
-398, 
-398, 
-398, 
-400, 
-400, 
-400, 
-400, 
-396, 
-398, 
-390, 
-388, 
-394, 
-392, 
-396, 
-398, 
-388, 
-386, 
-394, 
-398, 
-396, 
-396, 
-394, 
-396, 
-392, 
-392, 
-394, 
-398, 
-394, 
-394, 
-394, 
-398, 
-398, 
-398, 
-398, 
-396, 
-394, 
-394, 
-398, 
-396, 
-400, 
-398, 
-390, 
-398, 
-394, 
-396, 
-398, 
-398, 
-398, 
-398, 
-398, 
-396, 
-396, 
-400, 
-398, 
-398, 
-398, 
-400, 
-400, 
-400, 
-400, 
-400, 
-400, 
-400, 
-400, 
-400, 
-400, 
-398, 
-396, 
-400, 
-400, 
-400, 
-400, 
-394, 
-400, 
-398, 
-400, 
-398, 
-400, 
-400, 
-398, 
-398, 
-396, 
-398, 
-400, 
-400, 
-398, 
-398, 
-400, 
-400, 
-398, 
-392, 
-400, 
-400, 
-398, 
-396, 
-400, 
-400, 
-398, 
-396, 
-396, 
-396, 
-398, 
-396, 
-398, 
-398, 
-398, 
-390, 
-386, 
-394, 
-398, 
-398, 
-398, 
-400, 
-400, 
-392, 
-398, 
-396, 
-400, 
-398, 
-396, 
-392, 
-392, 
-394, 
-398, 
-398, 
-398, 
-396, 
-398, 
-398, 
-400, 
-398, 
-398, 
-400, 
-400, 
-396, 
-396, 
-398, 
-398, 
-396, 
-398, 
-396, 
-396, 
-400, 
-400, 
-398, 
-400, 
-400, 
-400, 
-400, 
-400, 
-400, 
-400, 
-396, 
-396, 
-398, 
-398, 
-398, 
-398, 
-400, 
-396, 
-396, 
-400, 
-396, 
-394, 
-398, 
-400, 
-398, 
-396, 
-390, 
-382, 
-388, 
-398, 
-396, 
-396, 
-394, 
-396, 
-400, 
-398, 
-400, 
-396, 
-398, 
-400, 
-398, 
-400, 
-398, 
-398, 
-396, 
-400, 
-400, 
-400, 
-400, 
-400, 
-394, 
-398, 
-392, 
-396, 
-396, 
-396, 
-396, 
-394, 
-398, 
-394, 
-400, 
-400, 
-400, 
-400, 
-400, 
-400, 
-394, 
-396, 
-392, 
-394, 
-392, 
-398, 
-398, 
-394, 
-398, 
-394, 
