42, 
92, 
98, 
90, 
104, 
76, 
128, 
58, 
128, 
2, 
-22, 
-2, 
0, 
6, 
18, 
42, 
58, 
78, 
60, 
16, 
-32, 
-22, 
-50, 
-20, 
32, 
20, 
14, 
38, 
34, 
42, 
34, 
-26, 
-66, 
-112, 
-94, 
-30, 
66, 
-10, 
-2, 
-8, 
-34, 
44, 
120, 
88, 
80, 
86, 
54, 
10, 
66, 
34, 
28, 
-34, 
-4, 
6, 
-4, 
-54, 
82, 
116, 
100, 
96, 
60, 
8, 
44, 
48, 
70, 
160, 
30, 
58, 
60, 
24, 
-4, 
-22, 
16, 
-24, 
-48, 
-92, 
-32, 
32, 
102, 
14, 
26, 
0, 
-26, 
-4, 
52, 
26, 
8, 
20, 
92, 
126, 
104, 
26, 
-38, 
-54, 
-44, 
-76, 
-138, 
-132, 
22, 
66, 
-62, 
-136, 
-152, 
-122, 
-68, 
-90, 
-50, 
0, 
20, 
80, 
6, 
22, 
54, 
38, 
50, 
50, 
-14, 
-44, 
62, 
-20, 
18, 
24, 
-4, 
10, 
-50, 
-8, 
40, 
46, 
4, 
-8, 
10, 
32, 
-10, 
20, 
66, 
78, 
42, 
-48, 
-28, 
-36, 
-36, 
-36, 
30, 
22, 
38, 
164, 
112, 
136, 
188, 
158, 
118, 
78, 
28, 
-4, 
2, 
52, 
14, 
-20, 
6, 
-40, 
4, 
-24, 
18, 
-58, 
-98, 
-84, 
-94, 
-14, 
2, 
84, 
20, 
-66, 
-70, 
-126, 
-70, 
14, 
52, 
46, 
20, 
8, 
-14, 
-10, 
-42, 
50, 
48, 
18, 
-72, 
-64, 
-10, 
-58, 
-82, 
-38, 
-76, 
-4, 
-8, 
-4, 
-8, 
-74, 
-98, 
-50, 
76, 
78, 
78, 
56, 
-40, 
-48, 
-76, 
-74, 
10, 
22, 
28, 
66, 
-38, 
-56, 
-58, 
-48, 
-64, 
-104, 
-72, 
8, 
6, 
16, 
-64, 
-36, 
-74, 
-22, 
-22, 
2, 
28, 
-38, 
-94, 
-18, 
-28, 
-14, 
22, 
36, 
2, 
70, 
78, 
-30, 
-48, 
20, 
132, 
74, 
120, 
18, 
-2, 
-22, 
-30, 
22, 
50, 
72, 
-4, 
-24, 
40, 
52, 
40, 
70, 
84, 
30, 
100, 
126, 
82, 
70, 
40, 
74, 
26, 
-28, 
-20, 
-36, 
-20, 
-50, 
-10, 
64, 
132, 
92, 
72, 
146, 
38, 
100, 
18, 
30, 
104, 
122, 
28, 
34, 
36, 
-42, 
2, 
66, 
76, 
72, 
12, 
-36, 
-6, 
2, 
-18, 
-14, 
-46, 
-14, 
-32, 
-36, 
88, 
66, 
52, 
42, 
34, 
98, 
162, 
152, 
86, 
116, 
42, 
-24, 
-10, 
20, 
72, 
-36, 
-120, 
-92, 
-60, 
-78, 
10, 
-16, 
46, 
84, 
-74, 
-18, 
-68, 
-18, 
52, 
48, 
-8, 
6, 
-42, 
-50, 
-36, 
8, 
-32, 
-86, 
-78, 
-70, 
-134, 
-150, 
-126, 
-92, 
-34, 
-14, 
4, 
56, 
76, 
36, 
72, 
-18, 
-42, 
-74, 
-66, 
10, 
32, 
74, 
40, 
-58, 
-28, 
-10, 
-44, 
-42, 
-22, 
14, 
58, 
12, 
-32, 
-10, 
14, 
76, 
54, 
10, 
4, 
-26, 
-2, 
-16, 
-106, 
-2, 
26, 
-40, 
-24, 
-64, 
-114, 
-50, 
120, 
122, 
124, 
30, 
36, 
-4, 
-14, 
56, 
96, 
98, 
140, 
52, 
-54, 
-92, 
-72, 
-112, 
-146, 
-192, 
-122, 
-68, 
-56, 
-74, 
-124, 
-130, 
-58, 
-192, 
-146, 
-120, 
-128, 
-124, 
-152, 
-148, 
-156, 
-98, 
-84, 
-24, 
-8, 
-24, 
-16, 
28, 
-2, 
-20, 
14, 
56, 
78, 
94, 
60, 
36, 
2, 
-16, 
8, 
16, 
34, 
10, 
62, 
14, 
-6, 
16, 
-64, 
-62, 
-74, 
-66, 
-18, 
10, 
52, 
56, 
-86, 
-102, 
-106, 
-72, 
-28, 
-36, 
-98, 
-118, 
-82, 
-6, 
6, 
42, 
-44, 
-96, 
-130, 
-146, 
-124, 
-76, 
-46, 
-38, 
32, 
-14, 
38, 
64, 
-38, 
10, 
-18, 
-86, 
-64, 
-36, 
-50, 
-122, 
-68, 
-86, 
-40, 
-26, 
-56, 
68, 
120, 
116, 
30, 
-22, 
-36, 
-44, 
-30, 
54, 
34, 
-8, 
-22, 
38, 
2, 
-56, 
-62, 
-96, 
-84, 
-40, 
-30, 
-70, 
-38, 
-88, 
-64, 
-110, 
14, 
-2, 
-46, 
-58, 
-92, 
-130, 
-126, 
-44, 
-52, 
-12, 
4, 
4, 
18, 
70, 
34, 
50, 
42, 
58, 
-28, 
-64, 
-50, 
-58, 
-48, 
-50, 
-88, 
-50, 
-62, 
48, 
10, 
-60, 
-50, 
126, 
148, 
170, 
132, 
160, 
122, 
102, 
18, 
-18, 
12, 
-18, 
-28, 
-62, 
-62, 
36, 
80, 
130, 
88, 
72, 
0, 
-58, 
-28, 
-80, 
-54, 
-70, 
-58, 
-52, 
-46, 
-24, 
-14, 
-40, 
36, 
-4, 
50, 
-18, 
-126, 
-68, 
-68, 
-68, 
-86, 
-64, 
-64, 
-66, 
-62, 
-32, 
-104, 
-72, 
-14, 
-40, 
-4, 
-56, 
26, 
-50, 
-56, 
-120, 
-118, 
-128, 
-124, 
-44, 
-26, 
-36, 
-6, 
8, 
42, 
44, 
-22, 
-16, 
92, 
58, 
122, 
114, 
-2, 
-18, 
-50, 
-60, 
-74, 
6, 
-48, 
-38, 
0, 
-56, 
-26, 
10, 
0, 
-14, 
-44, 
10, 
-44, 
-112, 
-18, 
-34, 
-14, 
-36, 
-74, 
-150, 
-172, 
-134, 
-132, 
-94, 
-98, 
-40, 
-130, 
-80, 
-50, 
-66, 
-42, 
-68, 
-72, 
-90, 
-102, 
-86, 
-10, 
-34, 
-24, 
-6, 
-14, 
22, 
32, 
36, 
16, 
16, 
20, 
26, 
28, 
-26, 
2, 
56, 
24, 
30, 
108, 
52, 
10, 
30, 
44, 
2, 
-50, 
-2, 
40, 
-6, 
12, 
-6, 
-64, 
-74, 
-68, 
-68, 
-96, 
-64, 
-68, 
36, 
28, 
-44, 
60, 
-30, 
22, 
-74, 
-60, 
-48, 
8, 
10, 
84, 
46, 
10, 
16, 
-76, 
-48, 
0, 
12, 
-30, 
-40, 
-72, 
-118, 
-104, 
-86, 
16, 
-72, 
-76, 
-6, 
86, 
80, 
82, 
30, 
40, 
-42, 
12, 
42, 
44, 
2, 
32, 
92, 
-38, 
-76, 
-50, 
-78, 
-22, 
22, 
-42, 
-54, 
-76, 
-76, 
-40, 
0, 
-4, 
-38, 
-30, 
-98, 
-34, 
-44, 
6, 
-4, 
74, 
68, 
46, 
12, 
-18, 
-46, 
-48, 
-82, 
-82, 
-188, 
-160, 
-94, 
-74, 
24, 
-36, 
-68, 
-72, 
-20, 
-44, 
-34, 
-60, 
-42, 
-92, 
16, 
60, 
56, 
68, 
40, 
94, 
-4, 
-38, 
-60, 
-54, 
-60, 
-6, 
-24, 
-78, 
-58, 
60, 
54, 
32, 
52, 
56, 
-2, 
70, 
-14, 
56, 
70, 
70, 
24, 
34, 
16, 
24, 
14, 
80, 
66, 
102, 
0, 
-34, 
-56, 
-44, 
-24, 
-56, 
-74, 
-10, 
16, 
-24, 
-76, 
-34, 
-84, 
-42, 
-76, 
22, 
-46, 
-122, 
-98, 
-36, 
-22, 
-20, 
-44, 
-44, 
-12, 
-14, 
-8, 
-6, 
-38, 
2, 
-2, 
22, 
54, 
28, 
42, 
42, 
84, 
162, 
162, 
36, 
68, 
8, 
46, 
40, 
66, 
104, 
78, 
44, 
134, 
68, 
-2, 
40, 
52, 
50, 
94, 
30, 
36, 
18, 
48, 
-18, 
58, 
-16, 
-22, 
-70, 
-34, 
-36, 
-84, 
-24, 
-118, 
-142, 
-134, 
-94, 
-92, 
-32, 
-88, 
-58, 
-22, 
62, 
40, 
22, 
32, 
64, 
84, 
90, 
90, 
94, 
8, 
-38, 
42, 
66, 
70, 
38, 
90, 
140, 
152, 
104, 
66, 
104, 
88, 
88, 
106, 
68, 
28, 
-24, 
50, 
-26, 
-8, 
38, 
80, 
14, 
6, 
-50, 
-94, 
-96, 
-116, 
-126, 
-82, 
-70, 
-34, 
-94, 
-164, 
-112, 
-126, 
-98, 
50, 
28, 
2, 
4, 
30, 
86, 
56, 
42, 
60, 
66, 
42, 
-26, 
-4, 
4, 
-20, 
-112, 
-118, 
-74, 
-30, 
-72, 
-54, 
-2, 
-18, 
-52, 
-42, 
-28, 
-40, 
46, 
-22, 
-64, 
-144, 
-38, 
-14, 
38, 
114, 
144, 
166, 
164, 
124, 
-10, 
-28, 
12, 
-30, 
-24, 
-6, 
-34, 
62, 
-22, 
-152, 
-144, 
-114, 
-100, 
16, 
16, 
80, 
-22, 
-106, 
-78, 
-116, 
-138, 
-90, 
-36, 
-12, 
96, 
94, 
30, 
0, 
-18, 
-12, 
-6, 
-32, 
42, 
38, 
-36, 
-70, 
-42, 
-30, 
-138, 
-116, 
-100, 
-38, 
-6, 
-16, 
-62, 
-62, 
-46, 
2, 
-26, 
38, 
-16, 
-66, 
-16, 
28, 
36, 
42, 
-34, 
52, 
104, 
80, 
78, 
34, 
54, 
20, 
-48, 
-36, 
-6, 
20, 
54, 
-36, 
8, 
-2, 
40, 
0, 
-28, 
46, 
122, 
52, 
-60, 
92, 
12, 
24, 
60, 
92, 
50, 
122, 
42, 
82, 
96, 
78, 
44, 
48, 
50, 
16, 
20, 
42, 
34, 
-26, 
-46, 
-60, 
-14, 
48, 
52, 
6, 
-24, 
-120, 
-94, 
-2, 
0, 
26, 
36, 
128, 
34, 
60, 
26, 
-22, 
-20, 
-16, 
-26, 
-82, 
-98, 
-66, 
-74, 
-122, 
-138, 
-102, 
-82, 
26, 
78, 
70, 
38, 
-96, 
-58, 
-62, 
-28, 
-34, 
56, 
22, 
32, 
-12, 
-94, 
-150, 
-152, 
-54, 
14, 
34, 
86, 
92, 
74, 
80, 
48, 
24, 
42, 
76, 
62, 
32, 
104, 
4, 
10, 
26, 
74, 
42, 
46, 
24, 
32, 
32, 
30, 
132, 
64, 
30, 
54, 
38, 
34, 
-22, 
-36, 
-16, 
26, 
88, 
6, 
-50, 
42, 
56, 
64, 
40, 
80, 
74, 
136, 
96, 
36, 
-66, 
-4, 
16, 
-38, 
-28, 
-34, 
-12, 
16, 
-6, 
-42, 
-42, 
-40, 
-38, 
-66, 
-134, 
-108, 
-54, 
-60, 
-80, 
-74, 
-104, 
-16, 
20, 
32, 
40, 
-36, 
14, 
26, 
0, 
64, 
-24, 
-58, 
-26, 
-30, 
-42, 
-92, 
-68, 
-98, 
-82, 
-104, 
-58, 
2, 
108, 
30, 
2, 
-12, 
32, 
-38, 
-72, 
-46, 
-82, 
-84, 
-104, 
-4, 
36, 
12, 
-44, 
40, 
44, 
50, 
18, 
36, 
20, 
30, 
-14, 
-28, 
6, 
-8, 
-60, 
0, 
30, 
64, 
-4, 
-18, 
-38, 
-30, 
-56, 
-192, 
-48, 
-138, 
-188, 
-178, 
-56, 
56, 
42, 
-6, 
-18, 
-32, 
-42, 
-66, 
-78, 
12, 
12, 
-8, 
-46, 
30, 
66, 
12, 
2, 
38, 
64, 
96, 
16, 
-4, 
-58, 
-74, 
-46, 
-16, 
-34, 
22, 
60, 
70, 
96, 
96, 
134, 
88, 
8, 
-90, 
-62, 
-106, 
-68, 
0, 
-14, 
-42, 
-68, 
-56, 
-42, 
-18, 
-34, 
-36, 
-24, 
6, 
8, 
-34, 
-34, 
-14, 
-98, 
-32, 
-2, 
12, 
36, 
-12, 
-40, 
-90, 
-74, 
-88, 
26, 
0, 
-40, 
-16, 
40, 
82, 
106, 
114, 
82, 
160, 
106, 
106, 
-32, 
-78, 
20, 
-64, 
64, 
90, 
64, 
68, 
60, 
-10, 
-8, 
66, 
48, 
52, 
10, 
30, 
-20, 
-2, 
116, 
96, 
98, 
70, 
38, 
26, 
-28, 
-106, 
-124, 
-132, 
-134, 
-126, 
-30, 
30, 
66, 
46, 
-28, 
-90, 
-88, 
-36, 
-50, 
-68, 
-52, 
-52, 
-4, 
-10, 
2, 
16, 
6, 
44, 
-20, 
2, 
-40, 
54, 
50, 
32, 
36, 
54, 
54, 
60, 
104, 
114, 
156, 
114, 
130, 
96, 
104, 
128, 
68, 
-18, 
-18, 
-26, 
-4, 
-20, 
-18, 
-68, 
-56, 
-2, 
-118, 
-86, 
-24, 
146, 
46, 
28, 
56, 
26, 
-8, 
-78, 
-12, 
-30, 
-100, 
-74, 
-34, 
-6, 
-50, 
-38, 
-52, 
-40, 
-30, 
-108, 
-134, 
-70, 
-72, 
-110, 
-118, 
-80, 
-12, 
-106, 
-64, 
46, 
50, 
70, 
98, 
-14, 
34, 
32, 
58, 
10, 
-16, 
-82, 
-98, 
-84, 
-104, 
-22, 
44, 
50, 
-36, 
-16, 
-20, 
-20, 
-60, 
6, 
60, 
94, 
110, 
84, 
50, 
-46, 
4, 
-4, 
-6, 
-14, 
-18, 
-62, 
-46, 
18, 
44, 
-18, 
-18, 
-56, 
-54, 
16, 
-88, 
-44, 
-38, 
-34, 
-36, 
-36, 
-56, 
-38, 
-66, 
-56, 
-38, 
16, 
68, 
18, 
48, 
0, 
54, 
32, 
94, 
128, 
30, 
-36, 
-10, 
68, 
78, 
58, 
62, 
82, 
120, 
76, 
-28, 
-106, 
-72, 
4, 
-44, 
-54, 
-52, 
-10, 
40, 
26, 
12, 
28, 
50, 
-58, 
34, 
48, 
2, 
24, 
0, 
-54, 
10, 
30, 
-122, 
-154, 
-132, 
-64, 
-28, 
28, 
-2, 
-2, 
26, 
-28, 
66, 
66, 
98, 
-16, 
-14, 
6, 
8, 
-34, 
-62, 
-12, 
-10, 
2, 
50, 
60, 
48, 
-4, 
70, 
96, 
14, 
28, 
56, 
100, 
72, 
94, 
104, 
130, 
100, 
26, 
-22, 
16, 
54, 
64, 
16, 
6, 
-20, 
-84, 
-88, 
-40, 
14, 
-32, 
-132, 
-110, 
-106, 
-108, 
-50, 
-102, 
-120, 
-64, 
-58, 
-4, 
-38, 
-100, 
-16, 
6, 
-74, 
-60, 
-14, 
22, 
2, 
-16, 
-48, 
-104, 
-42, 
-110, 
-52, 
-2, 
44, 
-22, 
-68, 
-74, 
-52, 
-14, 
-40, 
2, 
-86, 
-76, 
-60, 
-74, 
50, 
58, 
60, 
42, 
-16, 
-118, 
-80, 
2, 
20, 
22, 
102, 
94, 
24, 
32, 
60, 
44, 
70, 
68, 
-24, 
-4, 
2, 
48, 
26, 
78, 
114, 
96, 
36, 
28, 
112, 
136, 
82, 
-14, 
28, 
10, 
-18, 
-66, 
24, 
42, 
38, 
-28, 
-10, 
66, 
10, 
-10, 
-116, 
-102, 
-94, 
-82, 
-100, 
-50, 
-30, 
60, 
160, 
162, 
188, 
158, 
110, 
66, 
62, 
74, 
130, 
110, 
72, 
82, 
114, 
140, 
116, 
112, 
20, 
22, 
-54, 
118, 
128, 
48, 
46, 
114, 
64, 
68, 
36, 
52, 
50, 
34, 
26, 
38, 
-2, 
-2, 
-78, 
-62, 
-60, 
-14, 
22, 
4, 
-16, 
-16, 
58, 
18, 
-20, 
-70, 
-8, 
-30, 
-56, 
14, 
-42, 
-122, 
-174, 
-158, 
-94, 
-64, 
-38, 
-34, 
-116, 
-76, 
-22, 
-40, 
-30, 
-48, 
16, 
-16, 
42, 
86, 
68, 
132, 
28, 
-16, 
-70, 
-84, 
-118, 
-82, 
18, 
60, 
88, 
156, 
82, 
64, 
116, 
106, 
36, 
34, 
18, 
-12, 
62, 
26, 
-6, 
16, 
-64, 
-30, 
14, 
16, 
74, 
54, 
56, 
-4, 
-12, 
-58, 
-92, 
-60, 
30, 
40, 
32, 
-12, 
50, 
16, 
50, 
-16, 
0, 
-2, 
10, 
18, 
8, 
116, 
46, 
36, 
-16, 
-64, 
-42, 
-34, 
12, 
-28, 
8, 
94, 
-28, 
-66, 
-114, 
-108, 
-64, 
20, 
30, 
0, 
-48, 
-14, 
-16, 
-58, 
-118, 
-148, 
-76, 
-76, 
-58, 
-90, 
14, 
-20, 
-30, 
-56, 
-54, 
-92, 
-48, 
-82, 
-56, 
-26, 
-50, 
-20, 
16, 
18, 
-40, 
-78, 
28, 
-84, 
-108, 
-36, 
4, 
18, 
-10, 
-22, 
26, 
-34, 
-14, 
-66, 
4, 
28, 
116, 
106, 
82, 
120, 
150, 
102, 
58, 
32, 
-12, 
-90, 
-118, 
-80, 
-56, 
-62, 
-56, 
-44, 
108, 
100, 
78, 
24, 
76, 
36, 
-60, 
-20, 
-28, 
-82, 
-98, 
-8, 
-26, 
-70, 
-50, 
-30, 
-4, 
-34, 
-28, 
-8, 
-2, 
-76, 
-28, 
32, 
28, 
8, 
-6, 
82, 
108, 
40, 
22, 
14, 
-46, 
-78, 
-138, 
-62, 
-16, 
10, 
22, 
-62, 
-56, 
-6, 
40, 
-40, 
60, 
32, 
-36, 
-34, 
28, 
-48, 
-110, 
-78, 
-20, 
22, 
44, 
86, 
72, 
18, 
22, 
10, 
62, 
10, 
-62, 
-90, 
-54, 
-40, 
-56, 
-24, 
18, 
36, 
50, 
56, 
166, 
156, 
166, 
114, 
118, 
88, 
18, 
60, 
56, 
58, 
68, 
60, 
60, 
88, 
54, 
22, 
-4, 
48, 
-70, 
-86, 
-140, 
-144, 
-60, 
-42, 
-30, 
58, 
-26, 
-26, 
30, 
36, 
-4, 
4, 
-22, 
-72, 
-110, 
-8, 
28, 
96, 
94, 
28, 
-18, 
-20, 
30, 
14, 
44, 
28, 
20, 
64, 
-26, 
-4, 
-34, 
2, 
0, 
-80, 
-80, 
-44, 
16, 
36, 
18, 
0, 
4, 
50, 
100, 
24, 
-26, 
-150, 
-114, 
-32, 
-24, 
46, 
38, 
46, 
8, 
-54, 
-12, 
26, 
52, 
-6, 
-46, 
-50, 
-114, 
-116, 
-134, 
-22, 
-18, 
-26, 
2, 
58, 
-72, 
-136, 
-118, 
-36, 
-76, 
-58, 
-4, 
-132, 
-56, 
20, 
-20, 
-40, 
-36, 
-68, 
-94, 
-48, 
-28, 
20, 
14, 
-34, 
-42, 
-2, 
-36, 
26, 
100, 
42, 
72, 
70, 
26, 
10, 
-20, 
-50, 
-24, 
6, 
76, 
14, 
20, 
80, 
68, 
-20, 
-20, 
-40, 
24, 
24, 
22, 
-14, 
-2, 
-68, 
-22, 
16, 
-14, 
-14, 
0, 
2, 
64, 
40, 
46, 
154, 
100, 
16, 
22, 
-4, 
-40, 
-48, 
-34, 
-30, 
-92, 
-28, 
-42, 
-76, 
-70, 
4, 
-16, 
46, 
28, 
-4, 
12, 
84, 
30, 
-38, 
-26, 
-14, 
34, 
26, 
0, 
22, 
-44, 
-18, 
94, 
48, 
28, 
-12, 
-38, 
-14, 
-6, 
60, 
-4, 
38, 
66, 
106, 
110, 
18, 
-64, 
-92, 
-70, 
-46, 
-54, 
2, 
56, 
42, 
52, 
88, 
98, 
82, 
-80, 
-18, 
-68, 
-76, 
-50, 
-34, 
32, 
54, 
40, 
-42, 
-48, 
-28, 
-80, 
-34, 
-108, 
-74, 
-76, 
-4, 
36, 
66, 
138, 
132, 
128, 
74, 
106, 
32, 
22, 
-16, 
6, 
38, 
-42, 
-64, 
-80, 
-52, 
-36, 
-108, 
-90, 
-24, 
-14, 
-18, 
-24, 
32, 
16, 
24, 
-16, 
24, 
82, 
92, 
72, 
120, 
134, 
164, 
134, 
118, 
92, 
114, 
120, 
82, 
160, 
58, 
30, 
-6, 
36, 
-20, 
8, 
56, 
80, 
86, 
82, 
92, 
-14, 
-44, 
52, 
16, 
60, 
-28, 
60, 
102, 
60, 
-38, 
20, 
-20, 
-94, 
-40, 
32, 
66, 
-18, 
-42, 
34, 
74, 
28, 
126, 
124, 
62, 
38, 
40, 
56, 
52, 
-48, 
-24, 
78, 
62, 
80, 
68, 
156, 
130, 
128, 
124, 
164, 
146, 
116, 
96, 
84, 
-8, 
30, 
-24, 
-98, 
-100, 
-40, 
-8, 
4, 
-14, 
14, 
42, 
-2, 
42, 
60, 
-14, 
84, 
44, 
68, 
-32, 
-34, 
2, 
-52, 
-66, 
-52, 
-30, 
-30, 
-26, 
-6, 
0, 
-54, 
-90, 
-92, 
-82, 
-72, 
-46, 
14, 
38, 
30, 
-2, 
-52, 
-96, 
-40, 
-82, 
-82, 
-108, 
-178, 
-106, 
-28, 
-46, 
-122, 
-130, 
-94, 
-66, 
-90, 
-76, 
-18, 
-32, 
-64, 
-36, 
2, 
70, 
-18, 
26, 
6, 
30, 
48, 
122, 
46, 
44, 
32, 
50, 
50, 
16, 
-24, 
-24, 
-50, 
-14, 
-68, 
-78, 
-94, 
12, 
100, 
100, 
32, 
4, 
-32, 
-54, 
-112, 
-98, 
4, 
-38, 
-70, 
-48, 
-10, 
56, 
28, 
-26, 
-54, 
32, 
-60, 
-6, 
18, 
54, 
14, 
10, 
-68, 
-108, 
-96, 
-106, 
-134, 
-160, 
-96, 
-84, 
-20, 
-22, 
-4, 
-2, 
-32, 
-38, 
-56, 
-72, 
-12, 
-80, 
-100, 
-86, 
-166, 
-112, 
-40, 
6, 
90, 
106, 
50, 
32, 
6, 
-34, 
-112, 
-100, 
-138, 
-48, 
44, 
42, 
20, 
-32, 
74, 
98, 
126, 
98, 
160, 
130, 
120, 
156, 
90, 
90, 
-22, 
36, 
32, 
22, 
-26, 
-106, 
30, 
44, 
-10, 
-32, 
-14, 
54, 
24, 
46, 
-30, 
-76, 
-52, 
-28, 
-66, 
-80, 
-40, 
-50, 
-10, 
-34, 
-130, 
-88, 
-84, 
-88, 
20, 
38, 
60, 
-12, 
-18, 
-124, 
-114, 
-56, 
-48, 
-72, 
-128, 
-48, 
-16, 
-124, 
-74, 
-68, 
-34, 
72, 
46, 
94, 
64, 
74, 
64, 
18, 
-34, 
18, 
52, 
-4, 
-8, 
-22, 
-34, 
4, 
58, 
56, 
70, 
50, 
-46, 
-98, 
-178, 
-34, 
-50, 
-18, 
-28, 
-34, 
8, 
92, 
114, 
136, 
122, 
82, 
16, 
-72, 
10, 
-38, 
-132, 
-64, 
-96, 
32, 
8, 
104, 
158, 
106, 
34, 
36, 
16, 
46, 
-64, 
-4, 
-8, 
14, 
-28, 
0, 
-26, 
-46, 
-84, 
-44, 
-24, 
-52, 
-46, 
-136, 
-216, 
-162, 
-210, 
-100, 
-60, 
-28, 
-32, 
-72, 
-60, 
-14, 
18, 
20, 
90, 
102, 
14, 
-78, 
-12, 
4, 
-4, 
-2, 
14, 
-52, 
-96, 
-72, 
6, 
82, 
86, 
-20, 
22, 
-36, 
-54, 
-34, 
-94, 
-100, 
-78, 
-102, 
-100, 
-108, 
-58, 
-72, 
-48, 
28, 
-14, 
-24, 
-100, 
-126, 
-132, 
-98, 
-42, 
-54, 
-24, 
-2, 
-6, 
64, 
34, 
68, 
32, 
120, 
48, 
28, 
60, 
62, 
46, 
-60, 
-30, 
30, 
56, 
30, 
20, 
-58, 
-92, 
-4, 
36, 
14, 
-50, 
-54, 
-42, 
26, 
-58, 
-6, 
-14, 
-122, 
-60, 
14, 
6, 
32, 
64, 
70, 
68, 
14, 
24, 
42, 
88, 
140, 
30, 
-26, 
2, 
4, 
12, 
32, 
26, 
-22, 
-30, 
-4, 
-56, 
-82, 
24, 
10, 
20, 
36, 
12, 
16, 
0, 
-38, 
-2, 
-34, 
-94, 
-94, 
-136, 
-104, 
-34, 
-32, 
-14, 
12, 
-22, 
48, 
-2, 
22, 
4, 
26, 
-34, 
-88, 
-40, 
-48, 
-24, 
-26, 
-34, 
40, 
38, 
92, 
30, 
34, 
-14, 
6, 
22, 
-6, 
0, 
-38, 
-84, 
-80, 
-20, 
0, 
4, 
46, 
68, 
88, 
118, 
128, 
68, 
86, 
78, 
36, 
2, 
40, 
52, 
90, 
116, 
166, 
126, 
172, 
126, 
42, 
82, 
76, 
80, 
86, 
50, 
18, 
-68, 
-22, 
-116, 
-96, 
-46, 
-148, 
-130, 
-84, 
-4, 
-4, 
-42, 
-76, 
-42, 
-92, 
-20, 
-34, 
88, 
82, 
132, 
78, 
46, 
50, 
30, 
-8, 
-60, 
-76, 
-64, 
-20, 
-12, 
-20, 
40, 
96, 
58, 
-18, 
-40, 
-72, 
-116, 
-102, 
-26, 
-74, 
-34, 
32, 
40, 
42, 
94, 
-24, 
88, 
-42, 
-108, 
-138, 
-140, 
-42, 
-42, 
20, 
-76, 
-84, 
-78, 
-62, 
-62, 
-58, 
-96, 
-124, 
-112, 
-138, 
-98, 
-80, 
36, 
-12, 
-54, 
4, 
-84, 
-92, 
-156, 
-106, 
-48, 
16, 
-52, 
-76, 
-36, 
24, 
-18, 
52, 
18, 
0, 
8, 
-42, 
10, 
16, 
34, 
6, 
0, 
-24, 
22, 
58, 
58, 
-20, 
-60, 
-30, 
-10, 
20, 
88, 
66, 
58, 
56, 
68, 
68, 
90, 
146, 
40, 
-22, 
46, 
58, 
24, 
-48, 
-24, 
-28, 
-64, 
-96, 
-136, 
-136, 
-166, 
-200, 
-124, 
-96, 
-78, 
-114, 
-118, 
-72, 
82, 
92, 
48, 
16, 
42, 
46, 
100, 
100, 
68, 
38, 
-22, 
-30, 
-96, 
-60, 
-12, 
-4, 
14, 
6, 
-68, 
2, 
32, 
58, 
14, 
18, 
4, 
-18, 
0, 
-30, 
-12, 
-18, 
-34, 
68, 
16, 
-18, 
82, 
98, 
86, 
58, 
66, 
0, 
-44, 
-52, 
-128, 
-122, 
-126, 
-16, 
-2, 
20, 
90, 
102, 
108, 
98, 
54, 
60, 
28, 
-56, 
-20, 
4, 
68, 
50, 
98, 
154, 
146, 
50, 
48, 
24, 
-14, 
-62, 
-32, 
10, 
92, 
88, 
30, 
-70, 
-22, 
-28, 
-80, 
-80, 
-62, 
-12, 
-8, 
-16, 
34, 
26, 
-50, 
-56, 
-48, 
-6, 
-22, 
48, 
44, 
64, 
82, 
58, 
88, 
52, 
66, 
24, 
-124, 
-128, 
-106, 
-4, 
56, 
-58, 
-46, 
-56, 
8, 
68, 
124, 
88, 
76, 
70, 
38, 
12, 
56, 
90, 
114, 
94, 
46, 
-60, 
-138, 
12, 
-14, 
-12, 
-36, 
-2, 
54, 
18, 
42, 
-8, 
-58, 
-64, 
-40, 
-16, 
2, 
70, 
62, 
34, 
24, 
34, 
-4, 
-62, 
32, 
88, 
14, 
-16, 
6, 
-16, 
-104, 
-138, 
28, 
44, 
80, 
-30, 
-84, 
-142, 
-164, 
-180, 
-186, 
-190, 
-210, 
-210, 
-220, 
-234, 
-228, 
-176, 
-106, 
48, 
26, 
50, 
68, 
10, 
-36, 
-44, 
6, 
-86, 
-76, 
-86, 
-76, 
-36, 
-50, 
-16, 
-8, 
-20, 
-34, 
-38, 
12, 
-4, 
-2, 
-28, 
34, 
100, 
6, 
0, 
44, 
-12, 
-10, 
18, 
-4, 
-116, 
-64, 
-70, 
-78, 
-78, 
-60, 
-52, 
4, 
48, 
100, 
28, 
12, 
50, 
58, 
48, 
30, 
76, 
38, 
-6, 
40, 
30, 
6, 
-64, 
-56, 
2, 
92, 
142, 
136, 
124, 
54, 
54, 
138, 
106, 
136, 
174, 
198, 
168, 
160, 
116, 
48, 
-52, 
-22, 
6, 
-46, 
-78, 
-60, 
-140, 
-134, 
-118, 
-102, 
-84, 
-88, 
-38, 
-16, 
-74, 
-82, 
-90, 
-102, 
-100, 
-50, 
-88, 
-64, 
-104, 
-62, 
-52, 
86, 
72, 
48, 
42, 
10, 
-46, 
-18, 
2, 
54, 
14, 
18, 
-16, 
62, 
106, 
64, 
86, 
60, 
110, 
98, 
62, 
66, 
82, 
96, 
98, 
62, 
4, 
72, 
-6, 
24, 
-12, 
18, 
-18, 
18, 
32, 
-20, 
0, 
38, 
110, 
192, 
164, 
148, 
122, 
96, 
12, 
-30, 
-36, 
-44, 
-54, 
-54, 
-16, 
-80, 
-82, 
-88, 
-140, 
-78, 
-94, 
-106, 
-138, 
-142, 
-86, 
-86, 
-54, 
-58, 
-18, 
68, 
126, 
112, 
76, 
44, 
38, 
-30, 
-56, 
-58, 
-56, 
-50, 
-110, 
-148, 
-160, 
-158, 
-118, 
-46, 
-118, 
-104, 
42, 
0, 
-102, 
-42, 
4, 
-12, 
-26, 
66, 
54, 
86, 
140, 
84, 
136, 
50, 
-22, 
-98, 
-50, 
44, 
52, 
82, 
86, 
-6, 
-18, 
-76, 
-8, 
16, 
8, 
-24, 
-30, 
-96, 
-120, 
-122, 
-18, 
-4, 
-14, 
28, 
18, 
26, 
12, 
56, 
-10, 
58, 
-4, 
-8, 
-42, 
-74, 
-142, 
-116, 
-94, 
-58, 
-110, 
-70, 
-160, 
-74, 
-24, 
-150, 
-92, 
-64, 
-54, 
-138, 
-86, 
-100, 
-138, 
-64, 
-96, 
-74, 
-118, 
-110, 
-84, 
-100, 
-34, 
-54, 
40, 
120, 
76, 
86, 
66, 
46, 
76, 
38, 
24, 
-32, 
-74, 
-30, 
-56, 
-6, 
60, 
40, 
30, 
38, 
70, 
104, 
128, 
120, 
72, 
54, 
-64, 
-70, 
-48, 
4, 
0, 
44, 
28, 
12, 
36, 
-26, 
-22, 
-132, 
-128, 
-102, 
-42, 
-12, 
32, 
96, 
60, 
-4, 
-14, 
64, 
14, 
124, 
48, 
2, 
-58, 
36, 
60, 
58, 
50, 
80, 
78, 
0, 
-54, 
-64, 
-138, 
-78, 
12, 
-16, 
2, 
42, 
-22, 
-52, 
-32, 
-28, 
-24, 
-4, 
52, 
60, 
32, 
34, 
44, 
-30, 
-18, 
58, 
-38, 
-58, 
-18, 
24, 
-22, 
-44, 
34, 
132, 
146, 
126, 
116, 
8, 
-16, 
-62, 
-104, 
-100, 
-80, 
14, 
-12, 
-18, 
-12, 
-74, 
-26, 
-40, 
54, 
16, 
16, 
52, 
78, 
-22, 
-6, 
-78, 
-52, 
-64, 
-156, 
-112, 
-108, 
-24, 
46, 
164, 
144, 
100, 
102, 
100, 
96, 
58, 
136, 
74, 
66, 
54, 
32, 
70, 
102, 
26, 
30, 
26, 
18, 
10, 
4, 
-18, 
40, 
22, 
-10, 
-34, 
40, 
-12, 
-72, 
-34, 
-42, 
-30, 
20, 
78, 
64, 
2, 
-16, 
4, 
0, 
100, 
82, 
96, 
128, 
124, 
56, 
40, 
2, 
0, 
32, 
42, 
54, 
64, 
68, 
62, 
120, 
20, 
-42, 
4, 
4, 
-18, 
30, 
-4, 
-68, 
-66, 
-44, 
-58, 
-52, 
-68, 
-20, 
76, 
80, 
68, 
42, 
10, 
-30, 
-8, 
58, 
54, 
140, 
178, 
136, 
92, 
94, 
80, 
4, 
34, 
74, 
36, 
28, 
74, 
12, 
2, 
30, 
-16, 
18, 
44, 
-2, 
-34, 
-106, 
-90, 
-164, 
-150, 
-130, 
-82, 
-4, 
56, 
38, 
-20, 
-44, 
-78, 
-8, 
34, 
-12, 
-62, 
-8, 
30, 
18, 
30, 
-44, 
-44, 
-104, 
-74, 
-66, 
-50, 
-42, 
-74, 
-28, 
-36, 
-40, 
-122, 
-100, 
-10, 
20, 
66, 
106, 
30, 
-30, 
68, 
106, 
16, 
32, 
46, 
36, 
-10, 
4, 
108, 
108, 
36, 
-30, 
34, 
48, 
132, 
150, 
116, 
70, 
46, 
60, 
32, 
42, 
-44, 
-68, 
-44, 
-46, 
26, 
100, 
50, 
70, 
42, 
-42, 
-2, 
-32, 
-98, 
-62, 
-24, 
-66, 
0, 
106, 
90, 
90, 
68, 
18, 
26, 
-38, 
50, 
-14, 
126, 
184, 
82, 
40, 
42, 
36, 
18, 
26, 
4, 
-70, 
-28, 
34, 
0, 
24, 
44, 
58, 
86, 
46, 
-38, 
12, 
44, 
-32, 
-20, 
-44, 
62, 
68, 
94, 
70, 
62, 
8, 
-28, 
-44, 
-26, 
-114, 
-182, 
-156, 
-174, 
-106, 
-34, 
-24, 
6, 
84, 
152, 
110, 
128, 
112, 
26, 
-6, 
-8, 
46, 
120, 
86, 
68, 
26, 
-78, 
-78, 
-100, 
-68, 
-54, 
8, 
2, 
-82, 
-38, 
-76, 
-38, 
-28, 
-24, 
-2, 
2, 
0, 
-14, 
-12, 
-10, 
-48, 
-70, 
-68, 
-20, 
44, 
10, 
102, 
54, 
114, 
192, 
188, 
104, 
110, 
54, 
-44, 
-12, 
-116, 
-120, 
-52, 
2, 
-10, 
-44, 
26, 
78, 
100, 
68, 
-22, 
2, 
-4, 
60, 
-2, 
-4, 
-36, 
-14, 
128, 
104, 
148, 
74, 
96, 
-26, 
48, 
34, 
20, 
2, 
-34, 
-42, 
-32, 
22, 
50, 
38, 
22, 
22, 
6, 
-110, 
-138, 
-118, 
-130, 
-12, 
-52, 
42, 
14, 
4, 
-26, 
-14, 
-22, 
60, 
50, 
38, 
62, 
60, 
-68, 
-112, 
-84, 
-2, 
18, 
-18, 
-18, 
-46, 
-76, 
-70, 
-36, 
42, 
162, 
144, 
100, 
68, 
30, 
4, 
0, 
42, 
16, 
-36, 
-70, 
-90, 
-146, 
-98, 
-112, 
-60, 
-104, 
-104, 
-70, 
-64, 
-2, 
-20, 
74, 
64, 
42, 
52, 
46, 
46, 
78, 
80, 
54, 
106, 
-28, 
-38, 
-44, 
-4, 
24, 
38, 
-14, 
10, 
2, 
54, 
-36, 
-18, 
-18, 
-56, 
-30, 
50, 
52, 
68, 
38, 
14, 
10, 
0, 
44, 
28, 
86, 
114, 
114, 
28, 
68, 
6, 
28, 
-4, 
12, 
78, 
84, 
128, 
104, 
94, 
32, 
-36, 
-86, 
-112, 
-176, 
-78, 
-82, 
-60, 
-40, 
6, 
26, 
42, 
58, 
20, 
72, 
-8, 
8, 
30, 
-58, 
-132, 
-138, 
-104, 
-94, 
-86, 
-116, 
-74, 
-62, 
40, 
46, 
28, 
40, 
14, 
-56, 
-8, 
-12, 
30, 
-6, 
-46, 
-16, 
-2, 
26, 
48, 
34, 
-32, 
12, 
40, 
-22, 
-30, 
-2, 
-4, 
-74, 
-84, 
-56, 
-40, 
-48, 
4, 
-48, 
-44, 
-20, 
20, 
8, 
20, 
68, 
84, 
40, 
32, 
86, 
6, 
86, 
76, 
62, 
92, 
12, 
14, 
-44, 
86, 
64, 
-26, 
-54, 
-90, 
-56, 
-26, 
40, 
90, 
38, 
-26, 
-54, 
-88, 
-28, 
18, 
24, 
-68, 
-138, 
-88, 
-116, 
38, 
46, 
16, 
0, 
-16, 
56, 
28, 
88, 
56, 
-2, 
52, 
68, 
26, 
34, 
28, 
22, 
10, 
-16, 
-116, 
-60, 
54, 
78, 
78, 
54, 
48, 
138, 
-4, 
-34, 
-40, 
8, 
-2, 
-48, 
-52, 
-56, 
-72, 
54, 
34, 
6, 
-106, 
-168, 
-30, 
-108, 
-64, 
-76, 
-36, 
16, 
-16, 
56, 
64, 
110, 
88, 
62, 
34, 
40, 
-42, 
-44, 
4, 
-26, 
-34, 
-52, 
-94, 
26, 
18, 
52, 
94, 
48, 
2, 
-22, 
36, 
-18, 
6, 
-18, 
4, 
44, 
-4, 
54, 
10, 
10, 
70, 
84, 
56, 
88, 
146, 
138, 
102, 
10, 
80, 
52, 
70, 
72, 
86, 
-8, 
44, 
-10, 
58, 
52, 
-24, 
46, 
42, 
28, 
78, 
58, 
94, 
98, 
16, 
88, 
-2, 
-46, 
-40, 
-80, 
-102, 
-14, 
-28, 
-44, 
-70, 
0, 
-34, 
-32, 
6, 
-18, 
-52, 
-62, 
-58, 
-64, 
-106, 
-34, 
-74, 
22, 
48, 
-20, 
-100, 
-50, 
28, 
-14, 
8, 
-32, 
-48, 
24, 
-80, 
-114, 
-62, 
-52, 
-28, 
-40, 
-26, 
-6, 
-48, 
56, 
-78, 
-64, 
12, 
70, 
100, 
18, 
54, 
78, 
12, 
34, 
26, 
10, 
-60, 
-116, 
-128, 
-106, 
-96, 
-154, 
-134, 
-114, 
-62, 
80, 
86, 
24, 
52, 
36, 
34, 
20, 
-78, 
-32, 
-50, 
-22, 
38, 
56, 
60, 
32, 
40, 
48, 
44, 
44, 
50, 
106, 
76, 
32, 
8, 
-2, 
32, 
22, 
-12, 
6, 
-56, 
-16, 
6, 
-10, 
-104, 
-148, 
-36, 
68, 
64, 
-8, 
16, 
-16, 
42, 
84, 
44, 
56, 
46, 
88, 
52, 
40, 
-16, 
-16, 
106, 
46, 
-58, 
-86, 
-72, 
18, 
106, 
134, 
62, 
156, 
92, 
14, 
56, 
26, 
-62, 
44, 
4, 
56, 
28, 
26, 
148, 
212, 
162, 
160, 
106, 
102, 
66, 
-8, 
-34, 
46, 
54, 
14, 
-4, 
10, 
22, 
-100, 
-32, 
4, 
8, 
-46, 
56, 
70, 
18, 
-96, 
-20, 
-44, 
-6, 
-18, 
-94, 
-100, 
-144, 
-100, 
-158, 
-144, 
-104, 
-110, 
-38, 
-20, 
-10, 
44, 
30, 
-86, 
-10, 
50, 
36, 
92, 
66, 
-50, 
-18, 
64, 
8, 
34, 
54, 
14, 
-96, 
-72, 
-4, 
52, 
6, 
-66, 
-76, 
20, 
-50, 
96, 
156, 
114, 
-22, 
-64, 
-16, 
-8, 
-32, 
-84, 
-14, 
-56, 
-22, 
-10, 
-4, 
-16, 
-82, 
-96, 
-120, 
-78, 
-22, 
6, 
8, 
-32, 
18, 
-16, 
-72, 
-78, 
-22, 
56, 
44, 
28, 
18, 
30, 
36, 
52, 
-30, 
-104, 
-98, 
-64, 
-46, 
-62, 
-74, 
-26, 
-14, 
54, 
82, 
152, 
184, 
84, 
28, 
8, 
-20, 
-18, 
2, 
-18, 
-8, 
34, 
-40, 
-56, 
26, 
42, 
56, 
112, 
12, 
18, 
-42, 
20, 
56, 
10, 
80, 
94, 
66, 
-82, 
-48, 
-14, 
-50, 
14, 
16, 
12, 
8, 
-56, 
-108, 
-124, 
14, 
102, 
46, 
134, 
44, 
16, 
-54, 
-96, 
-14, 
-88, 
-102, 
46, 
18, 
16, 
40, 
20, 
-86, 
-26, 
-20, 
32, 
-42, 
-122, 
-46, 
24, 
108, 
44, 
34, 
50, 
30, 
26, 
10, 
0, 
36, 
70, 
52, 
30, 
-18, 
-12, 
-16, 
36, 
124, 
104, 
24, 
18, 
6, 
-60, 
-72, 
-74, 
-158, 
-156, 
-170, 
-130, 
-66, 
-118, 
-46, 
-42, 
-120, 
36, 
8, 
-30, 
-32, 
16, 
-42, 
-44, 
-50, 
-36, 
-68, 
-52, 
-54, 
14, 
10, 
40, 
-74, 
32, 
32, 
28, 
30, 
38, 
64, 
92, 
154, 
218, 
176, 
52, 
2, 
4, 
96, 
72, 
22, 
-14, 
-44, 
-48, 
-142, 
-178, 
-104, 
-84, 
-134, 
-54, 
24, 
10, 
52, 
80, 
66, 
68, 
154, 
142, 
158, 
124, 
82, 
50, 
-24, 
74, 
60, 
-4, 
2, 
64, 
98, 
34, 
32, 
8, 
-30, 
-122, 
-38, 
-10, 
22, 
-28, 
-54, 
-106, 
-78, 
-38, 
114, 
140, 
136, 
168, 
140, 
126, 
182, 
152, 
86, 
92, 
68, 
38, 
106, 
168, 
152, 
194, 
166, 
166, 
160, 
68, 
-24, 
-24, 
-60, 
-54, 
18, 
28, 
34, 
46, 
38, 
42, 
46, 
72, 
124, 
58, 
40, 
-14, 
-70, 
6, 
8, 
4, 
36, 
42, 
52, 
26, 
-34, 
4, 
100, 
142, 
148, 
-14, 
2, 
-22, 
-54, 
-64, 
-36, 
-48, 
-32, 
-32, 
-22, 
16, 
72, 
14, 
72, 
62, 
74, 
134, 
124, 
-30, 
-10, 
-26, 
-56, 
-56, 
4, 
12, 
-50, 
-12, 
-56, 
-88, 
-24, 
-8, 
-30, 
-138, 
-62, 
-50, 
-42, 
-52, 
46, 
46, 
32, 
62, 
62, 
88, 
102, 
136, 
122, 
38, 
18, 
88, 
64, 
-20, 
-22, 
-30, 
24, 
4, 
-98, 
-108, 
-80, 
-66, 
-54, 
-78, 
-66, 
24, 
62, 
84, 
64, 
34, 
66, 
106, 
72, 
76, 
78, 
74, 
74, 
134, 
22, 
2, 
-34, 
-74, 
-74, 
-156, 
-154, 
-184, 
-138, 
-108, 
-92, 
-26, 
-54, 
-84, 
-94, 
-44, 
-92, 
-26, 
30, 
32, 
96, 
12, 
-92, 
-62, 
-10, 
-26, 
-6, 
-2, 
-24, 
12, 
-44, 
-92, 
-112, 
-76, 
-130, 
-116, 
-138, 
-224, 
-240, 
-232, 
-118, 
-230, 
-132, 
-8, 
-56, 
-10, 
54, 
52, 
90, 
88, 
114, 
72, 
-14, 
-80, 
-72, 
-100, 
-2, 
8, 
-26, 
-10, 
2, 
-2, 
-28, 
-64, 
-64, 
-94, 
-42, 
6, 
-10, 
20, 
62, 
2, 
46, 
66, 
68, 
78, 
144, 
58, 
14, 
20, 
-18, 
38, 
10, 
52, 
62, 
58, 
26, 
-6, 
-10, 
24, 
34, 
-14, 
-60, 
18, 
64, 
50, 
74, 
100, 
86, 
22, 
-62, 
-100, 
-76, 
-30, 
4, 
-60, 
-88, 
-66, 
-86, 
-78, 
-46, 
22, 
116, 
80, 
102, 
4, 
-18, 
76, 
78, 
34, 
48, 
60, 
90, 
32, 
72, 
-22, 
36, 
8, 
-10, 
44, 
-4, 
68, 
16, 
-32, 
44, 
52, 
36, 
-50, 
-66, 
-66, 
-104, 
-98, 
-148, 
-146, 
-114, 
-80, 
-122, 
-178, 
-102, 
-98, 
-88, 
-114, 
-76, 
-64, 
76, 
44, 
6, 
10, 
48, 
46, 
80, 
18, 
-26, 
-48, 
-32, 
-48, 
44, 
72, 
56, 
2, 
10, 
52, 
38, 
-30, 
-12, 
-30, 
2, 
10, 
-52, 
-76, 
-114, 
-114, 
-30, 
-62, 
-20, 
24, 
-14, 
72, 
46, 
-32, 
78, 
154, 
174, 
94, 
82, 
-10, 
-2, 
-74, 
52, 
-16, 
-38, 
-62, 
-40, 
-98, 
-54, 
48, 
56, 
50, 
42, 
-8, 
2, 
-2, 
14, 
4, 
-50, 
-6, 
114, 
128, 
98, 
42, 
34, 
20, 
30, 
-24, 
6, 
-66, 
-184, 
-146, 
-134, 
-94, 
-112, 
-100, 
-96, 
-44, 
-38, 
-24, 
-18, 
24, 
-30, 
-62, 
-110, 
-46, 
-76, 
-14, 
-108, 
-122, 
-28, 
-30, 
22, 
-22, 
6, 
-68, 
-64, 
-34, 
-24, 
2, 
-16, 
-20, 
-56, 
18, 
-14, 
6, 
28, 
0, 
16, 
38, 
100, 
26, 
104, 
66, 
-18, 
22, 
88, 
36, 
68, 
4, 
-36, 
40, 
14, 
-102, 
12, 
90, 
64, 
-8, 
32, 
18, 
-58, 
-74, 
-84, 
-92, 
-34, 
-18, 
-24, 
-98, 
-48, 
-16, 
54, 
120, 
140, 
96, 
106, 
86, 
-10, 
-40, 
-8, 
60, 
74, 
56, 
16, 
-86, 
-46, 
32, 
-8, 
28, 
28, 
-58, 
-28, 
-10, 
64, 
88, 
98, 
112, 
106, 
62, 
32, 
-8, 
40, 
-6, 
8, 
54, 
-6, 
44, 
-28, 
-42, 
-12, 
-90, 
-66, 
-24, 
28, 
-40, 
-70, 
-78, 
-124, 
-6, 
-50, 
2, 
34, 
56, 
64, 
102, 
-56, 
-54, 
-30, 
62, 
48, 
62, 
6, 
-130, 
-22, 
60, 
-10, 
10, 
-34, 
-40, 
-24, 
64, 
64, 
88, 
66, 
62, 
4, 
0, 
-16, 
-68, 
-62, 
-92, 
-18, 
2, 
-68, 
18, 
-38, 
-10, 
44, 
68, 
-6, 
-82, 
-8, 
-64, 
-92, 
-42, 
-72, 
-114, 
-96, 
-104, 
10, 
22, 
-68, 
-66, 
-64, 
-54, 
12, 
-34, 
-102, 
-2, 
-24, 
-30, 
34, 
-50, 
10, 
22, 
-20, 
64, 
16, 
30, 
4, 
42, 
24, 
80, 
-8, 
-18, 
-26, 
32, 
46, 
4, 
32, 
44, 
-24, 
-58, 
-30, 
-34, 
12, 
66, 
48, 
-16, 
6, 
18, 
22, 
100, 
44, 
-12, 
-14, 
0, 
-24, 
-16, 
0, 
66, 
72, 
54, 
72, 
40, 
10, 
-50, 
-108, 
4, 
0, 
-78, 
32, 
72, 
70, 
22, 
-12, 
-70, 
10, 
90, 
54, 
84, 
-6, 
-48, 
-66, 
2, 
72, 
46, 
36, 
82, 
46, 
4, 
40, 
44, 
-28, 
-22, 
12, 
-8, 
-16, 
-46, 
-52, 
-50, 
-22, 
-14, 
-74, 
-136, 
-120, 
-88, 
-94, 
-54, 
-26, 
0, 
-54, 
-80, 
70, 
74, 
108, 
90, 
104, 
86, 
128, 
8, 
-2, 
-40, 
18, 
-32, 
38, 
38, 
-22, 
-28, 
-46, 
74, 
60, 
72, 
34, 
-76, 
-74, 
-78, 
-16, 
60, 
44, 
38, 
-48, 
-84, 
-76, 
-98, 
-26, 
-62, 
-58, 
-54, 
-78, 
80, 
34, 
-36, 
-52, 
-100, 
-50, 
-78, 
-104, 
34, 
44, 
46, 
30, 
0, 
-78, 
-106, 
-62, 
-30, 
-46, 
-86, 
-92, 
-46, 
50, 
-6, 
80, 
180, 
98, 
78, 
70, 
68, 
32, 
-38, 
58, 
48, 
58, 
-62, 
12, 
36, 
24, 
68, 
38, 
62, 
36, 
-22, 
66, 
26, 
50, 
70, 
62, 
78, 
76, 
2, 
-38, 
-2, 
82, 
76, 
70, 
30, 
-18, 
-26, 
4, 
10, 
18, 
-20, 
-12, 
-60, 
12, 
38, 
16, 
-54, 
-52, 
-40, 
-46, 
0, 
42, 
-48, 
-94, 
-82, 
-74, 
-14, 
-74, 
-14, 
-30, 
-66, 
14, 
4, 
32, 
82, 
32, 
78, 
74, 
92, 
88, 
72, 
106, 
142, 
58, 
24, 
40, 
48, 
52, 
-52, 
-14, 
-20, 
-8, 
-40, 
-52, 
-84, 
-26, 
58, 
78, 
6, 
-8, 
26, 
18, 
46, 
116, 
60, 
34, 
24, 
-8, 
-30, 
-26, 
-138, 
-184, 
-106, 
-124, 
-114, 
-46, 
-32, 
-68, 
-148, 
-96, 
-36, 
-72, 
-42, 
-20, 
6, 
38, 
-80, 
-98, 
-100, 
-22, 
-14, 
52, 
48, 
78, 
54, 
-4, 
-52, 
-92, 
-66, 
54, 
148, 
106, 
94, 
-46, 
-4, 
-80, 
-6, 
112, 
90, 
18, 
26, 
16, 
-26, 
-20, 
-130, 
-96, 
-84, 
-70, 
-50, 
-74, 
-148, 
-192, 
-132, 
-98, 
-32, 
-10, 
40, 
24, 
22, 
-24, 
-32, 
-44, 
-60, 
-116, 
-106, 
-84, 
-128, 
-100, 
-60, 
-8, 
42, 
68, 
16, 
-12, 
94, 
54, 
24, 
-60, 
-34, 
30, 
6, 
-82, 
-52, 
40, 
70, 
80, 
-24, 
54, 
108, 
166, 
86, 
42, 
54, 
50, 
-38, 
-2, 
50, 
-28, 
-108, 
-2, 
-6, 
2, 
48, 
54, 
58, 
-16, 
-46, 
-110, 
-66, 
-64, 
-62, 
-48, 
8, 
-6, 
22, 
18, 
38, 
-12, 
-72, 
-104, 
-74, 
-34, 
44, 
22, 
60, 
52, 
50, 
8, 
50, 
36, 
0, 
-2, 
18, 
-54, 
-100, 
-78, 
22, 
32, 
-42, 
-42, 
-38, 
-58, 
-44, 
-12, 
28, 
122, 
50, 
-22, 
-102, 
-102, 
-104, 
-122, 
-30, 
-24, 
-104, 
-108, 
-88, 
-116, 
-160, 
-106, 
-32, 
34, 
94, 
-2, 
-32, 
-12, 
-16, 
-6, 
-58, 
-16, 
16, 
24, 
56, 
10, 
-50, 
-44, 
-12, 
10, 
84, 
24, 
-26, 
38, 
-16, 
-102, 
8, 
70, 
12, 
98, 
54, 
6, 
16, 
-28, 
64, 
30, 
84, 
52, 
-22, 
-24, 
-40, 
-50, 
-58, 
-80, 
-24, 
-130, 
-76, 
-12, 
-50, 
-80, 
-96, 
-78, 
-30, 
-72, 
-54, 
2, 
62, 
34, 
80, 
20, 
12, 
6, 
-18, 
18, 
66, 
28, 
30, 
28, 
64, 
0, 
-10, 
32, 
16, 
52, 
36, 
-2, 
36, 
50, 
88, 
-14, 
-62, 
-70, 
-12, 
8, 
-2, 
-10, 
44, 
62, 
98, 
52, 
38, 
48, 
30, 
-8, 
-36, 
30, 
88, 
76, 
124, 
104, 
52, 
34, 
72, 
38, 
8, 
54, 
80, 
82, 
0, 
50, 
-30, 
-40, 
38, 
2, 
-34, 
-54, 
-66, 
-24, 
-18, 
68, 
68, 
58, 
36, 
18, 
-88, 
-40, 
-70, 
-112, 
-126, 
-144, 
-50, 
-16, 
38, 
-42, 
-4, 
-50, 
-44, 
-26, 
26, 
112, 
68, 
52, 
40, 
46, 
152, 
118, 
34, 
-18, 
10, 
54, 
86, 
-12, 
-66, 
-8, 
-12, 
-14, 
-40, 
-52, 
-20, 
-70, 
58, 
112, 
32, 
42, 
0, 
18, 
-4, 
-4, 
48, 
48, 
46, 
38, 
-2, 
-14, 
-52, 
-26, 
-48, 
-70, 
-36, 
-42, 
-50, 
4, 
16, 
18, 
-32, 
-36, 
-86, 
-92, 
-58, 
-98, 
-106, 
-72, 
-44, 
30, 
-42, 
-4, 
56, 
12, 
-20, 
-24, 
-46, 
18, 
22, 
14, 
-34, 
-78, 
-70, 
-22, 
-18, 
-66, 
-80, 
-18, 
-50, 
34, 
68, 
100, 
64, 
20, 
80, 
-32, 
-78, 
-46, 
-6, 
6, 
-32, 
-62, 
-10, 
32, 
-10, 
10, 
62, 
40, 
24, 
50, 
86, 
88, 
24, 
-10, 
-40, 
-60, 
-62, 
-28, 
-42, 
-18, 
-58, 
-18, 
-86, 
-150, 
-124, 
-82, 
-66, 
6, 
26, 
-44, 
8, 
26, 
6, 
-44, 
12, 
10, 
94, 
52, 
26, 
-28, 
12, 
-42, 
-136, 
-104, 
-130, 
-12, 
-24, 
36, 
32, 
24, 
66, 
20, 
2, 
-6, 
32, 
72, 
86, 
28, 
-16, 
-8, 
-10, 
-32, 
-54, 
-84, 
-20, 
0, 
18, 
52, 
-20, 
104, 
16, 
6, 
-2, 
0, 
36, 
2, 
-82, 
-56, 
-42, 
-66, 
-94, 
-40, 
-44, 
-10, 
66, 
48, 
132, 
-30, 
-72, 
-18, 
2, 
0, 
6, 
-10, 
-6, 
-20, 
58, 
-40, 
-68, 
-40, 
126, 
106, 
56, 
10, 
-36, 
-40, 
-82, 
-104, 
-80, 
-144, 
-162, 
-176, 
-116, 
-52, 
-10, 
2, 
66, 
38, 
-8, 
-86, 
-40, 
-6, 
26, 
-74, 
2, 
-68, 
-70, 
-104, 
-88, 
-64, 
-26, 
-14, 
10, 
-40, 
-36, 
-6, 
38, 
-14, 
30, 
42, 
110, 
24, 
8, 
-26, 
-10, 
-48, 
-88, 
-60, 
-112, 
-48, 
-106, 
-8, 
32, 
-18, 
40, 
-100, 
-92, 
-206, 
-190, 
-100, 
-100, 
-40, 
-62, 
-22, 
54, 
-8, 
-22, 
-34, 
-62, 
12, 
-22, 
24, 
60, 
90, 
58, 
-32, 
-2, 
28, 
68, 
48, 
150, 
122, 
96, 
132, 
80, 
10, 
-60, 
-28, 
22, 
12, 
4, 
-2, 
2, 
40, 
88, 
34, 
-48, 
-86, 
-140, 
-80, 
-82, 
-132, 
-114, 
-104, 
-68, 
-40, 
-82, 
34, 
-12, 
26, 
58, 
78, 
150, 
92, 
66, 
68, 
44, 
36, 
46, 
58, 
-16, 
-6, 
70, 
-10, 
56, 
30, 
62, 
54, 
-28, 
14, 
12, 
50, 
44, 
22, 
20, 
-14, 
-44, 
-34, 
-72, 
-110, 
-162, 
-190, 
-156, 
-156, 
-68, 
-26, 
-4, 
22, 
34, 
0, 
90, 
114, 
68, 
82, 
124, 
104, 
32, 
50, 
26, 
118, 
98, 
54, 
60, 
118, 
146, 
92, 
70, 
128, 
96, 
124, 
106, 
146, 
144, 
100, 
60, 
-42, 
-64, 
-110, 
-80, 
-78, 
-6, 
-80, 
-96, 
-60, 
-56, 
4, 
-10, 
-24, 
42, 
6, 
6, 
-54, 
-30, 
-138, 
-90, 
-74, 
-88, 
-60, 
-66, 
52, 
108, 
106, 
24, 
72, 
88, 
70, 
68, 
14, 
-2, 
-74, 
-68, 
-52, 
-86, 
-8, 
12, 
-34, 
8, 
-70, 
-44, 
58, 
40, 
112, 
176, 
160, 
138, 
72, 
66, 
86, 
60, 
22, 
32, 
62, 
60, 
14, 
106, 
50, 
98, 
156, 
-72, 
-116, 
-14, 
14, 
-22, 
-90, 
-66, 
-34, 
-74, 
-36, 
2, 
8, 
-22, 
-20, 
-10, 
-28, 
-56, 
-70, 
30, 
102, 
100, 
-48, 
-110, 
-48, 
-28, 
-114, 
36, 
82, 
0, 
4, 
28, 
46, 
52, 
62, 
12, 
18, 
50, 
12, 
-2, 
78, 
-32, 
-26, 
38, 
96, 
80, 
74, 
-46, 
-84, 
-96, 
-46, 
-16, 
-4, 
-2, 
-30, 
-60, 
-98, 
-130, 
-126, 
-104, 
-88, 
-90, 
-54, 
44, 
54, 
-6, 
-12, 
-16, 
-78, 
-70, 
-26, 
-40, 
-58, 
-126, 
-210, 
-124, 
-124, 
-124, 
-82, 
-128, 
-38, 
-20, 
-36, 
56, 
66, 
68, 
100, 
132, 
40, 
18, 
48, 
4, 
-34, 
-62, 
-146, 
-148, 
-92, 
-76, 
-52, 
10, 
72, 
152, 
138, 
88, 
106, 
86, 
56, 
18, 
34, 
0, 
40, 
10, 
62, 
130, 
32, 
-92, 
-106, 
-96, 
-34, 
-4, 
-56, 
-14, 
-10, 
-10, 
2, 
-84, 
-138, 
-124, 
16, 
84, 
46, 
48, 
52, 
-24, 
54, 
-42, 
12, 
-16, 
12, 
-36, 
-50, 
-54, 
-44, 
-92, 
-74, 
-58, 
-30, 
-68, 
-72, 
-32, 
38, 
54, 
80, 
84, 
-4, 
14, 
30, 
20, 
46, 
34, 
18, 
-68, 
-160, 
-96, 
-60, 
-74, 
-58, 
-16, 
52, 
76, 
190, 
126, 
66, 
12, 
-50, 
-60, 
-40, 
-24, 
20, 
-16, 
-30, 
-86, 
-90, 
-126, 
-132, 
-24, 
12, 
26, 
20, 
90, 
80, 
60, 
22, 
34, 
-2, 
-48, 
-36, 
-70, 
-96, 
-88, 
-52, 
88, 
38, 
72, 
94, 
104, 
178, 
158, 
100, 
2, 
32, 
82, 
80, 
74, 
106, 
64, 
132, 
98, 
24, 
-2, 
-62, 
-66, 
-48, 
-102, 
-160, 
-134, 
-114, 
-118, 
-60, 
-78, 
-40, 
-128, 
-182, 
-142, 
-96, 
-92, 
-26, 
2, 
56, 
74, 
44, 
62, 
-58, 
-24, 
40, 
92, 
76, 
76, 
90, 
52, 
82, 
92, 
62, 
36, 
70, 
-24, 
-40, 
-112, 
-42, 
28, 
40, 
42, 
48, 
122, 
76, 
-40, 
-58, 
-32, 
62, 
34, 
44, 
56, 
64, 
48, 
-20, 
-126, 
16, 
-38, 
54, 
42, 
70, 
64, 
-14, 
-140, 
-80, 
-106, 
-28, 
-46, 
-2, 
80, 
106, 
78, 
18, 
112, 
80, 
28, 
12, 
-4, 
-22, 
22, 
-20, 
-106, 
-92, 
-88, 
-34, 
0, 
48, 
16, 
0, 
-16, 
18, 
12, 
44, 
22, 
54, 
34, 
74, 
82, 
114, 
28, 
-40, 
-2, 
-18, 
62, 
48, 
-32, 
-26, 
-64, 
2, 
-126, 
-144, 
-112, 
-20, 
-76, 
-34, 
-16, 
62, 
54, 
-28, 
-60, 
-24, 
8, 
34, 
62, 
62, 
58, 
14, 
56, 
8, 
-14, 
-10, 
16, 
2, 
-24, 
22, 
40, 
106, 
80, 
92, 
158, 
166, 
110, 
158, 
186, 
146, 
70, 
30, 
-22, 
-38, 
-34, 
-38, 
20, 
50, 
-6, 
-54, 
16, 
46, 
12, 
-12, 
-2, 
-94, 
-118, 
-74, 
-70, 
-58, 
-18, 
-74, 
-60, 
-30, 
-28, 
-4, 
-58, 
-70, 
38, 
62, 
-16, 
46, 
54, 
110, 
-16, 
38, 
44, 
70, 
94, 
-8, 
48, 
-6, 
-38, 
-22, 
44, 
-24, 
2, 
-32, 
-80, 
-84, 
38, 
34, 
14, 
-14, 
32, 
64, 
54, 
34, 
90, 
48, 
64, 
-10, 
46, 
92, 
62, 
110, 
66, 
76, 
40, 
26, 
-26, 
42, 
38, 
20, 
-64, 
-14, 
-2, 
54, 
28, 
-58, 
-42, 
0, 
-28, 
-28, 
-88, 
-194, 
-180, 
-96, 
-146, 
-168, 
-8, 
-58, 
-34, 
-80, 
-6, 
38, 
58, 
16, 
-8, 
-120, 
-130, 
-34, 
-2, 
-6, 
-22, 
-50, 
8, 
-2, 
64, 
38, 
-76, 
-100, 
-168, 
-150, 
-72, 
-30, 
-50, 
30, 
70, 
88, 
60, 
-24, 
-64, 
-78, 
-130, 
-152, 
-64, 
-48, 
-38, 
-48, 
-4, 
0, 
44, 
28, 
6, 
-44, 
-82, 
-122, 
-122, 
-104, 
-110, 
-44, 
-36, 
-78, 
16, 
24, 
6, 
76, 
54, 
92, 
88, 
76, 
130, 
124, 
76, 
50, 
6, 
22, 
38, 
26, 
54, 
16, 
-2, 
-32, 
-58, 
-38, 
14, 
48, 
70, 
-22, 
-56, 
-24, 
-66, 
-24, 
108, 
86, 
70, 
50, 
6, 
-18, 
38, 
10, 
20, 
58, 
66, 
58, 
110, 
42, 
12, 
-34, 
-48, 
-90, 
-62, 
-72, 
18, 
-22, 
10, 
14, 
34, 
-28, 
-14, 
-48, 
-30, 
-86, 
-112, 
-36, 
6, 
10, 
56, 
0, 
4, 
52, 
116, 
102, 
98, 
128, 
120, 
98, 
68, 
36, 
34, 
78, 
62, 
82, 
82, 
60, 
-28, 
-58, 
-56, 
-10, 
-30, 
-68, 
-90, 
6, 
60, 
46, 
14, 
20, 
-24, 
-132, 
-92, 
-8, 
-8, 
-16, 
28, 
22, 
66, 
36, 
-10, 
-70, 
-24, 
-90, 
0, 
24, 
38, 
100, 
120, 
168, 
120, 
26, 
-4, 
-28, 
-36, 
24, 
-64, 
-26, 
-80, 
-30, 
-50, 
-14, 
-14, 
54, 
4, 
-32, 
14, 
-4, 
32, 
-8, 
-16, 
20, 
26, 
-8, 
26, 
-30, 
26, 
16, 
-90, 
-104, 
-160, 
-148, 
-166, 
-144, 
-56, 
-10, 
14, 
70, 
-10, 
64, 
112, 
56, 
48, 
-34, 
4, 
-32, 
-32, 
38, 
-16, 
-32, 
-32, 
-70, 
-104, 
-84, 
-74, 
-88, 
-110, 
-54, 
42, 
54, 
58, 
106, 
14, 
28, 
54, 
98, 
106, 
138, 
94, 
72, 
32, 
12, 
14, 
-8, 
12, 
-16, 
-66, 
-104, 
-44, 
68, 
98, 
38, 
64, 
42, 
70, 
74, 
86, 
134, 
34, 
-46, 
-108, 
-24, 
32, 
-40, 
-76, 
-18, 
16, 
74, 
-32, 
-104, 
-64, 
-32, 
-24, 
34, 
76, 
12, 
-12, 
-20, 
-58, 
-100, 
-74, 
-76, 
-52, 
-84, 
-66, 
-20, 
42, 
40, 
16, 
-6, 
-12, 
-24, 
4, 
-32, 
-98, 
-90, 
-96, 
-56, 
-30, 
2, 
68, 
84, 
56, 
76, 
82, 
34, 
-20, 
-92, 
-104, 
-28, 
-48, 
-78, 
-116, 
-12, 
22, 
-70, 
-102, 
-60, 
-62, 
68, 
56, 
48, 
46, 
12, 
-16, 
26, 
-32, 
-30, 
50, 
-66, 
-46, 
74, 
124, 
44, 
2, 
16, 
40, 
20, 
34, 
70, 
98, 
78, 
28, 
-2, 
16, 
80, 
70, 
46, 
-22, 
2, 
46, 
90, 
44, 
30, 
126, 
96, 
68, 
106, 
114, 
84, 
52, 
-8, 
-36, 
-88, 
-64, 
-46, 
-116, 
-122, 
-94, 
-22, 
16, 
22, 
-18, 
-30, 
-38, 
-24, 
-40, 
-48, 
60, 
100, 
24, 
-24, 
-44, 
-42, 
-62, 
-14, 
-46, 
-60, 
-130, 
-94, 
-114, 
-86, 
-50, 
10, 
-10, 
16, 
-44, 
-66, 
-70, 
-66, 
-46, 
-38, 
-56, 
-126, 
-140, 
-86, 
-60, 
-132, 
-134, 
-140, 
-198, 
-186, 
-162, 
-198, 
-98, 
-66, 
-16, 
20, 
-56, 
-90, 
-20, 
-20, 
-6, 
10, 
-20, 
88, 
62, 
24, 
-26, 
-76, 
-20, 
-40, 
-56, 
8, 
-30, 
-4, 
22, 
28, 
58, 
80, 
96, 
128, 
48, 
-8, 
-54, 
-116, 
-98, 
-48, 
-12, 
8, 
6, 
34, 
12, 
32, 
36, 
42, 
56, 
58, 
60, 
72, 
52, 
-8, 
20, 
-42, 
-66, 
-42, 
-60, 
-20, 
32, 
-40, 
-86, 
-38, 
-50, 
-38, 
-80, 
-84, 
-134, 
-42, 
-42, 
-50, 
-10, 
-16, 
-112, 
-80, 
-76, 
0, 
22, 
46, 
206, 
208, 
146, 
96, 
114, 
88, 
54, 
-26, 
8, 
-16, 
-76, 
-88, 
-74, 
-52, 
-158, 
-116, 
-128, 
-88, 
-84, 
-96, 
-140, 
-40, 
18, 
114, 
146, 
98, 
38, 
6, 
-8, 
0, 
20, 
86, 
22, 
-20, 
-8, 
-30, 
-24, 
20, 
-20, 
52, 
82, 
168, 
136, 
16, 
60, 
0, 
-22, 
-28, 
6, 
-16, 
-72, 
-98, 
-110, 
-46, 
-10, 
40, 
66, 
20, 
60, 
56, 
104, 
62, 
-22, 
-44, 
-74, 
-82, 
-38, 
32, 
6, 
42, 
22, 
86, 
96, 
76, 
58, 
54, 
-6, 
-28, 
-46, 
-38, 
-12, 
-18, 
-26, 
-64, 
-126, 
-72, 
-46, 
-68, 
18, 
-34, 
26, 
58, 
66, 
-44, 
-42, 
34, 
74, 
12, 
-50, 
-36, 
-42, 
-20, 
44, 
22, 
-12, 
-42, 
-34, 
-36, 
-44, 
-66, 
-54, 
-22, 
68, 
98, 
160, 
126, 
6, 
56, 
62, 
46, 
-12, 
10, 
78, 
44, 
72, 
20, 
-38, 
-30, 
16, 
-42, 
26, 
52, 
26, 
58, 
-18, 
-48, 
-8, 
-10, 
-80, 
-66, 
88, 
102, 
-2, 
-32, 
-68, 
-50, 
-54, 
-78, 
-38, 
-118, 
-128, 
-94, 
-96, 
-20, 
38, 
62, 
10, 
-70, 
-142, 
-80, 
-128, 
-68, 
-18, 
-30, 
-6, 
-62, 
-76, 
-92, 
-130, 
-148, 
-88, 
-106, 
-82, 
-6, 
20, 
38, 
18, 
-58, 
20, 
-58, 
-44, 
-8, 
-2, 
-84, 
-46, 
-74, 
-26, 
-60, 
-18, 
50, 
44, 
-16, 
16, 
34, 
-50, 
-42, 
-64, 
-104, 
-118, 
-146, 
-50, 
-50, 
-72, 
-36, 
-16, 
-72, 
-130, 
-86, 
-56, 
-16, 
38, 
-16, 
40, 
62, 
54, 
54, 
68, 
-60, 
-18, 
18, 
18, 
54, 
82, 
198, 
186, 
174, 
126, 
102, 
72, 
72, 
18, 
58, 
-38, 
-18, 
-24, 
-44, 
-26, 
38, 
28, 
84, 
62, 
26, 
42, 
78, 
6, 
64, 
102, 
80, 
42, 
66, 
-6, 
48, 
8, 
54, 
18, 
40, 
110, 
112, 
88, 
68, 
120, 
42, 
-4, 
24, 
78, 
78, 
98, 
104, 
60, 
70, 
26, 
44, 
64, 
48, 
52, 
56, 
-20, 
-84, 
-18, 
20, 
50, 
8, 
88, 
84, 
108, 
40, 
58, 
60, 
104, 
50, 
114, 
78, 
66, 
152, 
140, 
118, 
128, 
92, 
58, 
70, 
82, 
-18, 
-38, 
30, 
76, 
122, 
122, 
64, 
62, 
102, 
112, 
126, 
86, 
72, 
64, 
4, 
4, 
-32, 
-62, 
48, 
90, 
124, 
58, 
84, 
94, 
180, 
90, 
0, 
-30, 
6, 
0, 
30, 
-8, 
44, 
6, 
-14, 
-50, 
-28, 
-4, 
-64, 
-62, 
-44, 
22, 
-20, 
-46, 
-34, 
-98, 
-116, 
-64, 
-14, 
-66, 
-40, 
-4, 
-58, 
-56, 
-46, 
-80, 
-24, 
10, 
-44, 
-126, 
-14, 
-26, 
-8, 
-36, 
4, 
2, 
40, 
16, 
-76, 
24, 
30, 
22, 
-14, 
-64, 
8, 
-2, 
14, 
8, 
-18, 
-56, 
-42, 
-84, 
-22, 
12, 
10, 
12, 
76, 
80, 
54, 
66, 
150, 
70, 
110, 
76, 
60, 
4, 
16, 
-32, 
-56, 
-86, 
-8, 
100, 
80, 
40, 
30, 
76, 
6, 
56, 
90, 
40, 
52, 
-12, 
-68, 
-76, 
-36, 
-30, 
16, 
14, 
26, 
70, 
86, 
70, 
140, 
126, 
14, 
-2, 
-8, 
-6, 
-94, 
-12, 
-60, 
-56, 
22, 
42, 
30, 
34, 
-30, 
-56, 
-56, 
-84, 
-56, 
-12, 
10, 
20, 
22, 
42, 
46, 
30, 
36, 
94, 
94, 
126, 
108, 
106, 
62, 
82, 
-44, 
-24, 
-86, 
-74, 
-140, 
-108, 
-70, 
-128, 
-162, 
-182, 
-222, 
-132, 
-92, 
-62, 
-12, 
-12, 
80, 
108, 
98, 
48, 
26, 
44, 
-16, 
18, 
26, 
0, 
-16, 
-88, 
-26, 
-4, 
-4, 
-48, 
-10, 
-50, 
42, 
58, 
100, 
124, 
58, 
36, 
98, 
94, 
78, 
46, 
126, 
72, 
4, 
-66, 
-26, 
-10, 
-32, 
30, 
30, 
-60, 
-66, 
-110, 
-82, 
-68, 
2, 
-46, 
-32, 
-8, 
-36, 
-36, 
-104, 
-48, 
-14, 
-50, 
-74, 
-80, 
-24, 
6, 
-48, 
-6, 
-14, 
-68, 
-34, 
32, 
-56, 
-2, 
58, 
72, 
44, 
-72, 
-30, 
0, 
-44, 
36, 
50, 
4, 
20, 
-42, 
-66, 
-24, 
-16, 
-8, 
-26, 
-42, 
-38, 
-62, 
-114, 
-48, 
48, 
0, 
8, 
62, 
66, 
48, 
-22, 
12, 
-32, 
-30, 
28, 
56, 
52, 
70, 
78, 
38, 
92, 
4, 
8, 
-10, 
-8, 
-48, 
-80, 
-44, 
-28, 
-20, 
56, 
14, 
-26, 
40, 
-56, 
12, 
58, 
194, 
172, 
46, 
-12, 
-56, 
-98, 
-64, 
6, 
-30, 
-20, 
-2, 
-74, 
-144, 
-86, 
-102, 
-126, 
-94, 
-102, 
-122, 
-130, 
-100, 
-72, 
-72, 
-78, 
-40, 
46, 
-24, 
-106, 
-86, 
-104, 
-16, 
58, 
66, 
42, 
28, 
46, 
82, 
34, 
108, 
86, 
28, 
-22, 
14, 
-40, 
-50, 
-36, 
2, 
-8, 
-80, 
-86, 
-10, 
-36, 
-68, 
-4, 
50, 
-10, 
18, 
46, 
70, 
128, 
14, 
-18, 
-38, 
-102, 
-86, 
-12, 
-62, 
-46, 
-34, 
-54, 
0, 
120, 
116, 
-28, 
-36, 
-42, 
-94, 
30, 
38, 
38, 
-12, 
-70, 
-16, 
-60, 
-52, 
-34, 
30, 
30, 
18, 
46, 
8, 
26, 
56, 
-14, 
-34, 
-12, 
6, 
-66, 
-44, 
44, 
80, 
-24, 
-66, 
-28, 
-68, 
-134, 
-154, 
-150, 
-138, 
-112, 
36, 
-12, 
-32, 
-86, 
-40, 
-98, 
-64, 
-56, 
-132, 
-30, 
-52, 
66, 
12, 
0, 
8, 
0, 
-54, 
-18, 
30, 
-26, 
4, 
10, 
-2, 
-4, 
-14, 
-60, 
6, 
-76, 
-130, 
-78, 
-108, 
-28, 
-40, 
-22, 
52, 
-52, 
-102, 
-100, 
-70, 
-14, 
72, 
42, 
28, 
60, 
20, 
6, 
6, 
-10, 
-46, 
-68, 
-78, 
-26, 
-110, 
-106, 
-150, 
-134, 
-12, 
-16, 
32, 
28, 
-10, 
-104, 
10, 
116, 
140, 
6, 
-56, 
-48, 
-20, 
14, 
-32, 
-24, 
-42, 
-62, 
-18, 
34, 
52, 
38, 
22, 
40, 
36, 
38, 
10, 
2, 
-72, 
-50, 
-34, 
-16, 
2, 
56, 
-46, 
-30, 
20, 
-18, 
86, 
16, 
-74, 
-106, 
-98, 
-106, 
-128, 
-42, 
-72, 
34, 
50, 
90, 
66, 
58, 
74, 
104, 
78, 
-4, 
-78, 
-114, 
-106, 
-68, 
-74, 
-88, 
-86, 
-128, 
-126, 
-50, 
-14, 
-60, 
-68, 
-30, 
-26, 
40, 
56, 
74, 
44, 
-4, 
-74, 
18, 
94, 
94, 
150, 
18, 
-8, 
22, 
8, 
-36, 
-72, 
24, 
146, 
66, 
-12, 
34, 
96, 
72, 
-10, 
-38, 
-98, 
-80, 
-82, 
-128, 
-56, 
-2, 
-38, 
-102, 
-88, 
-44, 
-118, 
-120, 
52, 
86, 
38, 
-20, 
-88, 
-90, 
-174, 
-154, 
-102, 
-160, 
-48, 
-28, 
2, 
30, 
12, 
0, 
22, 
2, 
-12, 
-14, 
-56, 
-128, 
-194, 
-170, 
-98, 
-102, 
-44, 
-64, 
-34, 
40, 
94, 
164, 
136, 
154, 
170, 
188, 
158, 
54, 
66, 
104, 
152, 
80, 
-18, 
46, 
70, 
78, 
10, 
48, 
88, 
52, 
2, 
12, 
28, 
-4, 
-38, 
12, 
40, 
88, 
64, 
74, 
34, 
-64, 
-66, 
-14, 
18, 
14, 
-22, 
6, 
74, 
30, 
58, 
62, 
46, 
62, 
62, 
54, 
-30, 
-20, 
-2, 
22, 
16, 
-34, 
20, 
46, 
154, 
110, 
62, 
12, 
-32, 
-42, 
-30, 
-40, 
-8, 
12, 
-38, 
-32, 
-4, 
68, 
84, 
108, 
74, 
42, 
24, 
36, 
6, 
42, 
6, 
-38, 
112, 
146, 
176, 
110, 
46, 
42, 
62, 
54, 
58, 
78, 
80, 
108, 
92, 
110, 
8, 
-8, 
-38, 
-48, 
2, 
126, 
54, 
90, 
120, 
74, 
-10, 
62, 
14, 
52, 
64, 
22, 
86, 
36, 
94, 
-16, 
-52, 
56, 
-14, 
36, 
-20, 
30, 
4, 
46, 
42, 
-14, 
-22, 
-28, 
-50, 
-14, 
-2, 
-18, 
98, 
100, 
24, 
84, 
66, 
80, 
34, 
-58, 
-18, 
-32, 
44, 
-16, 
-46, 
14, 
40, 
20, 
20, 
72, 
114, 
40, 
38, 
-16, 
48, 
80, 
164, 
140, 
140, 
106, 
164, 
140, 
58, 
2, 
-92, 
-90, 
-102, 
-112, 
-130, 
-82, 
-80, 
-76, 
-110, 
-152, 
-152, 
-82, 
-78, 
-94, 
-52, 
-148, 
-94, 
-12, 
-48, 
-94, 
-94, 
-100, 
8, 
34, 
50, 
-42, 
-52, 
-54, 
-30, 
-84, 
-154, 
-182, 
-74, 
-88, 
-52, 
-120, 
-132, 
-146, 
-162, 
-144, 
-62, 
-24, 
-54, 
-22, 
-62, 
-44, 
-94, 
-106, 
-118, 
-136, 
-136, 
-78, 
-78, 
-26, 
-46, 
-80, 
-42, 
-38, 
34, 
40, 
40, 
52, 
66, 
68, 
18, 
66, 
100, 
100, 
180, 
114, 
130, 
86, 
58, 
30, 
-42, 
12, 
-42, 
-4, 
64, 
36, 
50, 
68, 
14, 
-52, 
-42, 
-48, 
-54, 
-62, 
-4, 
74, 
-4, 
0, 
30, 
48, 
12, 
-56, 
-72, 
-2, 
-38, 
-32, 
22, 
64, 
-4, 
-46, 
-54, 
-64, 
-146, 
-90, 
-108, 
4, 
38, 
-30, 
-34, 
-6, 
38, 
76, 
82, 
72, 
26, 
0, 
12, 
-24, 
38, 
74, 
62, 
-2, 
2, 
-56, 
-16, 
54, 
96, 
120, 
44, 
28, 
72, 
68, 
16, 
36, 
106, 
70, 
66, 
72, 
22, 
4, 
-4, 
64, 
84, 
64, 
58, 
-74, 
-114, 
-110, 
-98, 
-96, 
-98, 
-62, 
38, 
18, 
18, 
36, 
42, 
-2, 
-8, 
-10, 
-4, 
12, 
18, 
16, 
16, 
-14, 
-8, 
34, 
-66, 
-70, 
-12, 
-12, 
-80, 
-46, 
-44, 
-160, 
-132, 
-100, 
-138, 
-64, 
-86, 
-80, 
-30, 
-52, 
-88, 
66, 
32, 
38, 
4, 
-132, 
-132, 
-58, 
-26, 
68, 
26, 
34, 
42, 
28, 
56, 
122, 
88, 
48, 
-16, 
-12, 
-6, 
-8, 
-18, 
-24, 
28, 
52, 
24, 
82, 
2, 
-32, 
-56, 
-88, 
62, 
62, 
4, 
-22, 
4, 
66, 
62, 
124, 
92, 
84, 
100, 
118, 
126, 
84, 
96, 
64, 
60, 
44, 
24, 
-14, 
-52, 
-86, 
-94, 
2, 
-36, 
-40, 
-18, 
-32, 
-30, 
-24, 
-30, 
-16, 
58, 
98, 
58, 
-2, 
4, 
54, 
72, 
78, 
50, 
90, 
134, 
64, 
16, 
78, 
106, 
62, 
-22, 
-58, 
-106, 
-54, 
-128, 
-122, 
-50, 
-70, 
-194, 
-182, 
-88, 
-46, 
-2, 
18, 
52, 
20, 
48, 
18, 
-20, 
-12, 
-38, 
22, 
2, 
36, 
36, 
32, 
-4, 
56, 
38, 
12, 
70, 
24, 
-4, 
54, 
66, 
182, 
60, 
-58, 
2, 
60, 
12, 
22, 
106, 
86, 
128, 
80, 
98, 
10, 
22, 
-12, 
-84, 
-52, 
12, 
4, 
32, 
18, 
-24, 
-82, 
-122, 
-140, 
-182, 
-158, 
-114, 
-138, 
-80, 
-120, 
-42, 
-38, 
-74, 
-108, 
-66, 
-26, 
54, 
-8, 
-34, 
-14, 
-130, 
-18, 
-10, 
-4, 
-34, 
40, 
-18, 
-48, 
-50, 
50, 
30, 
24, 
6, 
76, 
82, 
72, 
-56, 
-104, 
-32, 
10, 
80, 
126, 
96, 
90, 
-16, 
-90, 
-26, 
-12, 
-54, 
-4, 
-2, 
-26, 
-88, 
-110, 
-58, 
-26, 
-18, 
-76, 
-66, 
-24, 
28, 
76, 
74, 
2, 
8, 
18, 
-42, 
-38, 
20, 
22, 
0, 
-44, 
-78, 
6, 
-80, 
-46, 
-70, 
-80, 
-22, 
0, 
-52, 
-106, 
-130, 
-46, 
-30, 
90, 
118, 
28, 
-6, 
-36, 
-154, 
-116, 
-64, 
48, 
-48, 
-20, 
-54, 
-48, 
-26, 
-40, 
-12, 
-60, 
-64, 
-94, 
-92, 
-80, 
-20, 
-52, 
-72, 
-64, 
24, 
54, 
-12, 
14, 
-4, 
-32, 
28, 
-16, 
-16, 
-18, 
40, 
4, 
-4, 
98, 
78, 
94, 
52, 
22, 
0, 
36, 
64, 
6, 
-36, 
-8, 
-46, 
8, 
-42, 
-22, 
-112, 
-80, 
-40, 
22, 
20, 
10, 
-86, 
-134, 
-136, 
-98, 
-124, 
-98, 
-58, 
-44, 
-58, 
-58, 
-20, 
-36, 
24, 
-10, 
-14, 
-36, 
-12, 
-16, 
-72, 
-78, 
-124, 
-80, 
-84, 
-72, 
-36, 
2, 
-22, 
-68, 
4, 
-110, 
-50, 
-166, 
-160, 
-106, 
-28, 
28, 
6, 
46, 
14, 
24, 
20, 
66, 
30, 
-40, 
2, 
-76, 
-130, 
-152, 
-120, 
-32, 
16, 
0, 
2, 
18, 
108, 
104, 
34, 
64, 
70, 
38, 
22, 
40, 
34, 
46, 
76, 
172, 
130, 
122, 
46, 
102, 
62, 
56, 
62, 
46, 
40, 
-12, 
-46, 
-20, 
20, 
18, 
4, 
-26, 
-6, 
38, 
20, 
-16, 
-30, 
-52, 
-26, 
-70, 
2, 
50, 
48, 
18, 
-110, 
-20, 
6, 
48, 
-40, 
-104, 
-66, 
44, 
-8, 
42, 
8, 
22, 
96, 
96, 
26, 
-36, 
-62, 
-52, 
-2, 
-26, 
-78, 
-84, 
-68, 
-88, 
-50, 
-24, 
-38, 
-44, 
-132, 
-144, 
-172, 
-156, 
-140, 
-144, 
-158, 
-24, 
20, 
-66, 
-62, 
-60, 
6, 
-30, 
-26, 
-24, 
-70, 
-80, 
-36, 
0, 
-24, 
10, 
-64, 
-38, 
-66, 
-144, 
-102, 
-34, 
-36, 
-62, 
-22, 
-86, 
-86, 
-32, 
72, 
-4, 
2, 
20, 
-10, 
-96, 
-100, 
-102, 
-62, 
-26, 
-32, 
6, 
-72, 
-102, 
-68, 
-102, 
-104, 
-110, 
-38, 
72, 
154, 
164, 
200, 
210, 
160, 
108, 
134, 
112, 
72, 
56, 
-22, 
18, 
82, 
50, 
106, 
100, 
84, 
38, 
36, 
12, 
42, 
-14, 
48, 
40, 
60, 
-24, 
-62, 
-48, 
-34, 
-116, 
-56, 
-52, 
-12, 
-2, 
-6, 
-34, 
48, 
62, 
32, 
-12, 
-48, 
-54, 
-108, 
-88, 
-122, 
-116, 
-130, 
-132, 
-36, 
-64, 
-88, 
44, 
-4, 
46, 
32, 
96, 
74, 
70, 
76, 
84, 
26, 
74, 
20, 
-2, 
26, 
58, 
-10, 
26, 
-6, 
-6, 
-14, 
-46, 
-120, 
-130, 
-130, 
-98, 
-54, 
-96, 
-66, 
38, 
14, 
60, 
10, 
100, 
118, 
28, 
-24, 
-56, 
-80, 
-58, 
8, 
56, 
90, 
62, 
32, 
72, 
50, 
36, 
-12, 
-66, 
-130, 
-92, 
-66, 
-22, 
30, 
14, 
86, 
76, 
158, 
102, 
96, 
120, 
24, 
20, 
-48, 
-62, 
-116, 
-32, 
-46, 
6, 
-48, 
-118, 
-142, 
-66, 
-96, 
-132, 
-84, 
-146, 
-88, 
-156, 
-106, 
-122, 
-80, 
-68, 
-128, 
-102, 
-32, 
-44, 
-48, 
-66, 
-122, 
16, 
78, 
4, 
-78, 
-90, 
-50, 
-22, 
8, 
-8, 
-32, 
-82, 
-62, 
-8, 
46, 
-6, 
52, 
78, 
38, 
128, 
90, 
18, 
2, 
64, 
116, 
108, 
60, 
46, 
60, 
12, 
20, 
-44, 
-42, 
-54, 
10, 
38, 
2, 
22, 
-32, 
-8, 
4, 
20, 
84, 
136, 
116, 
82, 
98, 
0, 
-94, 
-162, 
-84, 
18, 
70, 
58, 
16, 
6, 
20, 
-12, 
32, 
68, 
102, 
70, 
64, 
-4, 
44, 
-24, 
-116, 
-98, 
-66, 
6, 
26, 
28, 
-16, 
-54, 
4, 
36, 
6, 
-50, 
-68, 
-40, 
36, 
-4, 
-50, 
24, 
90, 
92, 
104, 
96, 
4, 
6, 
50, 
0, 
-50, 
-52, 
-50, 
-82, 
-126, 
-86, 
-28, 
-64, 
10, 
16, 
20, 
62, 
-22, 
-70, 
-140, 
-118, 
-108, 
-26, 
42, 
-8, 
-48, 
36, 
6, 
-44, 
-34, 
-48, 
-72, 
-26, 
24, 
40, 
40, 
2, 
46, 
8, 
-58, 
-114, 
-92, 
-100, 
-120, 
-148, 
-82, 
-68, 
-30, 
-76, 
-120, 
-44, 
-52, 
-44, 
-30, 
-74, 
-110, 
-76, 
4, 
-36, 
-48, 
-26, 
-68, 
-24, 
16, 
-36, 
-44, 
-86, 
-134, 
32, 
-10, 
-18, 
24, 
28, 
-18, 
14, 
-16, 
62, 
56, 
32, 
18, 
52, 
-18, 
-46, 
-8, 
-22, 
0, 
86, 
50, 
40, 
16, 
8, 
42, 
16, 
42, 
-26, 
-30, 
26, 
76, 
44, 
-22, 
-76, 
-110, 
-50, 
-72, 
-66, 
-76, 
-44, 
-32, 
-76, 
-108, 
-74, 
-112, 
-48, 
6, 
-64, 
-170, 
-92, 
-106, 
-70, 
-54, 
-68, 
-36, 
-30, 
54, 
24, 
-22, 
28, 
68, 
34, 
26, 
4, 
-16, 
60, 
8, 
-48, 
-60, 
-58, 
-40, 
-8, 
-38, 
46, 
-4, 
60, 
10, 
-50, 
-46, 
-12, 
-64, 
6, 
4, 
-4, 
-30, 
-6, 
-18, 
50, 
98, 
84, 
32, 
2, 
20, 
30, 
-8, 
-28, 
-40, 
-46, 
-22, 
40, 
-54, 
-74, 
-20, 
36, 
92, 
48, 
116, 
122, 
66, 
42, 
26, 
90, 
64, 
44, 
58, 
52, 
88, 
196, 
204, 
176, 
132, 
38, 
-96, 
-66, 
-80, 
-128, 
-124, 
-104, 
-90, 
10, 
88, 
112, 
154, 
138, 
50, 
46, 
76, 
60, 
24, 
-12, 
-50, 
-18, 
26, 
-4, 
22, 
112, 
136, 
122, 
80, 
16, 
-22, 
-68, 
-76, 
-88, 
-72, 
-58, 
-22, 
4, 
-12, 
-30, 
-128, 
-116, 
-66, 
-8, 
22, 
16, 
-18, 
-2, 
4, 
-22, 
-38, 
-54, 
-56, 
-106, 
-30, 
-50, 
-74, 
-26, 
34, 
-12, 
48, 
72, 
40, 
26, 
26, 
62, 
44, 
4, 
28, 
28, 
46, 
-20, 
-86, 
-96, 
-156, 
-94, 
-114, 
-46, 
-50, 
-122, 
-108, 
-172, 
-88, 
-2, 
42, 
82, 
22, 
68, 
152, 
154, 
132, 
60, 
44, 
-32, 
-8, 
-54, 
-96, 
-118, 
-96, 
-80, 
-40, 
-10, 
-48, 
-30, 
42, 
-78, 
-60, 
-20, 
16, 
-12, 
-68, 
-148, 
-102, 
-54, 
-32, 
66, 
8, 
114, 
36, 
30, 
-4, 
-8, 
30, 
-24, 
-8, 
12, 
-56, 
-46, 
4, 
-10, 
-24, 
-20, 
24, 
70, 
142, 
116, 
78, 
96, 
28, 
-34, 
-8, 
84, 
104, 
72, 
12, 
48, 
56, 
86, 
88, 
70, 
44, 
4, 
-78, 
-86, 
-36, 
-32, 
-36, 
14, 
-42, 
-70, 
-68, 
-26, 
-58, 
-4, 
64, 
52, 
-8, 
54, 
118, 
120, 
94, 
46, 
16, 
32, 
10, 
32, 
20, 
2, 
-42, 
-62, 
-34, 
-40, 
16, 
58, 
58, 
184, 
164, 
112, 
184, 
166, 
88, 
104, 
188, 
156, 
76, 
30, 
34, 
92, 
32, 
12, 
16, 
-28, 
16, 
-22, 
-18, 
-60, 
-68, 
-10, 
-46, 
-18, 
-14, 
26, 
-50, 
-42, 
2, 
8, 
70, 
-6, 
-84, 
48, 
40, 
46, 
-6, 
70, 
58, 
54, 
62, 
56, 
146, 
88, 
32, 
34, 
40, 
-32, 
-72, 
-92, 
-32, 
-78, 
-138, 
-86, 
-34, 
-8, 
-42, 
24, 
-50, 
-46, 
-10, 
-6, 
56, 
86, 
138, 
90, 
80, 
84, 
56, 
-46, 
-46, 
26, 
20, 
-2, 
-70, 
10, 
56, 
26, 
4, 
2, 
0, 
94, 
34, 
-56, 
8, 
-34, 
-10, 
-20, 
-74, 
8, 
42, 
-92, 
-86, 
-90, 
-136, 
-42, 
-12, 
28, 
6, 
24, 
28, 
48, 
76, 
76, 
62, 
22, 
64, 
116, 
162, 
140, 
152, 
162, 
136, 
58, 
48, 
84, 
106, 
94, 
2, 
-66, 
-68, 
-58, 
-84, 
-22, 
-46, 
-20, 
-54, 
-100, 
-140, 
-78, 
-82, 
-68, 
-24, 
-80, 
-122, 
-142, 
-108, 
-148, 
-124, 
-44, 
8, 
12, 
-10, 
-56, 
-110, 
-62, 
-52, 
-60, 
-58, 
-48, 
-72, 
-104, 
-34, 
48, 
32, 
-16, 
28, 
88, 
6, 
-42, 
-70, 
-50, 
-44, 
-90, 
-192, 
-136, 
-114, 
-108, 
-144, 
-178, 
-48, 
-142, 
-142, 
-108, 
-44, 
2, 
62, 
-16, 
-28, 
26, 
-50, 
-20, 
-20, 
76, 
6, 
-4, 
6, 
42, 
118, 
108, 
94, 
42, 
46, 
-18, 
4, 
-36, 
18, 
40, 
-32, 
-24, 
-50, 
-68, 
-52, 
-102, 
-102, 
-38, 
28, 
12, 
-44, 
-70, 
-94, 
-18, 
60, 
2, 
10, 
-24, 
-16, 
-88, 
-94, 
-30, 
-36, 
-82, 
-70, 
-102, 
-66, 
-32, 
14, 
-2, 
12, 
-82, 
-78, 
-46, 
2, 
78, 
30, 
34, 
32, 
4, 
-20, 
24, 
38, 
34, 
76, 
60, 
26, 
24, 
40, 
86, 
72, 
-26, 
18, 
22, 
-88, 
-40, 
-42, 
14, 
10, 
-14, 
44, 
46, 
-12, 
100, 
102, 
42, 
-30, 
22, 
16, 
2, 
16, 
-10, 
-52, 
-56, 
-10, 
16, 
78, 
-16, 
80, 
96, 
48, 
-2, 
34, 
34, 
34, 
28, 
-22, 
-78, 
-20, 
-46, 
-54, 
-6, 
4, 
80, 
82, 
26, 
4, 
10, 
18, 
6, 
18, 
18, 
18, 
44, 
26, 
-46, 
-54, 
20, 
4, 
54, 
106, 
88, 
60, 
28, 
60, 
64, 
28, 
2, 
-78, 
-60, 
-54, 
-30, 
24, 
50, 
56, 
-26, 
26, 
78, 
52, 
14, 
0, 
-6, 
-76, 
-132, 
-76, 
-48, 
-22, 
86, 
116, 
12, 
-26, 
24, 
-18, 
-106, 
-56, 
-64, 
12, 
60, 
88, 
44, 
94, 
68, 
30, 
-90, 
-48, 
-88, 
-114, 
-156, 
-162, 
-156, 
-108, 
-16, 
-66, 
-6, 
-18, 
6, 
-10, 
-68, 
8, 
74, 
76, 
32, 
2, 
-18, 
76, 
10, 
-96, 
-88, 
-94, 
-106, 
-66, 
-152, 
-114, 
-118, 
-78, 
-66, 
-70, 
-112, 
-42, 
-50, 
-16, 
-6, 
40, 
34, 
-44, 
-36, 
-76, 
-26, 
102, 
32, 
-98, 
-82, 
-46, 
-96, 
-32, 
-4, 
-44, 
-4, 
28, 
22, 
64, 
96, 
48, 
38, 
78, 
82, 
44, 
-4, 
-48, 
-16, 
-18, 
-42, 
-54, 
-36, 
-16, 
20, 
-2, 
-46, 
-22, 
34, 
40, 
-32, 
-74, 
-10, 
28, 
-22, 
-62, 
-56, 
-92, 
-90, 
-120, 
-130, 
-86, 
-56, 
-16, 
-60, 
-124, 
-106, 
-50, 
6, 
-34, 
-68, 
-34, 
-32, 
26, 
84, 
48, 
58, 
106, 
196, 
146, 
166, 
-12, 
34, 
38, 
-54, 
-78, 
-176, 
-122, 
-92, 
-104, 
-156, 
-128, 
-90, 
-98, 
-20, 
-58, 
-56, 
-118, 
-80, 
-34, 
-10, 
32, 
6, 
-32, 
50, 
40, 
12, 
-68, 
-22, 
-74, 
-102, 
-56, 
-86, 
-4, 
-16, 
-22, 
42, 
-36, 
-6, 
4, 
-54, 
-56, 
-70, 
-76, 
-24, 
-18, 
68, 
68, 
-28, 
-48, 
-80, 
-58, 
-26, 
-90, 
-6, 
-26, 
78, 
12, 
114, 
90, 
12, 
-2, 
-30, 
-96, 
-80, 
-52, 
-60, 
-44, 
-98, 
-40, 
18, 
76, 
102, 
28, 
50, 
44, 
-100, 
-74, 
-18, 
-60, 
-26, 
-68, 
-134, 
-96, 
-22, 
-20, 
-34, 
-40, 
-10, 
-42, 
-46, 
-74, 
-86, 
-154, 
-200, 
-180, 
-156, 
-68, 
-128, 
-122, 
-246, 
-202, 
-104, 
-90, 
-128, 
-132, 
-122, 
-26, 
-46, 
-40, 
-102, 
42, 
36, 
14, 
48, 
108, 
106, 
42, 
14, 
6, 
10, 
-30, 
-64, 
2, 
6, 
12, 
-10, 
-20, 
-2, 
-30, 
-38, 
28, 
18, 
-36, 
16, 
24, 
76, 
44, 
-4, 
-54, 
-86, 
-60, 
-84, 
-122, 
-6, 
-14, 
-40, 
-184, 
-184, 
-152, 
-82, 
-106, 
-94, 
-48, 
6, 
2, 
4, 
54, 
30, 
-90, 
-94, 
-98, 
-136, 
-132, 
-130, 
-78, 
-64, 
-36, 
68, 
16, 
-2, 
-22, 
2, 
4, 
8, 
88, 
50, 
32, 
90, 
40, 
94, 
78, 
-18, 
22, 
160, 
134, 
66, 
-40, 
-46, 
-58, 
32, 
56, 
-4, 
-42, 
-10, 
-8, 
12, 
-72, 
-74, 
-134, 
-114, 
-96, 
-78, 
-128, 
-116, 
-114, 
-110, 
8, 
38, 
86, 
64, 
68, 
32, 
-28, 
-70, 
-60, 
-58, 
-50, 
52, 
44, 
24, 
4, 
-86, 
-104, 
-90, 
-76, 
-32, 
-16, 
-34, 
100, 
122, 
86, 
76, 
86, 
118, 
94, 
104, 
118, 
50, 
44, 
102, 
6, 
34, 
70, 
30, 
58, 
106, 
94, 
22, 
98, 
106, 
70, 
76, 
86, 
94, 
44, 
12, 
-76, 
-120, 
-134, 
-128, 
-36, 
-30, 
10, 
38, 
-24, 
28, 
80, 
10, 
30, 
48, 
62, 
64, 
30, 
8, 
-60, 
-70, 
-88, 
-24, 
-64, 
-84, 
-120, 
-28, 
-40, 
-72, 
-60, 
-16, 
10, 
6, 
-48, 
-78, 
-128, 
-62, 
-26, 
2, 
28, 
16, 
-94, 
-106, 
-42, 
-34, 
-86, 
-108, 
-126, 
-106, 
-78, 
-28, 
-6, 
-106, 
-24, 
16, 
10, 
18, 
-20, 
-18, 
20, 
72, 
98, 
116, 
114, 
76, 
70, 
-2, 
-20, 
-38, 
-32, 
10, 
24, 
122, 
72, 
-8, 
-12, 
18, 
90, 
146, 
106, 
66, 
42, 
88, 
92, 
82, 
78, 
54, 
96, 
60, 
54, 
34, 
-6, 
-76, 
-96, 
-20, 
-28, 
-86, 
-102, 
-72, 
-62, 
-50, 
-48, 
-60, 
-24, 
-106, 
-66, 
-32, 
20, 
42, 
32, 
-52, 
-66, 
0, 
28, 
52, 
22, 
78, 
16, 
-12, 
22, 
8, 
-16, 
-84, 
-70, 
-80, 
-46, 
28, 
28, 
14, 
36, 
34, 
-56, 
-80, 
-20, 
0, 
-86, 
-46, 
8, 
76, 
-6, 
-22, 
-116, 
-122, 
-66, 
-44, 
-6, 
-10, 
-4, 
62, 
146, 
138, 
68, 
-2, 
16, 
2, 
-18, 
18, 
48, 
110, 
92, 
26, 
26, 
52, 
10, 
36, 
56, 
-34, 
24, 
50, 
42, 
30, 
34, 
24, 
-12, 
-48, 
0, 
