138, 
186, 
240, 
254, 
258, 
272, 
292, 
316, 
332, 
366, 
372, 
398, 
398, 
394, 
398, 
398, 
400, 
396, 
396, 
400, 
400, 
398, 
398, 
400, 
400, 
398, 
400, 
400, 
398, 
398, 
400, 
396, 
400, 
396, 
394, 
400, 
396, 
398, 
396, 
400, 
398, 
400, 
398, 
398, 
400, 
394, 
400, 
394, 
390, 
398, 
398, 
398, 
400, 
400, 
396, 
398, 
398, 
396, 
398, 
396, 
396, 
400, 
398, 
398, 
398, 
396, 
396, 
398, 
396, 
400, 
400, 
398, 
400, 
398, 
400, 
400, 
400, 
400, 
394, 
394, 
398, 
396, 
398, 
396, 
396, 
400, 
396, 
400, 
400, 
398, 
394, 
394, 
398, 
398, 
394, 
398, 
396, 
394, 
394, 
392, 
398, 
400, 
392, 
398, 
400, 
400, 
398, 
398, 
400, 
394, 
398, 
400, 
400, 
394, 
400, 
400, 
398, 
400, 
394, 
400, 
396, 
394, 
400, 
398, 
398, 
400, 
398, 
398, 
400, 
400, 
398, 
396, 
400, 
398, 
400, 
398, 
400, 
398, 
400, 
400, 
394, 
396, 
392, 
390, 
396, 
396, 
390, 
398, 
396, 
392, 
398, 
400, 
400, 
400, 
398, 
400, 
400, 
400, 
400, 
400, 
400, 
398, 
400, 
398, 
396, 
398, 
400, 
400, 
400, 
396, 
400, 
400, 
400, 
398, 
398, 
398, 
398, 
396, 
400, 
400, 
398, 
394, 
400, 
396, 
400, 
398, 
400, 
396, 
400, 
400, 
398, 
400, 
400, 
400, 
400, 
398, 
398, 
396, 
398, 
400, 
398, 
394, 
400, 
398, 
400, 
398, 
398, 
398, 
398, 
400, 
396, 
396, 
398, 
398, 
400, 
400, 
400, 
394, 
400, 
400, 
398, 
398, 
394, 
398, 
398, 
398, 
398, 
396, 
394, 
394, 
396, 
400, 
398, 
396, 
392, 
394, 
400, 
398, 
400, 
400, 
398, 
400, 
400, 
400, 
400, 
398, 
398, 
398, 
398, 
400, 
398, 
400, 
398, 
398, 
398, 
398, 
400, 
400, 
400, 
396, 
400, 
400, 
390, 
398, 
394, 
400, 
400, 
398, 
400, 
398, 
398, 
394, 
396, 
396, 
400, 
392, 
394, 
396, 
400, 
400, 
396, 
398, 
394, 
394, 
392, 
394, 
396, 
400, 
400, 
398, 
400, 
400, 
398, 
396, 
398, 
400, 
398, 
400, 
400, 
396, 
400, 
400, 
398, 
394, 
400, 
400, 
400, 
400, 
400, 
400, 
394, 
400, 
400, 
396, 
398, 
400, 
400, 
400, 
400, 
398, 
400, 
398, 
396, 
400, 
400, 
400, 
400, 
398, 
396, 
396, 
400, 
400, 
400, 
398, 
400, 
400, 
398, 
398, 
398, 
394, 
400, 
400, 
398, 
400, 
392, 
396, 
400, 
398, 
390, 
396, 
398, 
400, 
400, 
400, 
398, 
398, 
400, 
400, 
400, 
398, 
390, 
396, 
398, 
400, 
400, 
400, 
398, 
400, 
400, 
394, 
398, 
396, 
398, 
400, 
400, 
400, 
400, 
398, 
400, 
400, 
398, 
400, 
396, 
394, 
400, 
398, 
398, 
394, 
400, 
392, 
394, 
392, 
400, 
396, 
396, 
400, 
398, 
396, 
396, 
398, 
400, 
398, 
400, 
398, 
400, 
400, 
398, 
394, 
396, 
398, 
398, 
394, 
396, 
396, 
400, 
398, 
400, 
400, 
398, 
396, 
394, 
398, 
400, 
396, 
400, 
398, 
400, 
398, 
394, 
400, 
400, 
400, 
400, 
398, 
398, 
398, 
398, 
400, 
400, 
400, 
400, 
398, 
398, 
400, 
396, 
400, 
396, 
394, 
400, 
400, 
400, 
398, 
396, 
398, 
400, 
400, 
400, 
400, 
394, 
394, 
400, 
400, 
398, 
400, 
394, 
400, 
396, 
398, 
398, 
394, 
392, 
392, 
400, 
396, 
398, 
400, 
396, 
400, 
398, 
396, 
398, 
398, 
398, 
396, 
400, 
400, 
400, 
396, 
400, 
400, 
400, 
400, 
396, 
400, 
398, 
400, 
398, 
400, 
398, 
398, 
398, 
398, 
400, 
400, 
396, 
396, 
400, 
400, 
398, 
394, 
400, 
400, 
400, 
398, 
398, 
400, 
398, 
396, 
398, 
400, 
398, 
400, 
400, 
396, 
400, 
400, 
398, 
398, 
400, 
400, 
400, 
400, 
398, 
398, 
400, 
396, 
396, 
398, 
400, 
400, 
400, 
398, 
400, 
398, 
400, 
398, 
398, 
396, 
398, 
400, 
392, 
392, 
400, 
400, 
400, 
398, 
400, 
398, 
396, 
398, 
398, 
400, 
396, 
400, 
398, 
400, 
398, 
394, 
394, 
400, 
396, 
388, 
394, 
396, 
400, 
398, 
398, 
400, 
396, 
400, 
398, 
396, 
398, 
400, 
398, 
398, 
396, 
400, 
398, 
396, 
398, 
398, 
398, 
400, 
400, 
396, 
398, 
400, 
398, 
398, 
400, 
398, 
396, 
400, 
396, 
400, 
398, 
398, 
398, 
398, 
398, 
398, 
398, 
396, 
398, 
400, 
400, 
398, 
398, 
396, 
400, 
400, 
400, 
394, 
400, 
400, 
400, 
400, 
398, 
398, 
400, 
400, 
394, 
400, 
400, 
400, 
400, 
400, 
400, 
396, 
398, 
398, 
400, 
400, 
396, 
400, 
400, 
392, 
400, 
400, 
396, 
396, 
400, 
396, 
396, 
398, 
400, 
398, 
400, 
398, 
400, 
400, 
400, 
398, 
400, 
396, 
398, 
390, 
398, 
400, 
400, 
398, 
398, 
396, 
396, 
400, 
400, 
392, 
392, 
400, 
398, 
400, 
400, 
398, 
398, 
396, 
398, 
400, 
400, 
400, 
400, 
398, 
396, 
398, 
398, 
400, 
400, 
396, 
398, 
400, 
400, 
400, 
394, 
400, 
396, 
398, 
398, 
396, 
398, 
398, 
400, 
400, 
398, 
398, 
398, 
400, 
398, 
398, 
398, 
396, 
398, 
394, 
400, 
394, 
392, 
392, 
398, 
398, 
400, 
400, 
396, 
392, 
400, 
400, 
400, 
394, 
394, 
400, 
384, 
380, 
388, 
398, 
396, 
400, 
400, 
394, 
396, 
396, 
394, 
394, 
398, 
398, 
394, 
398, 
392, 
400, 
398, 
400, 
396, 
394, 
398, 
398, 
400, 
400, 
400, 
398, 
400, 
394, 
400, 
396, 
398, 
394, 
398, 
400, 
398, 
392, 
398, 
398, 
398, 
398, 
400, 
400, 
392, 
398, 
398, 
400, 
396, 
392, 
394, 
398, 
394, 
398, 
394, 
396, 
400, 
398, 
400, 
394, 
396, 
400, 
398, 
398, 
398, 
400, 
400, 
394, 
400, 
396, 
400, 
398, 
398, 
398, 
400, 
398, 
392, 
400, 
396, 
400, 
398, 
400, 
400, 
400, 
398, 
396, 
398, 
396, 
398, 
398, 
400, 
396, 
398, 
400, 
400, 
400, 
398, 
394, 
400, 
400, 
400, 
400, 
400, 
398, 
400, 
396, 
398, 
394, 
400, 
396, 
398, 
400, 
398, 
400, 
396, 
398, 
400, 
392, 
398, 
398, 
398, 
396, 
400, 
400, 
400, 
398, 
396, 
400, 
400, 
396, 
394, 
400, 
396, 
398, 
400, 
400, 
396, 
398, 
400, 
396, 
398, 
396, 
400, 
400, 
398, 
396, 
398, 
398, 
398, 
394, 
400, 
400, 
398, 
398, 
398, 
398, 
400, 
400, 
400, 
400, 
398, 
396, 
396, 
400, 
398, 
398, 
394, 
398, 
400, 
400, 
394, 
386, 
400, 
398, 
400, 
392, 
394, 
396, 
400, 
398, 
396, 
398, 
400, 
400, 
392, 
398, 
398, 
394, 
400, 
394, 
396, 
398, 
400, 
396, 
394, 
400, 
396, 
396, 
398, 
392, 
398, 
396, 
400, 
398, 
396, 
400, 
388, 
398, 
400, 
400, 
398, 
400, 
400, 
396, 
398, 
400, 
394, 
396, 
400, 
398, 
400, 
384, 
388, 
398, 
400, 
398, 
400, 
400, 
398, 
400, 
398, 
400, 
400, 
398, 
400, 
398, 
398, 
398, 
400, 
394, 
398, 
398, 
398, 
398, 
398, 
394, 
398, 
398, 
396, 
398, 
398, 
400, 
396, 
400, 
394, 
400, 
400, 
400, 
400, 
400, 
398, 
398, 
398, 
