-58, 
-78, 
-88, 
-96, 
-96, 
-138, 
-154, 
-194, 
-188, 
-194, 
-184, 
-220, 
-204, 
-184, 
-170, 
-176, 
-172, 
-164, 
-180, 
-176, 
-194, 
-192, 
-190, 
-176, 
-176, 
-148, 
-140, 
-132, 
-150, 
-150, 
-158, 
-162, 
-160, 
-176, 
-154, 
-138, 
-156, 
-134, 
-124, 
-132, 
-136, 
-144, 
-146, 
-162, 
-176, 
-198, 
-200, 
-214, 
-220, 
-212, 
-224, 
-246, 
-230, 
-234, 
-236, 
-228, 
-240, 
-240, 
-258, 
-266, 
-256, 
-292, 
-332, 
-334, 
-334, 
-350, 
-364, 
-358, 
-358, 
-364, 
-370, 
-380, 
-386, 
-392, 
-388, 
-390, 
-384, 
-382, 
-378, 
-378, 
-376, 
-382, 
-386, 
-368, 
-390, 
-384, 
-390, 
-386, 
-368, 
-368, 
-368, 
-372, 
-382, 
-374, 
-370, 
-362, 
-366, 
-354, 
-368, 
-378, 
-384, 
-388, 
-388, 
-390, 
-390, 
-384, 
-374, 
-380, 
-378, 
-384, 
-382, 
-386, 
-378, 
-378, 
-390, 
-386, 
-378, 
-392, 
-390, 
-382, 
-388, 
-386, 
-390, 
-388, 
-392, 
-396, 
-394, 
-388, 
-378, 
-388, 
-384, 
-388, 
-382, 
-382, 
-382, 
-388, 
-384, 
-384, 
-382, 
-394, 
-386, 
-390, 
-384, 
-376, 
-376, 
-376, 
-382, 
-384, 
-384, 
-380, 
-376, 
-370, 
-372, 
-370, 
-372, 
-374, 
-370, 
-378, 
-372, 
-378, 
-382, 
-382, 
-388, 
-390, 
-388, 
-398, 
-394, 
-386, 
-382, 
-384, 
-370, 
-378, 
-384, 
-388, 
-386, 
-388, 
-386, 
-390, 
-392, 
-374, 
-370, 
-356, 
-354, 
-368, 
-370, 
-380, 
-372, 
-378, 
-370, 
-376, 
-380, 
-368, 
-376, 
-364, 
-378, 
-384, 
-380, 
-390, 
-386, 
-384, 
-390, 
-392, 
-390, 
-394, 
-388, 
-390, 
-392, 
-382, 
-382, 
-388, 
-380, 
-370, 
-362, 
-374, 
-380, 
-378, 
-374, 
-390, 
-390, 
-388, 
-382, 
-392, 
-398, 
-390, 
-386, 
-394, 
-392, 
-388, 
-396, 
-390, 
-382, 
-372, 
-380, 
-386, 
-394, 
-390, 
-388, 
-374, 
-386, 
-392, 
-386, 
-392, 
-390, 
-382, 
-386, 
-380, 
-380, 
-370, 
-378, 
-398, 
-390, 
-390, 
-388, 
-386, 
-376, 
-368, 
-364, 
-372, 
-378, 
-362, 
-378, 
-380, 
-380, 
-388, 
-396, 
-396, 
-398, 
-390, 
-392, 
-392, 
-396, 
-388, 
-394, 
-394, 
-390, 
-392, 
-398, 
-388, 
-378, 
-388, 
-392, 
-386, 
-380, 
-392, 
-386, 
-392, 
-392, 
-390, 
-374, 
-374, 
-372, 
-378, 
-386, 
-396, 
-398, 
-392, 
-392, 
-394, 
-396, 
-396, 
-390, 
-384, 
-384, 
-384, 
-386, 
-386, 
-386, 
-376, 
-364, 
-376, 
-376, 
-370, 
-352, 
-356, 
-354, 
-358, 
-358, 
-378, 
-388, 
-386, 
-390, 
-392, 
-392, 
-390, 
-394, 
-382, 
-372, 
-370, 
-376, 
-376, 
-370, 
-370, 
-382, 
-382, 
-382, 
-372, 
-362, 
-358, 
-366, 
-374, 
-376, 
-382, 
-386, 
-392, 
-396, 
-394, 
-386, 
-394, 
-392, 
-388, 
-388, 
-392, 
-372, 
-382, 
-382, 
-364, 
-370, 
-348, 
-350, 
-346, 
-350, 
-336, 
-330, 
-350, 
-364, 
-380, 
-380, 
-392, 
-376, 
-382, 
-378, 
-390, 
-390, 
-388, 
-388, 
-386, 
-386, 
-380, 
-378, 
-378, 
-386, 
-390, 
-382, 
-372, 
-378, 
-368, 
-358, 
-370, 
-366, 
-360, 
-360, 
-364, 
-366, 
-372, 
-374, 
-378, 
-364, 
-364, 
-380, 
-364, 
-382, 
-380, 
-386, 
-388, 
-390, 
-390, 
-386, 
-378, 
-384, 
-376, 
-374, 
-388, 
-376, 
-386, 
-390, 
-388, 
-390, 
-384, 
-386, 
-386, 
-384, 
-396, 
-392, 
-384, 
-370, 
-392, 
-396, 
-400, 
-388, 
-388, 
-378, 
-388, 
-382, 
-380, 
-382, 
-386, 
-382, 
-378, 
-374, 
-370, 
-366, 
-380, 
-390, 
-388, 
-380, 
-384, 
-390, 
-386, 
-394, 
-396, 
-396, 
-386, 
-390, 
-396, 
-396, 
-386, 
-380, 
-384, 
-390, 
-394, 
-394, 
-396, 
-390, 
-386, 
-390, 
-390, 
-378, 
-376, 
-372, 
-390, 
-394, 
-382, 
-390, 
-378, 
-382, 
-384, 
-374, 
-378, 
-384, 
-394, 
-384, 
-384, 
-384, 
-380, 
-386, 
-386, 
-386, 
-380, 
-392, 
-378, 
-386, 
-390, 
-392, 
-392, 
-390, 
-386, 
-386, 
-374, 
-386, 
-388, 
-378, 
-384, 
-378, 
-374, 
-370, 
-380, 
-386, 
-378, 
-390, 
-392, 
-390, 
-392, 
-390, 
-382, 
-376, 
-378, 
-382, 
-370, 
-362, 
-368, 
-388, 
-388, 
-386, 
-380, 
-386, 
-388, 
-398, 
-384, 
-372, 
-380, 
-392, 
-386, 
-388, 
-390, 
-374, 
-378, 
-388, 
-388, 
-382, 
-398, 
-388, 
-394, 
-388, 
-386, 
-398, 
-390, 
-386, 
-386, 
-386, 
-394, 
-388, 
-380, 
-382, 
-386, 
-390, 
-384, 
-386, 
-392, 
-386, 
-390, 
-376, 
-376, 
-378, 
-364, 
-372, 
-368, 
-384, 
-392, 
-394, 
-388, 
-388, 
-388, 
-390, 
-398, 
-394, 
-388, 
-394, 
-386, 
-386, 
-384, 
-392, 
-394, 
-386, 
-376, 
-394, 
-390, 
-394, 
-400, 
-390, 
-384, 
-380, 
-368, 
-374, 
-366, 
-386, 
-396, 
-396, 
-390, 
-374, 
-386, 
-386, 
-382, 
-396, 
-398, 
-394, 
-388, 
-392, 
-392, 
-380, 
-388, 
-382, 
-376, 
-376, 
-380, 
-378, 
-374, 
-384, 
-376, 
-382, 
-378, 
-374, 
-368, 
-360, 
-372, 
-386, 
-384, 
-380, 
-394, 
-392, 
-384, 
-386, 
-396, 
-392, 
-392, 
-388, 
-394, 
-384, 
-394, 
-390, 
-392, 
-388, 
-382, 
-382, 
-396, 
-392, 
-388, 
-380, 
-384, 
-382, 
-388, 
-394, 
-398, 
-392, 
-388, 
-378, 
-376, 
-386, 
-384, 
-384, 
-388, 
-384, 
-382, 
-380, 
-382, 
-380, 
-382, 
-368, 
-380, 
-382, 
-380, 
-376, 
-378, 
-382, 
-378, 
-384, 
-390, 
-384, 
-380, 
-384, 
-390, 
-390, 
-384, 
-396, 
-392, 
-388, 
-392, 
-392, 
-388, 
-384, 
-372, 
-380, 
-388, 
-384, 
-382, 
-378, 
-382, 
-382, 
-384, 
-386, 
-386, 
-390, 
-372, 
-380, 
-380, 
-368, 
-378, 
-378, 
-388, 
-382, 
-384, 
-382, 
-388, 
-394, 
-384, 
-378, 
-384, 
-396, 
-380, 
-374, 
-380, 
-382, 
-392, 
-392, 
-386, 
-388, 
-390, 
-394, 
-394, 
-398, 
-392, 
-390, 
-386, 
-388, 
-376, 
-380, 
-380, 
-376, 
-364, 
-366, 
-380, 
-376, 
-386, 
-380, 
-362, 
-380, 
-386, 
-372, 
-380, 
-378, 
-384, 
-384, 
-382, 
-374, 
-380, 
-376, 
-376, 
-376, 
-372, 
-382, 
-382, 
-374, 
-378, 
-380, 
-382, 
-386, 
-388, 
-390, 
-386, 
-376, 
-374, 
-380, 
-372, 
-378, 
-370, 
-376, 
-372, 
-380, 
-382, 
-374, 
-384, 
-388, 
-386, 
-396, 
-400, 
-392, 
-378, 
-386, 
-370, 
-376, 
-386, 
-392, 
-386, 
-386, 
-390, 
-390, 
-386, 
-390, 
-392, 
-390, 
-392, 
-392, 
-394, 
-380, 
-382, 
-386, 
-384, 
-382, 
-384, 
-384, 
-380, 
-386, 
-394, 
-390, 
-378, 
-386, 
-394, 
-396, 
-382, 
-382, 
-378, 
-376, 
-384, 
-380, 
-382, 
-396, 
-396, 
-390, 
-390, 
-390, 
-394, 
-384, 
-386, 
-386, 
-386, 
-386, 
-378, 
-380, 
-386, 
-390, 
-378, 
-376, 
-380, 
-368, 
-374, 
-368, 
-370, 
-372, 
-380, 
-378, 
-370, 
-380, 
-386, 
-386, 
-374, 
-380, 
-380, 
-388, 
-390, 
-382, 
-372, 
-382, 
-368, 
-368, 
-350, 
-356, 
-360, 
-368, 
-374, 
-376, 
-368, 
-378, 
-388, 
-382, 
-388, 
-390, 
-382, 
-374, 
-380, 
-382, 
-388, 
-388, 
-388, 
-386, 
-390, 
-386, 
-396, 
-390, 
-392, 
-392, 
-392, 
-378, 
-372, 
-356, 
-340, 
-338, 
-342, 
-340, 
-364, 
-362, 
-372, 
-382, 
-390, 
-392, 
-394, 
-390, 
-388, 
-380, 
-386, 
-384, 
-388, 
-382, 
-386, 
-392, 
-376, 
-386, 
-384, 
-384, 
-384, 
-380, 
-378, 
-378, 
-366, 
-368, 
-362, 
-372, 
-382, 
-392, 
-382, 
-382, 
-374, 
-378, 
-380, 
-382, 
-386, 
-388, 
-390, 
-394, 
-392, 
-384, 
-388, 
-386, 
-392, 
-392, 
-386, 
-382, 
-382, 
-380, 
-388, 
-392, 
-390, 
-388, 
-374, 
-372, 
-370, 
-368, 
-376, 
-384, 
-380, 
-380, 
-386, 
-388, 
-378, 
-376, 
-388, 
-388, 
-380, 
-384, 
-378, 
-390, 
-376, 
-368, 
-368, 
-376, 
-372, 
-368, 
-364, 
-388, 
-384, 
-386, 
-380, 
-386, 
-382, 
-384, 
-388, 
-388, 
-384, 
-390, 
-388, 
-380, 
-376, 
-388, 
-392, 
-388, 
-392, 
-396, 
-392, 
-394, 
-392, 
-392, 
-388, 
-390, 
