-46, 
-76, 
-102, 
-98, 
-100, 
-94, 
-90, 
-84, 
-86, 
-64, 
-102, 
-102, 
-86, 
-70, 
-84, 
-94, 
-52, 
-58, 
-56, 
-60, 
-64, 
-52, 
-68, 
-50, 
-48, 
-38, 
-22, 
-10, 
8, 
-14, 
-32, 
-30, 
-56, 
-66, 
-66, 
-70, 
-48, 
-48, 
-44, 
-44, 
-20, 
-26, 
-6, 
-8, 
-24, 
-36, 
-40, 
-46, 
-54, 
-40, 
-50, 
-60, 
-34, 
-30, 
-20, 
-28, 
-34, 
-38, 
-34, 
-12, 
-14, 
-2, 
-18, 
-10, 
0, 
4, 
0, 
-14, 
-12, 
6, 
4, 
8, 
42, 
10, 
14, 
2, 
-18, 
6, 
12, 
16, 
12, 
-4, 
0, 
0, 
-16, 
-20, 
-34, 
-32, 
-34, 
-44, 
-38, 
-42, 
-46, 
-64, 
-80, 
-84, 
-82, 
-82, 
-90, 
-82, 
-98, 
-100, 
-104, 
-96, 
-84, 
-76, 
-60, 
-70, 
-90, 
-62, 
-58, 
-74, 
-60, 
-58, 
-58, 
-74, 
-86, 
-84, 
-80, 
-82, 
-80, 
-64, 
-52, 
-36, 
-8, 
-16, 
-18, 
-20, 
-18, 
-44, 
-44, 
-56, 
-62, 
-54, 
-60, 
-68, 
-76, 
-78, 
-52, 
-72, 
-80, 
-90, 
-108, 
-108, 
-110, 
-102, 
-108, 
-120, 
-126, 
-116, 
-96, 
-82, 
-70, 
-52, 
-62, 
-50, 
-46, 
-34, 
-54, 
-44, 
-40, 
-30, 
-32, 
-44, 
-22, 
-8, 
2, 
24, 
10, 
-10, 
0, 
0, 
-8, 
-8, 
-20, 
-30, 
-14, 
4, 
-10, 
14, 
14, 
14, 
18, 
14, 
16, 
12, 
-10, 
-6, 
-20, 
0, 
-4, 
20, 
44, 
56, 
60, 
66, 
96, 
90, 
92, 
102, 
88, 
80, 
74, 
58, 
70, 
56, 
60, 
48, 
60, 
44, 
40, 
20, 
24, 
38, 
24, 
26, 
36, 
16, 
22, 
14, 
8, 
8, 
4, 
8, 
6, 
-2, 
-14, 
2, 
-6, 
-8, 
2, 
2, 
-28, 
-14, 
-16, 
-20, 
-16, 
-6, 
-2, 
-22, 
-18, 
0, 
28, 
56, 
50, 
38, 
38, 
30, 
12, 
28, 
62, 
80, 
88, 
76, 
62, 
52, 
14, 
26, 
20, 
8, 
32, 
46, 
72, 
74, 
70, 
48, 
54, 
62, 
64, 
56, 
36, 
54, 
38, 
44, 
34, 
62, 
66, 
46, 
70, 
76, 
80, 
84, 
76, 
88, 
104, 
92, 
100, 
92, 
112, 
102, 
102, 
100, 
122, 
130, 
140, 
134, 
126, 
154, 
172, 
168, 
168, 
150, 
150, 
142, 
170, 
172, 
158, 
138, 
136, 
146, 
156, 
182, 
204, 
212, 
200, 
198, 
192, 
202, 
210, 
224, 
232, 
222, 
250, 
252, 
266, 
258, 
260, 
264, 
252, 
260, 
248, 
240, 
266, 
262, 
260, 
272, 
270, 
246, 
250, 
232, 
236, 
238, 
260, 
246, 
256, 
242, 
264, 
270, 
280, 
282, 
288, 
308, 
318, 
350, 
346, 
360, 
372, 
368, 
360, 
360, 
376, 
364, 
378, 
388, 
394, 
392, 
392, 
382, 
388, 
394, 
398, 
394, 
398, 
398, 
398, 
394, 
396, 
400, 
396, 
396, 
390, 
392, 
394, 
396, 
392, 
390, 
384, 
386, 
394, 
392, 
396, 
392, 
394, 
396, 
390, 
392, 
394, 
390, 
384, 
388, 
386, 
392, 
392, 
392, 
386, 
390, 
394, 
388, 
382, 
386, 
386, 
384, 
364, 
370, 
376, 
378, 
396, 
390, 
388, 
392, 
390, 
390, 
386, 
392, 
390, 
392, 
396, 
384, 
388, 
390, 
376, 
384, 
382, 
380, 
388, 
390, 
388, 
396, 
392, 
384, 
386, 
388, 
386, 
386, 
380, 
386, 
390, 
386, 
388, 
386, 
398, 
394, 
380, 
384, 
390, 
386, 
386, 
394, 
392, 
390, 
386, 
392, 
390, 
392, 
394, 
394, 
392, 
386, 
390, 
384, 
394, 
394, 
390, 
396, 
398, 
394, 
396, 
390, 
390, 
388, 
384, 
384, 
390, 
388, 
388, 
390, 
384, 
384, 
386, 
374, 
382, 
384, 
394, 
396, 
392, 
380, 
390, 
390, 
392, 
388, 
396, 
392, 
392, 
392, 
390, 
388, 
380, 
392, 
396, 
398, 
396, 
388, 
390, 
380, 
380, 
376, 
376, 
374, 
390, 
384, 
388, 
390, 
394, 
390, 
386, 
380, 
392, 
390, 
384, 
394, 
392, 
384, 
386, 
386, 
394, 
392, 
394, 
392, 
388, 
384, 
372, 
370, 
382, 
380, 
388, 
394, 
396, 
386, 
394, 
386, 
384, 
388, 
392, 
394, 
392, 
392, 
386, 
384, 
392, 
390, 
392, 
396, 
390, 
390, 
392, 
392, 
376, 
382, 
386, 
384, 
386, 
382, 
392, 
394, 
394, 
388, 
398, 
388, 
382, 
370, 
368, 
366, 
376, 
384, 
388, 
388, 
388, 
396, 
396, 
384, 
386, 
388, 
390, 
396, 
398, 
398, 
398, 
398, 
398, 
394, 
398, 
398, 
400, 
398, 
390, 
382, 
382, 
388, 
398, 
400, 
392, 
396, 
390, 
392, 
390, 
398, 
394, 
384, 
388, 
378, 
384, 
390, 
388, 
390, 
384, 
396, 
392, 
396, 
394, 
386, 
386, 
376, 
380, 
378, 
376, 
374, 
384, 
382, 
374, 
382, 
374, 
376, 
372, 
380, 
380, 
386, 
386, 
376, 
382, 
378, 
374, 
372, 
374, 
364, 
382, 
380, 
380, 
396, 
392, 
394, 
396, 
396, 
398, 
394, 
390, 
392, 
392, 
390, 
388, 
388, 
388, 
388, 
394, 
394, 
396, 
390, 
394, 
398, 
396, 
386, 
384, 
394, 
394, 
392, 
378, 
384, 
380, 
382, 
396, 
398, 
398, 
392, 
390, 
392, 
392, 
388, 
386, 
398, 
396, 
396, 
398, 
390, 
396, 
394, 
394, 
384, 
388, 
388, 
396, 
392, 
388, 
392, 
392, 
384, 
388, 
382, 
386, 
382, 
388, 
382, 
386, 
390, 
390, 
380, 
392, 
392, 
386, 
398, 
396, 
392, 
384, 
390, 
384, 
376, 
382, 
382, 
382, 
382, 
384, 
386, 
392, 
380, 
378, 
386, 
384, 
384, 
384, 
382, 
390, 
392, 
394, 
390, 
390, 
384, 
382, 
388, 
388, 
382, 
386, 
392, 
384, 
386, 
398, 
398, 
390, 
388, 
386, 
388, 
394, 
388, 
392, 
392, 
396, 
394, 
392, 
384, 
388, 
394, 
396, 
396, 
390, 
392, 
394, 
382, 
392, 
386, 
394, 
396, 
396, 
392, 
392, 
392, 
392, 
396, 
392, 
396, 
394, 
386, 
388, 
390, 
392, 
400, 
388, 
390, 
390, 
384, 
390, 
390, 
382, 
386, 
392, 
394, 
392, 
394, 
388, 
396, 
390, 
390, 
390, 
396, 
392, 
396, 
386, 
390, 
394, 
390, 
392, 
396, 
388, 
382, 
376, 
392, 
382, 
386, 
392, 
386, 
382, 
382, 
386, 
382, 
378, 
386, 
394, 
392, 
388, 
388, 
390, 
392, 
398, 
392, 
386, 
390, 
390, 
398, 
398, 
396, 
386, 
396, 
392, 
394, 
388, 
394, 
394, 
388, 
384, 
382, 
392, 
392, 
392, 
390, 
396, 
390, 
390, 
394, 
376, 
380, 
380, 
392, 
382, 
384, 
386, 
378, 
382, 
386, 
392, 
394, 
386, 
378, 
378, 
380, 
392, 
382, 
382, 
384, 
390, 
382, 
386, 
376, 
370, 
376, 
392, 
396, 
386, 
392, 
394, 
396, 
390, 
392, 
382, 
382, 
382, 
382, 
378, 
388, 
394, 
384, 
390, 
386, 
382, 
380, 
386, 
388, 
380, 
388, 
392, 
394, 
394, 
392, 
392, 
394, 
394, 
390, 
378, 
370, 
372, 
374, 
376, 
388, 
386, 
386, 
388, 
388, 
392, 
392, 
396, 
396, 
400, 
392, 
378, 
388, 
384, 
396, 
392, 
390, 
392, 
390, 
390, 
392, 
386, 
392, 
396, 
394, 
386, 
396, 
392, 
390, 
388, 
382, 
384, 
388, 
394, 
398, 
394, 
392, 
400, 
400, 
394, 
390, 
388, 
392, 
394, 
392, 
392, 
388, 
384, 
394, 
386, 
388, 
392, 
386, 
394, 
396, 
384, 
380, 
392, 
390, 
392, 
398, 
388, 
390, 
392, 
