-24, 
-14, 
-72, 
-48, 
-38, 
-16, 
-46, 
-42, 
-26, 
-30, 
-56, 
-82, 
-90, 
-108, 
-102, 
-96, 
-114, 
-96, 
-112, 
-86, 
-110, 
-98, 
-86, 
-116, 
-94, 
-166, 
-178, 
-170, 
-184, 
-190, 
-160, 
-150, 
-146, 
-148, 
-118, 
-116, 
-128, 
-136, 
-128, 
-146, 
-166, 
-182, 
-146, 
-174, 
-184, 
-226, 
-192, 
-178, 
-160, 
-166, 
-116, 
-112, 
-106, 
-118, 
-126, 
-104, 
-86, 
-46, 
-40, 
-34, 
-26, 
-48, 
-34, 
-38, 
18, 
46, 
70, 
90, 
118, 
128, 
80, 
104, 
132, 
150, 
164, 
128, 
132, 
112, 
104, 
110, 
100, 
86, 
78, 
56, 
100, 
84, 
90, 
72, 
78, 
86, 
40, 
22, 
18, 
16, 
88, 
28, 
20, 
10, 
2, 
-14, 
10, 
20, 
10, 
4, 
6, 
42, 
40, 
56, 
86, 
54, 
40, 
48, 
36, 
40, 
58, 
80, 
106, 
106, 
120, 
132, 
144, 
150, 
158, 
170, 
220, 
204, 
212, 
238, 
216, 
236, 
200, 
186, 
190, 
118, 
120, 
120, 
150, 
158, 
170, 
164, 
148, 
150, 
150, 
212, 
220, 
214, 
178, 
180, 
160, 
116, 
122, 
108, 
112, 
88, 
96, 
98, 
108, 
82, 
62, 
58, 
62, 
80, 
82, 
68, 
12, 
4, 
18, 
20, 
-2, 
-18, 
-12, 
16, 
24, 
24, 
10, 
-16, 
-2, 
20, 
38, 
18, 
10, 
24, 
16, 
8, 
-2, 
18, 
-22, 
-34, 
-48, 
-36, 
-4, 
-2, 
-14, 
-54, 
-52, 
-62, 
-48, 
-64, 
-64, 
-54, 
-44, 
-6, 
36, 
56, 
76, 
116, 
134, 
138, 
174, 
222, 
222, 
208, 
168, 
142, 
132, 
102, 
108, 
166, 
198, 
204, 
202, 
226, 
244, 
222, 
206, 
188, 
208, 
168, 
178, 
174, 
144, 
180, 
182, 
154, 
138, 
142, 
122, 
154, 
134, 
110, 
94, 
104, 
94, 
102, 
138, 
164, 
150, 
142, 
162, 
156, 
156, 
114, 
64, 
68, 
62, 
46, 
48, 
60, 
22, 
20, 
52, 
46, 
30, 
26, 
20, 
0, 
0, 
54, 
70, 
122, 
140, 
120, 
64, 
74, 
60, 
42, 
42, 
24, 
-42, 
-54, 
-58, 
-74, 
-64, 
-66, 
-90, 
-104, 
-72, 
-94, 
-98, 
-124, 
-110, 
-102, 
-86, 
-92, 
-106, 
-96, 
-102, 
-76, 
-128, 
-146, 
-138, 
-104, 
-106, 
-74, 
-82, 
-104, 
-84, 
-80, 
-80, 
-88, 
-78, 
-130, 
-152, 
-128, 
-146, 
-150, 
-186, 
-172, 
-156, 
-188, 
-166, 
-112, 
-116, 
-94, 
-92, 
-80, 
-80, 
-68, 
-64, 
-70, 
-72, 
-108, 
-144, 
-152, 
-176, 
-222, 
-260, 
-224, 
-234, 
-210, 
-240, 
-202, 
-176, 
-134, 
-150, 
-116, 
-148, 
-114, 
-122, 
-134, 
-138, 
-110, 
-104, 
-82, 
-48, 
-72, 
-112, 
-110, 
-98, 
-106, 
-80, 
-76, 
-84, 
-84, 
-60, 
-88, 
-88, 
-96, 
-136, 
-118, 
-138, 
-116, 
-78, 
-56, 
-50, 
-38, 
-16, 
-14, 
-4, 
2, 
-8, 
-56, 
-22, 
-14, 
30, 
80, 
94, 
78, 
58, 
40, 
32, 
40, 
42, 
32, 
28, 
10, 
-8, 
20, 
34, 
18, 
4, 
-36, 
-24, 
-38, 
-54, 
-44, 
-72, 
-62, 
-42, 
-24, 
-4, 
2, 
-10, 
-8, 
28, 
68, 
50, 
26, 
14, 
18, 
-26, 
0, 
48, 
38, 
32, 
34, 
10, 
-28, 
-40, 
-16, 
14, 
14, 
40, 
12, 
30, 
-6, 
12, 
48, 
36, 
68, 
76, 
62, 
66, 
54, 
52, 
22, 
78, 
62, 
50, 
60, 
80, 
100, 
128, 
156, 
146, 
154, 
132, 
130, 
144, 
114, 
92, 
80, 
72, 
88, 
92, 
130, 
130, 
146, 
132, 
120, 
104, 
88, 
62, 
80, 
90, 
116, 
88, 
68, 
14, 
-6, 
-10, 
-12, 
36, 
10, 
-12, 
-46, 
-18, 
-2, 
-22, 
-48, 
-50, 
-40, 
-8, 
-2, 
0, 
2, 
-16, 
-40, 
-20, 
-28, 
-32, 
-50, 
26, 
12, 
10, 
-38, 
-44, 
-70, 
-80, 
-78, 
-96, 
-88, 
-96, 
-80, 
-60, 
-34, 
-56, 
-76, 
-80, 
-100, 
-88, 
-80, 
-82, 
-104, 
-130, 
-110, 
-114, 
-138, 
-156, 
-152, 
-214, 
-210, 
-254, 
-256, 
-260, 
-280, 
-276, 
-266, 
-252, 
-254, 
-248, 
-252, 
-230, 
-268, 
-212, 
-218, 
-200, 
-190, 
-172, 
-192, 
-178, 
-198, 
-190, 
-186, 
-152, 
-170, 
-190, 
-240, 
-236, 
-228, 
-204, 
-182, 
-172, 
-202, 
-196, 
-186, 
-172, 
-202, 
-240, 
-230, 
-228, 
-248, 
-228, 
-236, 
-230, 
-230, 
-214, 
-218, 
-232, 
-242, 
-218, 
-222, 
-194, 
-196, 
-250, 
-260, 
-266, 
-278, 
-254, 
-212, 
-202, 
-164, 
-192, 
-146, 
-110, 
-134, 
-158, 
-168, 
-148, 
-132, 
-98, 
-104, 
-80, 
-54, 
-18, 
16, 
-8, 
-36, 
-44, 
-84, 
-78, 
-106, 
-142, 
-158, 
-146, 
-134, 
-142, 
-130, 
-126, 
-166, 
-196, 
-166, 
-172, 
-160, 
-178, 
-156, 
-176, 
-182, 
-186, 
-154, 
-138, 
-110, 
-112, 
-134, 
-126, 
-134, 
-126, 
-114, 
-136, 
-128, 
-126, 
-118, 
-140, 
-134, 
-116, 
-108, 
-138, 
-168, 
-190, 
-200, 
-184, 
-200, 
-202, 
-196, 
-182, 
-196, 
-210, 
-210, 
-242, 
-258, 
-262, 
-274, 
-280, 
-280, 
-288, 
-278, 
-262, 
-244, 
-220, 
-220, 
-202, 
-180, 
-158, 
-186, 
-182, 
-160, 
-208, 
-242, 
-246, 
-266, 
-252, 
-228, 
-212, 
-192, 
-178, 
-192, 
-146, 
-144, 
-168, 
-158, 
-150, 
-174, 
-172, 
-206, 
-208, 
-176, 
-146, 
-132, 
-134, 
-116, 
-134, 
-110, 
-138, 
-172, 
-144, 
-146, 
-166, 
-154, 
-160, 
-206, 
-202, 
-168, 
-188, 
-198, 
-212, 
-210, 
-236, 
-254, 
-206, 
-210, 
-216, 
-248, 
-268, 
-256, 
-256, 
-226, 
-266, 
-250, 
-276, 
-302, 
-298, 
-294, 
-268, 
-272, 
-296, 
-294, 
-254, 
-226, 
-216, 
-226, 
-220, 
-232, 
-254, 
-240, 
-246, 
-246, 
-230, 
-242, 
-252, 
-246, 
-258, 
-234, 
-218, 
-234, 
-254, 
-232, 
-270, 
-262, 
-244, 
-244, 
-244, 
-232, 
-236, 
-214, 
-192, 
-202, 
-220, 
-220, 
-246, 
-250, 
-212, 
-236, 
-234, 
-248, 
-234, 
-204, 
-194, 
-206, 
-196, 
-200, 
-220, 
-226, 
-228, 
-244, 
-256, 
-270, 
-266, 
-254, 
-260, 
-304, 
-310, 
-294, 
-288, 
-320, 
-314, 
-332, 
-342, 
-342, 
-342, 
-340, 
-322, 
-320, 
-312, 
-328, 
-286, 
-268, 
-264, 
-276, 
-248, 
-224, 
-218, 
-214, 
-232, 
-244, 
-280, 
-244, 
-242, 
-282, 
-270, 
-288, 
-262, 
-252, 
-256, 
-250, 
-218, 
-190, 
-190, 
-206, 
-222, 
-210, 
-184, 
-190, 
-202, 
-210, 
-176, 
-192, 
-178, 
-160, 
-188, 
-192, 
-156, 
-130, 
-98, 
-82, 
-64, 
-74, 
-40, 
-10, 
-18, 
-14, 
48, 
70, 
40, 
74, 
54, 
48, 
34, 
50, 
26, 
16, 
32, 
36, 
6, 
-26, 
-36, 
-14, 
-18, 
-18, 
-30, 
-50, 
-4, 
-20, 
12, 
-2, 
2, 
-10, 
6, 
2, 
28, 
16, 
28, 
-2, 
-2, 
-6, 
-26, 
-44, 
-66, 
-22, 
-28, 
-30, 
-36, 
-24, 
-78, 
-100, 
-112, 
-118, 
-122, 
-164, 
-148, 
-150, 
-132, 
-128, 
-152, 
-174, 
-128, 
-114, 
-86, 
-64, 
-26, 
-54, 
-70, 
-58, 
-40, 
-36, 
-16, 
38, 
8, 
-32, 
0, 
0, 
12, 
6, 
46, 
30, 
22, 
48, 
32, 
92, 
48, 
52, 
30, 
12, 
26, 
50, 
38, 
40, 
6, 
48, 
24, 
16, 
34, 
30, 
58, 
36, 
46, 
56, 
44, 
60, 
60, 
92, 
100, 
146, 
146, 
162, 
118, 
132, 
128, 
130, 
172, 
162, 
132, 
118, 
126, 
146, 
150, 
130, 
104, 
76, 
44, 
60, 
92, 
96, 
114, 
124, 
152, 
178, 
206, 
194, 
174, 
158, 
136, 
116, 
96, 
114, 
92, 
100, 
122, 
100, 
124, 
154, 
132, 
104, 
104, 
132, 
138, 
130, 
134, 
140, 
100, 
108, 
96, 
