-16, 
-82, 
-46, 
-36, 
-16, 
12, 
34, 
72, 
108, 
116, 
152, 
136, 
190, 
146, 
110, 
86, 
82, 
22, 
62, 
60, 
98, 
94, 
128, 
108, 
90, 
84, 
-2, 
-34, 
4, 
-80, 
-112, 
-96, 
-104, 
-68, 
-50, 
-60, 
0, 
-6, 
-20, 
-42, 
-52, 
-78, 
-34, 
-46, 
-36, 
-2, 
18, 
54, 
60, 
0, 
8, 
26, 
-26, 
30, 
132, 
154, 
160, 
120, 
84, 
76, 
34, 
70, 
82, 
78, 
98, 
96, 
94, 
2, 
-8, 
56, 
68, 
48, 
180, 
154, 
134, 
172, 
182, 
152, 
208, 
172, 
166, 
124, 
44, 
54, 
72, 
94, 
82, 
80, 
108, 
76, 
84, 
18, 
22, 
-6, 
-44, 
-2, 
50, 
38, 
62, 
78, 
104, 
130, 
128, 
104, 
78, 
48, 
-14, 
-40, 
-16, 
14, 
32, 
40, 
68, 
94, 
74, 
90, 
98, 
34, 
12, 
64, 
140, 
126, 
178, 
240, 
244, 
194, 
206, 
186, 
182, 
140, 
140, 
158, 
112, 
86, 
154, 
96, 
68, 
62, 
100, 
100, 
114, 
76, 
98, 
48, 
50, 
126, 
50, 
58, 
10, 
68, 
110, 
66, 
2, 
-84, 
-106, 
-82, 
-98, 
4, 
36, 
72, 
44, 
-2, 
4, 
-16, 
-18, 
-90, 
-114, 
-136, 
-124, 
-202, 
-152, 
-100, 
-28, 
6, 
26, 
-74, 
-68, 
-100, 
-64, 
-114, 
-126, 
-162, 
-150, 
-176, 
-224, 
-294, 
-268, 
-204, 
-240, 
-192, 
-188, 
-140, 
-86, 
-40, 
-54, 
-44, 
4, 
36, 
30, 
46, 
-46, 
-64, 
-112, 
-156, 
-134, 
-148, 
-174, 
-150, 
-12, 
-2, 
10, 
52, 
6, 
18, 
-16, 
-46, 
-6, 
26, 
50, 
6, 
-68, 
-60, 
-122, 
-152, 
-160, 
-220, 
-184, 
-214, 
-212, 
-222, 
-226, 
-178, 
-160, 
-52, 
-44, 
-110, 
-2, 
10, 
98, 
70, 
42, 
18, 
22, 
-8, 
-6, 
-2, 
-16, 
-2, 
-26, 
-82, 
-20, 
-14, 
-70, 
-44, 
-36, 
-68, 
-62, 
-88, 
-142, 
-110, 
-96, 
-52, 
-58, 
-68, 
-48, 
66, 
52, 
128, 
104, 
68, 
36, 
82, 
132, 
146, 
154, 
206, 
166, 
94, 
90, 
148, 
120, 
64, 
66, 
8, 
-14, 
20, 
34, 
46, 
2, 
42, 
22, 
-2, 
24, 
68, 
120, 
62, 
40, 
4, 
-54, 
-88, 
-96, 
-22, 
4, 
-66, 
-56, 
-68, 
-88, 
-126, 
-88, 
-66, 
-28, 
-20, 
-2, 
-12, 
-28, 
-22, 
24, 
76, 
76, 
68, 
92, 
100, 
60, 
48, 
62, 
8, 
24, 
46, 
-6, 
-42, 
-46, 
-130, 
-160, 
-162, 
-152, 
-102, 
-106, 
-118, 
-140, 
-60, 
-94, 
-94, 
-120, 
-22, 
-42, 
-66, 
-138, 
-148, 
-180, 
-246, 
-196, 
-184, 
-182, 
-146, 
-62, 
-98, 
-130, 
-144, 
-162, 
-126, 
-124, 
-124, 
-152, 
-200, 
-162, 
-114, 
-76, 
-76, 
-58, 
-56, 
26, 
54, 
52, 
84, 
86, 
184, 
208, 
232, 
176, 
164, 
120, 
110, 
182, 
212, 
172, 
198, 
188, 
122, 
54, 
-6, 
-44, 
-88, 
-28, 
-18, 
-72, 
-20, 
-48, 
-20, 
-110, 
-114, 
-114, 
-112, 
-26, 
-16, 
-12, 
-20, 
-8, 
18, 
20, 
70, 
176, 
216, 
260, 
208, 
224, 
174, 
116, 
130, 
90, 
70, 
24, 
58, 
54, 
-2, 
48, 
14, 
8, 
-6, 
-26, 
16, 
8, 
-20, 
4, 
40, 
76, 
106, 
112, 
114, 
84, 
22, 
-18, 
-58, 
-56, 
-98, 
-48, 
-4, 
68, 
24, 
26, 
18, 
22, 
42, 
18, 
-2, 
-14, 
-2, 
-14, 
-12, 
50, 
60, 
50, 
-52, 
-16, 
0, 
-32, 
30, 
56, 
142, 
64, 
82, 
120, 
94, 
78, 
126, 
90, 
82, 
102, 
124, 
66, 
20, 
48, 
104, 
168, 
280, 
300, 
286, 
300, 
258, 
182, 
124, 
118, 
172, 
174, 
236, 
232, 
184, 
218, 
186, 
140, 
182, 
192, 
202, 
210, 
212, 
240, 
274, 
216, 
180, 
186, 
250, 
246, 
214, 
216, 
132, 
130, 
162, 
62, 
-44, 
-78, 
-98, 
-80, 
-24, 
-54, 
-2, 
66, 
136, 
80, 
126, 
100, 
70, 
120, 
142, 
88, 
108, 
108, 
148, 
68, 
104, 
98, 
6, 
8, 
32, 
68, 
2, 
-10, 
14, 
-86, 
-54, 
-70, 
-74, 
-6, 
40, 
36, 
110, 
46, 
32, 
-14, 
-18, 
14, 
2, 
24, 
24, 
2, 
4, 
6, 
-32, 
40, 
32, 
38, 
92, 
140, 
158, 
216, 
204, 
216, 
230, 
198, 
240, 
206, 
242, 
252, 
238, 
290, 
250, 
216, 
146, 
246, 
228, 
178, 
130, 
192, 
158, 
164, 
138, 
150, 
138, 
78, 
116, 
114, 
122, 
92, 
94, 
76, 
80, 
86, 
150, 
200, 
178, 
150, 
156, 
120, 
102, 
112, 
38, 
58, 
98, 
178, 
126, 
134, 
184, 
148, 
126, 
118, 
88, 
50, 
36, 
108, 
22, 
24, 
2, 
-20, 
-80, 
24, 
18, 
42, 
44, 
66, 
116, 
78, 
38, 
94, 
82, 
156, 
128, 
120, 
142, 
116, 
156, 
178, 
256, 
184, 
178, 
126, 
176, 
190, 
232, 
176, 
124, 
72, 
116, 
150, 
118, 
218, 
240, 
266, 
304, 
250, 
226, 
278, 
220, 
182, 
188, 
134, 
88, 
18, 
-16, 
-82, 
-34, 
-4, 
-4, 
-10, 
-56, 
-124, 
-144, 
-102, 
-80, 
-110, 
-192, 
-134, 
-124, 
-150, 
-106, 
-80, 
-46, 
-58, 
-36, 
-134, 
-162, 
-188, 
-182, 
-208, 
-170, 
-74, 
-62, 
-26, 
-62, 
-8, 
2, 
6, 
-58, 
-36, 
-38, 
-14, 
-4, 
28, 
130, 
104, 
168, 
120, 
74, 
42, 
10, 
2, 
-72, 
-98, 
-8, 
-28, 
-86, 
-88, 
-66, 
-52, 
-36, 
-96, 
-88, 
-100, 
-108, 
-96, 
-66, 
-4, 
90, 
76, 
104, 
128, 
158, 
218, 
188, 
270, 
266, 
256, 
222, 
226, 
208, 
214, 
250, 
238, 
230, 
194, 
246, 
222, 
184, 
146, 
148, 
106, 
140, 
136, 
104, 
110, 
48, 
64, 
114, 
202, 
192, 
210, 
220, 
192, 
164, 
96, 
104, 
4, 
2, 
-8, 
-24, 
-18, 
-58, 
-94, 
-134, 
-152, 
-214, 
-260, 
-186, 
-160, 
-150, 
-128, 
-46, 
-56, 
-68, 
-54, 
-64, 
-6, 
8, 
-38, 
-80, 
-86, 
-92, 
-80, 
-4, 
-22, 
-26, 
-62, 
-72, 
-104, 
-124, 
-98, 
-124, 
-118, 
-72, 
-78, 
-142, 
-144, 
-184, 
-226, 
-184, 
-162, 
-140, 
-136, 
-186, 
-170, 
-132, 
-100, 
-96, 
-104, 
-90, 
-86, 
-146, 
-88, 
-18, 
24, 
36, 
76, 
52, 
66, 
72, 
154, 
218, 
230, 
234, 
184, 
204, 
150, 
80, 
124, 
158, 
196, 
208, 
210, 
222, 
282, 
294, 
264, 
274, 
226, 
228, 
186, 
168, 
190, 
212, 
200, 
238, 
188, 
202, 
188, 
212, 
232, 
208, 
192, 
148, 
126, 
86, 
86, 
40, 
98, 
80, 
64, 
24, 
-18, 
-44, 
-38, 
-4, 
-4, 
-50, 
-76, 
-110, 
-92, 
-20, 
38, 
48, 
42, 
22, 
14, 
38, 
54, 
0, 
-20, 
72, 
114, 
168, 
140, 
250, 
270, 
312, 
276, 
272, 
224, 
150, 
252, 
254, 
244, 
242, 
232, 
208, 
214, 
170, 
130, 
96, 
136, 
82, 
106, 
106, 
-8, 
42, 
104, 
38, 
8, 
-26, 
-46, 
24, 
58, 
36, 
30, 
68, 
80, 
134, 
90, 
36, 
18, 
-26, 
-66, 
-116, 
-118, 
-148, 
-156, 
-158, 
-78, 
-90, 
-28, 
-22, 
94, 
114, 
120, 
206, 
224, 
194, 
182, 
198, 
162, 
76, 
54, 
72, 
98, 
134, 
156, 
222, 
216, 
182, 
220, 
210, 
144, 
118, 
102, 
104, 
160, 
166, 
174, 
126, 
68, 
106, 
42, 
90, 
84, 
44, 
-26, 
-28, 
-154, 
-86, 
-44, 
-8, 
-30, 
64, 
90, 
50, 
30, 
