-10, 
0, 
-4, 
-10, 
-6, 
4, 
-20, 
-40, 
-58, 
-48, 
-42, 
-52, 
-52, 
-52, 
-54, 
-62, 
-56, 
-52, 
-54, 
-48, 
-52, 
-48, 
-54, 
-66, 
-52, 
-64, 
-86, 
-96, 
-84, 
-84, 
-80, 
-70, 
-54, 
-40, 
-34, 
-52, 
-44, 
-44, 
-38, 
-50, 
-40, 
-28, 
-32, 
-38, 
-36, 
-30, 
-4, 
2, 
22, 
14, 
2, 
-4, 
-16, 
-10, 
-10, 
-2, 
-4, 
6, 
14, 
-8, 
10, 
26, 
40, 
48, 
28, 
10, 
8, 
8, 
18, 
4, 
6, 
-10, 
-12, 
-16, 
-26, 
-10, 
-4, 
-8, 
-2, 
-2, 
14, 
6, 
2, 
2, 
10, 
18, 
10, 
16, 
14, 
14, 
24, 
26, 
16, 
24, 
18, 
8, 
2, 
0, 
-6, 
-4, 
2, 
-4, 
-8, 
2, 
-16, 
-22, 
-32, 
-34, 
-32, 
-34, 
-26, 
-26, 
-30, 
-24, 
-28, 
-30, 
-22, 
-20, 
-14, 
-14, 
-20, 
-20, 
-24, 
-26, 
-26, 
-34, 
-44, 
-52, 
-56, 
-56, 
-62, 
-60, 
-48, 
-58, 
-58, 
-52, 
-38, 
-52, 
-58, 
-50, 
-28, 
-28, 
-14, 
-18, 
-32, 
-38, 
-20, 
-10, 
2, 
6, 
-8, 
4, 
2, 
12, 
-4, 
-4, 
-8, 
6, 
18, 
24, 
22, 
32, 
48, 
56, 
52, 
64, 
64, 
72, 
74, 
78, 
92, 
92, 
96, 
100, 
98, 
102, 
108, 
114, 
114, 
124, 
112, 
118, 
120, 
114, 
106, 
122, 
128, 
128, 
114, 
132, 
134, 
128, 
138, 
146, 
132, 
130, 
114, 
124, 
126, 
136, 
128, 
108, 
106, 
100, 
108, 
114, 
116, 
114, 
128, 
132, 
114, 
124, 
118, 
132, 
140, 
142, 
146, 
150, 
158, 
150, 
176, 
182, 
172, 
174, 
178, 
160, 
150, 
128, 
140, 
150, 
168, 
160, 
148, 
166, 
166, 
194, 
186, 
184, 
180, 
188, 
192, 
188, 
204, 
200, 
202, 
196, 
186, 
180, 
192, 
182, 
174, 
184, 
176, 
168, 
150, 
158, 
180, 
184, 
184, 
172, 
164, 
156, 
154, 
152, 
164, 
164, 
172, 
180, 
194, 
198, 
204, 
200, 
206, 
230, 
234, 
238, 
240, 
242, 
240, 
236, 
246, 
240, 
240, 
232, 
242, 
232, 
232, 
256, 
274, 
242, 
248, 
238, 
234, 
214, 
216, 
226, 
238, 
234, 
224, 
220, 
214, 
216, 
216, 
224, 
232, 
228, 
226, 
238, 
234, 
248, 
254, 
262, 
260, 
238, 
236, 
252, 
236, 
244, 
256, 
254, 
260, 
262, 
262, 
262, 
270, 
290, 
314, 
324, 
328, 
334, 
340, 
354, 
368, 
364, 
364, 
368, 
380, 
384, 
380, 
384, 
384, 
382, 
386, 
390, 
390, 
388, 
392, 
396, 
400, 
400, 
398, 
398, 
398, 
398, 
400, 
400, 
400, 
400, 
400, 
398, 
400, 
400, 
400, 
400, 
400, 
400, 
400, 
398, 
400, 
400, 
400, 
400, 
400, 
400, 
400, 
400, 
400, 
400, 
400, 
400, 
398, 
400, 
400, 
400, 
400, 
400, 
398, 
400, 
400, 
398, 
400, 
400, 
400, 
400, 
400, 
400, 
400, 
398, 
400, 
400, 
400, 
400, 
396, 
398, 
400, 
400, 
400, 
400, 
396, 
396, 
398, 
400, 
400, 
400, 
396, 
396, 
398, 
398, 
396, 
396, 
398, 
398, 
396, 
396, 
400, 
398, 
400, 
400, 
398, 
398, 
400, 
398, 
398, 
400, 
398, 
400, 
400, 
398, 
400, 
400, 
400, 
400, 
400, 
398, 
400, 
400, 
400, 
400, 
400, 
400, 
400, 
400, 
400, 
400, 
398, 
398, 
398, 
396, 
398, 
400, 
400, 
398, 
398, 
400, 
398, 
398, 
400, 
398, 
400, 
400, 
400, 
400, 
400, 
400, 
400, 
400, 
398, 
400, 
400, 
398, 
398, 
400, 
400, 
400, 
400, 
400, 
400, 
400, 
400, 
396, 
400, 
400, 
394, 
398, 
398, 
400, 
400, 
400, 
398, 
400, 
400, 
398, 
400, 
400, 
398, 
400, 
398, 
398, 
396, 
392, 
398, 
400, 
392, 
392, 
396, 
398, 
400, 
400, 
400, 
400, 
398, 
400, 
400, 
400, 
400, 
398, 
396, 
400, 
396, 
400, 
396, 
400, 
400, 
394, 
398, 
398, 
400, 
400, 
398, 
396, 
398, 
400, 
398, 
398, 
400, 
400, 
398, 
398, 
400, 
400, 
400, 
398, 
396, 
396, 
398, 
400, 
400, 
400, 
400, 
400, 
398, 
400, 
400, 
400, 
400, 
400, 
400, 
400, 
400, 
400, 
400, 
398, 
398, 
398, 
396, 
392, 
396, 
398, 
400, 
398, 
400, 
394, 
398, 
400, 
400, 
398, 
398, 
398, 
400, 
400, 
398, 
398, 
398, 
398, 
398, 
400, 
400, 
400, 
400, 
400, 
398, 
396, 
400, 
400, 
400, 
400, 
400, 
398, 
400, 
398, 
398, 
398, 
400, 
398, 
396, 
396, 
396, 
398, 
400, 
400, 
400, 
400, 
400, 
398, 
400, 
398, 
398, 
398, 
400, 
400, 
398, 
398, 
400, 
400, 
398, 
398, 
398, 
400, 
400, 
398, 
400, 
400, 
400, 
400, 
398, 
400, 
400, 
400, 
398, 
396, 
398, 
400, 
400, 
400, 
400, 
400, 
398, 
400, 
400, 
398, 
398, 
398, 
394, 
398, 
398, 
400, 
398, 
400, 
400, 
400, 
400, 
400, 
400, 
400, 
400, 
400, 
398, 
396, 
400, 
400, 
400, 
398, 
398, 
400, 
400, 
400, 
400, 
400, 
398, 
398, 
398, 
398, 
396, 
398, 
396, 
400, 
398, 
400, 
400, 
400, 
400, 
400, 
400, 
400, 
400, 
398, 
400, 
400, 
398, 
400, 
396, 
396, 
396, 
396, 
396, 
396, 
396, 
396, 
398, 
398, 
398, 
398, 
396, 
398, 
398, 
400, 
400, 
396, 
398, 
400, 
400, 
400, 
398, 
400, 
400, 
398, 
400, 
400, 
400, 
400, 
400, 
400, 
396, 
400, 
400, 
398, 
396, 
398, 
400, 
400, 
400, 
400, 
400, 
400, 
400, 
400, 
400, 
398, 
400, 
400, 
398, 
398, 
400, 
400, 
400, 
396, 
398, 
400, 
400, 
400, 
398, 
400, 
398, 
400, 
400, 
400, 
400, 
400, 
400, 
398, 
398, 
396, 
394, 
396, 
400, 
400, 
398, 
394, 
394, 
392, 
398, 
394, 
400, 
396, 
400, 
400, 
400, 
398, 
396, 
400, 
400, 
400, 
400, 
400, 
400, 
400, 
400, 
400, 
396, 
394, 
396, 
394, 
398, 
400, 
400, 
400, 
398, 
398, 
400, 
400, 
400, 
398, 
400, 
396, 
394, 
398, 
396, 
396, 
398, 
398, 
398, 
398, 
398, 
398, 
396, 
398, 
396, 
398, 
400, 
400, 
400, 
398, 
400, 
400, 
400, 
400, 
398, 
400, 
398, 
400, 
400, 
400, 
398, 
400, 
398, 
398, 
396, 
398, 
396, 
398, 
398, 
398, 
398, 
396, 
398, 
398, 
398, 
396, 
400, 
400, 
396, 
400, 
400, 
400, 
398, 
398, 
400, 
400, 
400, 
400, 
400, 
400, 
396, 
400, 
400, 
400, 
400, 
400, 
398, 
400, 
398, 
400, 
400, 
400, 
400, 
400, 
400, 
400, 
400, 
400, 
400, 
400, 
398, 
394, 
396, 
398, 
398, 
400, 
400, 
400, 
400, 
400, 
400, 
398, 
394, 
398, 
400, 
400, 
400, 
400, 
398, 
400, 
400, 
400, 
398, 
400, 
398, 
400, 
400, 
400, 
400, 
400, 
400, 
400, 
400, 
400, 
400, 
398, 
398, 
396, 
398, 
398, 
400, 
400, 
398, 
398, 
400, 
400, 
400, 
400, 
400, 
400, 
400, 
400, 
400, 
400, 
400, 
400, 
400, 
400, 
398, 
398, 
398, 
400, 
400, 
400, 
400, 
400, 
400, 
400, 
400, 
400, 
400, 
400, 
396, 
398, 
400, 
400, 
398, 
400, 
400, 
400, 
400, 
400, 
400, 
400, 
400, 
400, 
400, 
398, 
398, 
400, 
400, 
396, 
398, 
400, 
400, 
398, 
398, 
400, 
400, 
