-12, 
58, 
68, 
72, 
130, 
140, 
176, 
158, 
174, 
200, 
246, 
218, 
208, 
200, 
182, 
160, 
96, 
56, 
-6, 
28, 
52, 
18, 
16, 
-14, 
-16, 
4, 
-46, 
-80, 
-14, 
-18, 
-42, 
-32, 
-12, 
-40, 
-64, 
-72, 
-4, 
26, 
52, 
2, 
-6, 
34, 
48, 
36, 
50, 
30, 
-10, 
-22, 
-18, 
-42, 
-68, 
-74, 
-136, 
-164, 
-160, 
-154, 
-160, 
-144, 
-154, 
-144, 
-168, 
-166, 
-162, 
-156, 
-162, 
-216, 
-206, 
-250, 
-270, 
-268, 
-322, 
-294, 
-340, 
-310, 
-342, 
-340, 
-322, 
-332, 
-322, 
-304, 
-328, 
-302, 
-290, 
-312, 
-348, 
-336, 
-334, 
-338, 
-332, 
-328, 
-306, 
-348, 
-352, 
-338, 
-372, 
-366, 
-346, 
-352, 
-370, 
-344, 
-344, 
-334, 
-362, 
-356, 
-362, 
-358, 
-364, 
-348, 
-318, 
-270, 
-292, 
-288, 
-324, 
-326, 
-356, 
-344, 
-326, 
-290, 
-306, 
-348, 
-348, 
-366, 
-362, 
-326, 
-334, 
-330, 
-302, 
-314, 
-312, 
-304, 
-306, 
-304, 
-308, 
-312, 
-310, 
-274, 
-304, 
-308, 
-306, 
-336, 
-316, 
-306, 
-324, 
-348, 
-354, 
-332, 
-352, 
-374, 
-352, 
-354, 
-334, 
-294, 
-324, 
-348, 
-352, 
-352, 
-360, 
-362, 
-326, 
-266, 
-278, 
-272, 
-304, 
-328, 
-356, 
-330, 
-332, 
-370, 
-336, 
-328, 
-360, 
-352, 
-348, 
-312, 
-344, 
-358, 
-364, 
-334, 
-330, 
-316, 
-334, 
-336, 
-282, 
-284, 
-358, 
-346, 
-320, 
-332, 
-370, 
-378, 
-346, 
-368, 
-340, 
-348, 
-354, 
-356, 
-358, 
-348, 
-330, 
-328, 
-366, 
-358, 
-354, 
-328, 
-308, 
-310, 
-282, 
-260, 
-302, 
-282, 
-270, 
-296, 
-290, 
-270, 
-266, 
-274, 
-312, 
-306, 
-320, 
-314, 
-364, 
-362, 
-356, 
-372, 
-362, 
-302, 
-310, 
-320, 
-302, 
-326, 
-302, 
-322, 
-304, 
-288, 
-272, 
-306, 
-328, 
-352, 
-352, 
-354, 
-358, 
-360, 
-352, 
-354, 
-324, 
-346, 
-306, 
-340, 
-344, 
-362, 
-348, 
-342, 
-344, 
-334, 
-294, 
-292, 
-322, 
-356, 
-314, 
-320, 
-360, 
-340, 
-344, 
-354, 
-348, 
-354, 
-364, 
-356, 
-336, 
-326, 
-330, 
-310, 
-294, 
-280, 
-322, 
-316, 
-318, 
-316, 
-342, 
-310, 
-304, 
-272, 
-250, 
-310, 
-340, 
-360, 
-356, 
-346, 
-360, 
-350, 
-364, 
-340, 
-344, 
-342, 
-376, 
-384, 
-372, 
-342, 
-350, 
-356, 
-342, 
-318, 
-294, 
-336, 
-344, 
-330, 
-348, 
-338, 
-336, 
-310, 
-282, 
-266, 
-232, 
-250, 
-306, 
-330, 
-338, 
-310, 
-316, 
-338, 
-360, 
-352, 
-312, 
-324, 
-364, 
-354, 
-324, 
-320, 
-294, 
-302, 
-308, 
-322, 
-356, 
-308, 
-354, 
-326, 
-366, 
-342, 
-366, 
-352, 
-352, 
-340, 
-332, 
-334, 
-364, 
-326, 
-348, 
-346, 
-314, 
-324, 
-294, 
-328, 
-304, 
-346, 
-354, 
-354, 
-366, 
-364, 
-348, 
-360, 
-356, 
-338, 
-310, 
-316, 
-360, 
-322, 
-216, 
-198, 
-228, 
-222, 
-246, 
-244, 
-206, 
-170, 
-206, 
-246, 
-240, 
-284, 
-232, 
-268, 
-286, 
-274, 
-240, 
-250, 
-250, 
-242, 
-206, 
-140, 
-186, 
-234, 
-308, 
-300, 
-306, 
-298, 
-278, 
-294, 
-302, 
-314, 
-316, 
-306, 
-348, 
-270, 
-238, 
-282, 
-322, 
-374, 
-372, 
-378, 
-372, 
-362, 
-354, 
-370, 
-370, 
-362, 
-360, 
-360, 
-312, 
-336, 
-304, 
-344, 
-346, 
-366, 
-364, 
-362, 
-348, 
-330, 
-332, 
-314, 
-302, 
-340, 
-368, 
-346, 
-312, 
-268, 
-228, 
-260, 
-258, 
-278, 
-286, 
-316, 
-334, 
-368, 
-336, 
-360, 
-330, 
-342, 
-336, 
-342, 
-342, 
-326, 
-320, 
-354, 
-360, 
-346, 
-324, 
-290, 
-278, 
-264, 
-256, 
-306, 
-336, 
-338, 
-316, 
-344, 
-336, 
-348, 
-336, 
-340, 
-306, 
-334, 
-334, 
-364, 
-362, 
-350, 
-302, 
-322, 
-318, 
-342, 
-334, 
-346, 
-322, 
-324, 
-298, 
-346, 
-348, 
-364, 
-348, 
-296, 
-284, 
-266, 
-222, 
-232, 
-236, 
-240, 
-254, 
-230, 
-226, 
-244, 
-232, 
-262, 
-306, 
-338, 
-360, 
-344, 
-302, 
-342, 
-356, 
-350, 
-352, 
-346, 
-360, 
-332, 
-332, 
-380, 
-344, 
-332, 
-366, 
-350, 
-326, 
-324, 
-332, 
-352, 
-368, 
-372, 
-380, 
-362, 
-366, 
-376, 
-352, 
-344, 
-362, 
-368, 
-350, 
-358, 
-342, 
-366, 
-348, 
-338, 
-346, 
-364, 
-378, 
-342, 
-340, 
-350, 
-336, 
-338, 
-316, 
-354, 
-336, 
-322, 
-334, 
-350, 
-368, 
-330, 
-298, 
-334, 
-348, 
-364, 
-358, 
-348, 
-356, 
-318, 
-298, 
-354, 
-372, 
-328, 
-314, 
-310, 
-340, 
-326, 
-342, 
-348, 
-326, 
-318, 
-350, 
-344, 
-292, 
-296, 
-312, 
-306, 
-310, 
-300, 
-324, 
-326, 
-304, 
-310, 
-322, 
-328, 
-338, 
-336, 
-328, 
-324, 
-356, 
-346, 
-352, 
-334, 
-334, 
-334, 
-320, 
-336, 
-314, 
-328, 
-338, 
-366, 
-364, 
-356, 
-372, 
-354, 
-348, 
-328, 
-328, 
-352, 
-348, 
-340, 
-342, 
-374, 
-370, 
-370, 
-330, 
-340, 
-308, 
-308, 
-302, 
-234, 
-216, 
-250, 
-214, 
-256, 
-256, 
-254, 
-306, 
-338, 
-326, 
-334, 
-350, 
-364, 
-360, 
-340, 
-338, 
-326, 
-304, 
-288, 
-304, 
-278, 
-246, 
-252, 
-248, 
-208, 
-206, 
-242, 
-270, 
-266, 
-306, 
-320, 
-324, 
-306, 
-320, 
-328, 
-368, 
-356, 
-354, 
-340, 
-330, 
-342, 
-322, 
-308, 
-320, 
-340, 
-374, 
-362, 
-370, 
-332, 
-340, 
-368, 
-350, 
-362, 
-346, 
-384, 
-378, 
-364, 
-362, 
-340, 
-334, 
-330, 
-380, 
-342, 
-346, 
-378, 
-372, 
-342, 
-354, 
-368, 
-364, 
-362, 
-366, 
-372, 
-360, 
-366, 
-376, 
-366, 
-330, 
-354, 
-338, 
-342, 
-358, 
-364, 
-374, 
-364, 
-368, 
-338, 
-368, 
-342, 
-342, 
-322, 
-354, 
-350, 
-340, 
-352, 
-324, 
-348, 
-344, 
-370, 
-342, 
-300, 
-298, 
-304, 
-304, 
-270, 
-290, 
-316, 
-340, 
-374, 
-344, 
-278, 
-310, 
-312, 
-320, 
-342, 
-364, 
-388, 
-368, 
-356, 
-372, 
-370, 
-348, 
-308, 
-306, 
-266, 
-228, 
-264, 
-236, 
-232, 
-240, 
-250, 
-284, 
-310, 
-284, 
-334, 
-282, 
-266, 
-318, 
-286, 
-308, 
-296, 
-318, 
-330, 
-340, 
-360, 
-342, 
-294, 
-342, 
-356, 
-356, 
-360, 
-348, 
-320, 
-256, 
-298, 
-364, 
-356, 
-354, 
-368, 
-390, 
-376, 
-358, 
-336, 
-348, 
-380, 
-350, 
-356, 
-374, 
-380, 
-370, 
-342, 
-344, 
-338, 
-334, 
-290, 
-324, 
-308, 
-334, 
-260, 
-310, 
-312, 
-276, 
-266, 
-256, 
-248, 
-244, 
-252, 
-236, 
-220, 
-250, 
-282, 
-314, 
-264, 
-318, 
-286, 
-314, 
-298, 
-258, 
-288, 
-302, 
-274, 
-294, 
-264, 
-250, 
-254, 
-220, 
-250, 
-248, 
-270, 
-318, 
-302, 
-310, 
-330, 
-362, 
-362, 
-386, 
-366, 
-364, 
-364, 
-330, 
-330, 
-318, 
-304, 
-310, 
-336, 
-336, 
-304, 
-294, 
-340, 
-328, 
-346, 
-362, 
-348, 
-326, 
-328, 
-322, 
-328, 
-330, 
-344, 
-356, 
-362, 
-368, 
-350, 
-354, 
-340, 
-360, 
-348, 
-316, 
-354, 
-312, 
-318, 
-340, 
-322, 
-338, 
-348, 
-338, 
-340, 
-350, 
-344, 
-322, 
-342, 
-374, 
-376, 
-374, 
-366, 
-360, 
-340, 
-328, 
-342, 
-346, 
-338, 
-358, 
-352, 
-346, 
-346, 
-328, 
-346, 
-318, 
-292, 
-284, 
-272, 
-304, 
-366, 
-332, 
-338, 
-332, 
-324, 
-334, 
-360, 
-344, 
-336, 
-304, 
-330, 
-292, 
-332, 
-314, 
-308, 
-300, 
-254, 
-288, 
-320, 
-340, 
-340, 
-350, 
-368, 
-330, 
-360, 
-322, 
-344, 
-316, 
-322, 
-324, 
-314, 
-312, 
-286, 
-276, 
-256, 
-264, 
-240, 
-226, 
-230, 
-200, 
-220, 
-224, 
-194, 
-152, 
-184, 
-190, 
-158, 
-186, 
-228, 
-264, 
-280, 
-318, 
-308, 
-306, 
-326, 
-336, 
-360, 
-358, 
-338, 
-310, 
-342, 
-338, 
-360, 
-366, 
-358, 
-308, 
-358, 
-364, 
-378, 
-376, 
-366, 
-350, 
-324, 
-314, 
-320, 
-294, 
-280, 
-264, 
-258, 
-232, 
-208, 
-230, 
-212, 
-196, 
-202, 
-182, 
-184, 
-180, 
-214, 
-160, 
-182, 
-190, 
-230, 
-208, 
-236, 
-230, 
