-40, 
-60, 
-80, 
-76, 
-44, 
-70, 
-92, 
-116, 
-112, 
-92, 
-106, 
-92, 
-60, 
-40, 
-50, 
6, 
-12, 
4, 
12, 
12, 
-12, 
26, 
-16, 
-8, 
8, 
-26, 
-38, 
-42, 
-40, 
-48, 
-56, 
-38, 
-42, 
-44, 
-50, 
-42, 
-20, 
-50, 
-70, 
-42, 
-32, 
-16, 
4, 
14, 
70, 
90, 
100, 
116, 
108, 
132, 
112, 
110, 
152, 
144, 
138, 
154, 
154, 
190, 
194, 
150, 
122, 
88, 
138, 
120, 
70, 
68, 
52, 
76, 
58, 
50, 
52, 
62, 
54, 
90, 
50, 
76, 
64, 
30, 
14, 
14, 
12, 
46, 
28, 
20, 
60, 
64, 
56, 
92, 
114, 
128, 
158, 
148, 
188, 
198, 
198, 
160, 
140, 
142, 
152, 
110, 
90, 
72, 
92, 
114, 
100, 
116, 
146, 
168, 
178, 
150, 
140, 
146, 
140, 
144, 
148, 
152, 
140, 
150, 
104, 
74, 
82, 
74, 
78, 
66, 
46, 
72, 
66, 
72, 
90, 
70, 
38, 
10, 
-2, 
-12, 
-38, 
-28, 
-76, 
-70, 
-76, 
-108, 
-136, 
-150, 
-158, 
-198, 
-192, 
-164, 
-178, 
-212, 
-224, 
-220, 
-190, 
-148, 
-144, 
-114, 
-104, 
-100, 
-38, 
-62, 
-72, 
-98, 
-96, 
-112, 
-80, 
-110, 
-90, 
-66, 
-14, 
-12, 
48, 
38, 
58, 
2, 
18, 
10, 
0, 
2, 
-10, 
-34, 
-32, 
-44, 
-46, 
-16, 
14, 
-10, 
18, 
14, 
4, 
-4, 
20, 
20, 
56, 
72, 
76, 
94, 
86, 
104, 
84, 
78, 
64, 
80, 
82, 
100, 
120, 
112, 
138, 
158, 
180, 
152, 
150, 
182, 
150, 
130, 
100, 
106, 
100, 
92, 
48, 
72, 
48, 
96, 
100, 
110, 
80, 
112, 
150, 
148, 
148, 
188, 
160, 
176, 
158, 
142, 
140, 
186, 
166, 
186, 
190, 
226, 
244, 
228, 
212, 
202, 
140, 
132, 
130, 
126, 
132, 
138, 
80, 
70, 
122, 
126, 
110, 
92, 
74, 
64, 
108, 
128, 
98, 
110, 
160, 
146, 
154, 
152, 
152, 
134, 
112, 
98, 
60, 
58, 
46, 
18, 
16, 
30, 
72, 
80, 
86, 
120, 
122, 
108, 
84, 
92, 
126, 
128, 
108, 
156, 
130, 
110, 
48, 
54, 
44, 
4, 
-58, 
-46, 
-14, 
-16, 
-58, 
-58, 
-34, 
18, 
-8, 
34, 
36, 
44, 
64, 
84, 
68, 
80, 
118, 
124, 
138, 
132, 
134, 
106, 
98, 
124, 
118, 
114, 
80, 
66, 
64, 
142, 
136, 
100, 
98, 
88, 
74, 
72, 
66, 
54, 
32, 
4, 
14, 
14, 
0, 
-60, 
-52, 
-54, 
-70, 
-110, 
-126, 
-120, 
-138, 
-148, 
-128, 
-130, 
-130, 
-94, 
-82, 
-122, 
-106, 
-134, 
-144, 
-116, 
-88, 
-90, 
-78, 
-92, 
-78, 
-94, 
-90, 
-78, 
-46, 
-18, 
-18, 
-44, 
-64, 
-102, 
-106, 
-68, 
-38, 
-50, 
-22, 
4, 
34, 
72, 
64, 
56, 
24, 
8, 
52, 
34, 
50, 
70, 
48, 
68, 
62, 
66, 
34, 
60, 
60, 
86, 
64, 
58, 
60, 
34, 
80, 
42, 
58, 
58, 
70, 
48, 
104, 
72, 
96, 
74, 
84, 
66, 
36, 
26, 
22, 
30, 
36, 
56, 
74, 
98, 
90, 
90, 
114, 
66, 
70, 
132, 
104, 
96, 
86, 
110, 
110, 
106, 
106, 
112, 
114, 
132, 
140, 
140, 
190, 
208, 
230, 
184, 
160, 
104, 
84, 
66, 
28, 
28, 
8, 
22, 
22, 
26, 
18, 
-16, 
-26, 
-26, 
-6, 
-48, 
-94, 
-14, 
-8, 
-48, 
-52, 
-42, 
-74, 
-70, 
-102, 
-90, 
-88, 
-74, 
-60, 
-30, 
-46, 
-76, 
-52, 
-88, 
-54, 
-68, 
-70, 
-68, 
-128, 
-108, 
-68, 
-88, 
-94, 
-126, 
-80, 
-80, 
-80, 
-92, 
-126, 
-144, 
-196, 
-184, 
-188, 
-150, 
-170, 
-212, 
-160, 
-168, 
-170, 
-174, 
-136, 
-114, 
-152, 
-106, 
-100, 
-160, 
-172, 
-146, 
-144, 
-152, 
-158, 
-156, 
-148, 
-180, 
-158, 
-158, 
-148, 
-140, 
-122, 
-132, 
-102, 
-106, 
-92, 
-44, 
-44, 
-12, 
-14, 
-48, 
-10, 
-28, 
-46, 
-26, 
-52, 
-50, 
-74, 
-78, 
-26, 
-66, 
-68, 
-50, 
-52, 
-44, 
-42, 
-42, 
-54, 
-30, 
-46, 
-86, 
-28, 
-30, 
6, 
12, 
24, 
6, 
-22, 
-10, 
14, 
38, 
18, 
12, 
20, 
16, 
16, 
14, 
38, 
50, 
6, 
12, 
-4, 
-12, 
-44, 
-46, 
-58, 
-46, 
2, 
2, 
20, 
16, 
8, 
10, 
28, 
22, 
58, 
86, 
98, 
78, 
132, 
122, 
142, 
146, 
110, 
112, 
106, 
128, 
104, 
88, 
94, 
114, 
124, 
116, 
108, 
116, 
124, 
92, 
92, 
98, 
88, 
82, 
94, 
90, 
82, 
98, 
110, 
76, 
78, 
80, 
74, 
68, 
56, 
84, 
48, 
28, 
-28, 
-24, 
-4, 
-42, 
-46, 
-30, 
-30, 
-30, 
-30, 
-48, 
-44, 
-24, 
-38, 
12, 
-14, 
-26, 
-64, 
-46, 
-32, 
-74, 
-68, 
-22, 
-44, 
-34, 
-14, 
-16, 
-58, 
-40, 
-60, 
-50, 
-42, 
-40, 
-40, 
-42, 
34, 
-10, 
-6, 
-18, 
-32, 
-24, 
-54, 
-42, 
-70, 
-70, 
-52, 
-26, 
-38, 
-38, 
-48, 
-52, 
-68, 
-28, 
-38, 
-30, 
-8, 
-18, 
-12, 
0, 
24, 
46, 
58, 
46, 
16, 
24, 
32, 
48, 
70, 
78, 
66, 
112, 
102, 
120, 
116, 
110, 
142, 
140, 
110, 
122, 
150, 
164, 
166, 
154, 
190, 
160, 
168, 
190, 
182, 
206, 
160, 
162, 
184, 
192, 
162, 
174, 
194, 
174, 
208, 
216, 
244, 
270, 
234, 
194, 
158, 
162, 
176, 
186, 
160, 
150, 
172, 
176, 
156, 
160, 
164, 
154, 
148, 
122, 
108, 
86, 
76, 
60, 
66, 
98, 
44, 
30, 
10, 
14, 
22, 
8, 
8, 
24, 
38, 
46, 
40, 
74, 
76, 
56, 
66, 
60, 
90, 
84, 
78, 
102, 
138, 
132, 
120, 
98, 
58, 
104, 
68, 
82, 
72, 
96, 
78, 
64, 
104, 
106, 
120, 
106, 
92, 
108, 
114, 
134, 
148, 
170, 
172, 
188, 
194, 
194, 
172, 
176, 
174, 
164, 
144, 
136, 
162, 
126, 
106, 
78, 
58, 
36, 
40, 
20, 
32, 
74, 
100, 
96, 
102, 
90, 
64, 
10, 
46, 
32, 
10, 
-52, 
-56, 
-62, 
-22, 
-38, 
-50, 
-4, 
18, 
18, 
-8, 
10, 
2, 
8, 
-16, 
-10, 
-42, 
-60, 
-62, 
-58, 
-58, 
36, 
44, 
28, 
56, 
50, 
86, 
100, 
90, 
88, 
70, 
64, 
94, 
76, 
78, 
68, 
26, 
28, 
68, 
98, 
64, 
36, 
44, 
0, 
-46, 
-20, 
16, 
-28, 
-44, 
-38, 
16, 
34, 
60, 
38, 
24, 
8, 
-10, 
-16, 
-36, 
-96, 
-108, 
-92, 
-78, 
-150, 
-142, 
-168, 
-154, 
-116, 
-62, 
-52, 
-56, 
-30, 
-44, 
-94, 
-66, 
-40, 
-56, 
-40, 
-26, 
-2, 
10, 
28, 
18, 
44, 
64, 
56, 
92, 
100, 
138, 
134, 
76, 
98, 
108, 
96, 
112, 
58, 
18, 
38, 
12, 
10, 
-22, 
-8, 
-56, 
-70, 
-94, 
-94, 
-70, 
-66, 
-34, 
-34, 
-8, 
-4, 
-2, 
-6, 
6, 
-20, 
-48, 
-42, 
-44, 
12, 
18, 
-6, 
12, 
76, 
110, 
112, 
106, 
52, 
30, 
44, 
38, 
54, 
68, 
98, 
38, 
40, 
16, 
54, 
88, 
42, 
46, 
40, 
58, 
46, 
82, 
100, 
94, 
66, 
92, 
72, 
60, 
88, 
88, 
62, 
78, 
70, 
68, 
32, 
16, 
-4, 
38, 
24, 
-6, 
-14, 
0, 
18, 
22, 
14, 
40, 
-4, 
-28, 
-16, 
-10, 
4, 
0, 
42, 
28, 
52, 
60, 
20, 
34, 
48, 
22, 
24, 
20, 
42, 
48, 
28, 
26, 
