14, 
-10, 
-70, 
-142, 
-132, 
-18, 
-12, 
-10, 
-76, 
-128, 
-126, 
-156, 
-96, 
-60, 
44, 
-16, 
-2, 
-116, 
-86, 
-82, 
-36, 
-34, 
-122, 
-156, 
-190, 
-214, 
-200, 
-252, 
-200, 
-178, 
-134, 
-142, 
-154, 
-120, 
-72, 
-80, 
-66, 
-26, 
-18, 
-2, 
0, 
88, 
60, 
158, 
134, 
-20, 
8, 
10, 
-50, 
-54, 
-48, 
72, 
96, 
116, 
132, 
192, 
58, 
86, 
78, 
36, 
46, 
20, 
-36, 
-94, 
-46, 
-74, 
-48, 
-10, 
-28, 
36, 
76, 
66, 
0, 
-2, 
-34, 
6, 
58, 
74, 
-2, 
116, 
138, 
118, 
134, 
74, 
64, 
72, 
60, 
80, 
102, 
104, 
42, 
-42, 
14, 
-2, 
-6, 
138, 
48, 
6, 
2, 
8, 
-8, 
4, 
-34, 
24, 
-12, 
34, 
100, 
74, 
46, 
54, 
16, 
-6, 
-28, 
28, 
52, 
-20, 
38, 
16, 
92, 
30, 
66, 
42, 
70, 
72, 
146, 
154, 
122, 
40, 
-28, 
-22, 
-52, 
-4, 
-40, 
-68, 
-24, 
-34, 
-78, 
-64, 
6, 
-82, 
-74, 
-8, 
2, 
90, 
58, 
108, 
88, 
92, 
62, 
46, 
4, 
-40, 
-74, 
-98, 
-96, 
-130, 
-172, 
-140, 
-110, 
-120, 
-124, 
-100, 
-118, 
-78, 
-162, 
-98, 
-42, 
-70, 
-112, 
-88, 
-10, 
42, 
84, 
56, 
10, 
-12, 
80, 
72, 
164, 
76, 
70, 
2, 
-10, 
-60, 
0, 
-20, 
-12, 
-38, 
-64, 
-58, 
-102, 
-26, 
-54, 
-50, 
-2, 
-58, 
-26, 
46, 
-6, 
24, 
24, 
-8, 
8, 
-34, 
-90, 
-94, 
-120, 
-56, 
52, 
40, 
78, 
50, 
-4, 
12, 
-86, 
-116, 
-176, 
-134, 
-126, 
-86, 
-42, 
-14, 
-52, 
-48, 
34, 
24, 
64, 
14, 
48, 
-4, 
10, 
-12, 
6, 
-32, 
-156, 
-128, 
-110, 
-178, 
-128, 
-8, 
0, 
50, 
-16, 
-54, 
-50, 
-10, 
-36, 
-76, 
4, 
-20, 
-46, 
-134, 
-146, 
-124, 
-134, 
-116, 
-120, 
-34, 
-38, 
12, 
4, 
40, 
44, 
32, 
-6, 
-2, 
62, 
32, 
36, 
-2, 
-20, 
16, 
14, 
18, 
42, 
62, 
98, 
134, 
146, 
144, 
152, 
120, 
122, 
70, 
-2, 
126, 
62, 
50, 
48, 
46, 
68, 
96, 
110, 
102, 
34, 
50, 
72, 
0, 
-32, 
4, 
72, 
70, 
16, 
68, 
50, 
6, 
-6, 
0, 
-4, 
40, 
-14, 
-26, 
-74, 
-108, 
-62, 
-32, 
-44, 
-88, 
30, 
2, 
102, 
164, 
44, 
74, 
70, 
8, 
4, 
12, 
0, 
62, 
66, 
82, 
-2, 
24, 
26, 
-16, 
-90, 
-28, 
-20, 
4, 
6, 
92, 
16, 
12, 
-16, 
-64, 
-12, 
36, 
4, 
104, 
82, 
52, 
0, 
26, 
0, 
-78, 
-30, 
14, 
68, 
132, 
48, 
106, 
90, 
38, 
102, 
174, 
126, 
40, 
32, 
52, 
26, 
-78, 
-16, 
52, 
-54, 
-26, 
14, 
-8, 
-36, 
-8, 
-6, 
-108, 
-68, 
-66, 
20, 
74, 
96, 
86, 
52, 
6, 
60, 
92, 
90, 
148, 
236, 
166, 
88, 
70, 
98, 
98, 
10, 
-12, 
22, 
52, 
2, 
22, 
56, 
68, 
54, 
16, 
40, 
88, 
26, 
26, 
18, 
-14, 
-44, 
-60, 
-78, 
-72, 
-58, 
0, 
-28, 
-6, 
-114, 
10, 
2, 
88, 
66, 
68, 
68, 
-40, 
-96, 
-88, 
-96, 
-26, 
-56, 
-92, 
-46, 
-66, 
-2, 
-20, 
-66, 
-86, 
-100, 
-138, 
-104, 
-36, 
-44, 
90, 
36, 
22, 
-4, 
70, 
74, 
88, 
62, 
8, 
30, 
6, 
-2, 
32, 
40, 
52, 
-40, 
-26, 
36, 
82, 
54, 
28, 
28, 
40, 
40, 
-26, 
-52, 
-32, 
-30, 
0, 
22, 
54, 
70, 
16, 
30, 
32, 
-64, 
-12, 
44, 
82, 
2, 
-26, 
-118, 
-118, 
-144, 
-60, 
-56, 
-30, 
-18, 
-36, 
32, 
28, 
-14, 
70, 
100, 
80, 
24, 
-36, 
-92, 
-78, 
-72, 
-86, 
-40, 
26, 
16, 
-34, 
-34, 
-8, 
42, 
30, 
66, 
-6, 
-14, 
-14, 
-126, 
-80, 
-66, 
-106, 
-154, 
-168, 
-178, 
-190, 
-168, 
-124, 
-76, 
-128, 
-96, 
-110, 
-24, 
44, 
42, 
76, 
92, 
96, 
108, 
90, 
100, 
162, 
164, 
152, 
102, 
84, 
124, 
86, 
48, 
92, 
110, 
90, 
30, 
78, 
18, 
18, 
34, 
64, 
92, 
72, 
56, 
50, 
54, 
70, 
90, 
-8, 
-42, 
-80, 
-32, 
-64, 
48, 
-24, 
-64, 
-30, 
44, 
56, 
84, 
58, 
90, 
130, 
84, 
60, 
30, 
-22, 
48, 
36, 
10, 
-80, 
-48, 
56, 
88, 
140, 
170, 
88, 
38, 
-28, 
-28, 
60, 
98, 
48, 
126, 
156, 
130, 
86, 
68, 
8, 
60, 
128, 
96, 
48, 
36, 
26, 
22, 
-42, 
-12, 
20, 
36, 
-6, 
-10, 
54, 
24, 
28, 
38, 
86, 
-24, 
-84, 
-56, 
44, 
118, 
86, 
46, 
44, 
90, 
94, 
138, 
90, 
26, 
-2, 
32, 
118, 
110, 
80, 
-20, 
-106, 
-158, 
-128, 
-128, 
-68, 
-88, 
-126, 
-124, 
-140, 
-108, 
-30, 
-30, 
-100, 
-64, 
-60, 
-28, 
-86, 
-50, 
0, 
32, 
-16, 
38, 
18, 
30, 
58, 
24, 
-32, 
70, 
68, 
52, 
68, 
-8, 
-86, 
-22, 
-80, 
-68, 
-82, 
-98, 
-60, 
-56, 
-6, 
-64, 
-110, 
-140, 
-156, 
-96, 
-32, 
-50, 
-54, 
6, 
-6, 
-46, 
-12, 
-24, 
14, 
32, 
72, 
124, 
128, 
84, 
-44, 
-100, 
-52, 
-14, 
30, 
128, 
164, 
110, 
58, 
56, 
30, 
0, 
-44, 
-154, 
-118, 
-150, 
-104, 
-26, 
-10, 
-40, 
-60, 
-108, 
-122, 
-176, 
-186, 
-170, 
-154, 
-170, 
-142, 
-120, 
-162, 
-144, 
-126, 
-144, 
-40, 
-54, 
-92, 
-60, 
-52, 
-8, 
30, 
70, 
130, 
114, 
144, 
184, 
146, 
144, 
76, 
66, 
98, 
114, 
54, 
46, 
40, 
-54, 
-70, 
-106, 
-118, 
-164, 
-198, 
-200, 
-78, 
-6, 
30, 
34, 
-74, 
-18, 
40, 
-36, 
-38, 
-30, 
48, 
98, 
94, 
66, 
104, 
80, 
110, 
48, 
52, 
16, 
62, 
130, 
114, 
84, 
100, 
18, 
-8, 
48, 
88, 
66, 
32, 
-10, 
-36, 
20, 
2, 
48, 
108, 
168, 
168, 
98, 
50, 
50, 
2, 
-4, 
-22, 
18, 
-16, 
-42, 
-10, 
-54, 
-70, 
-72, 
56, 
76, 
108, 
116, 
112, 
126, 
174, 
188, 
250, 
254, 
222, 
146, 
118, 
102, 
120, 
24, 
22, 
-50, 
-32, 
-66, 
-94, 
-10, 
-48, 
2, 
26, 
26, 
10, 
10, 
-6, 
-46, 
-122, 
-50, 
-28, 
48, 
50, 
2, 
28, 
14, 
-50, 
-142, 
-154, 
-194, 
-228, 
-210, 
-124, 
-48, 
28, 
-12, 
-52, 
-52, 
0, 
-60, 
-44, 
-90, 
-174, 
-108, 
-176, 
-174, 
-120, 
-148, 
-120, 
-148, 
-170, 
-114, 
-32, 
18, 
-22, 
-14, 
2, 
86, 
86, 
56, 
16, 
28, 
34, 
90, 
72, 
62, 
38, 
94, 
84, 
114, 
108, 
132, 
140, 
150, 
166, 
82, 
24, 
96, 
96, 
68, 
12, 
-44, 
34, 
64, 
94, 
36, 
62, 
120, 
142, 
174, 
230, 
246, 
146, 
120, 
24, 
78, 
18, 
6, 
-62, 
-54, 
-54, 
-60, 
-32, 
22, 
-20, 
-38, 
-18, 
6, 
-8, 
-56, 
-18, 
8, 
36, 
0, 
82, 
68, 
-2, 
-12, 
-50, 
54, 
150, 
128, 
68, 
46, 
-42, 
-70, 
-90, 
-42, 
26, 
4, 
-16, 
-14, 
36, 
-2, 
24, 
-50, 
-64, 
-100, 
-54, 
-28, 
-74, 
-90, 
-96, 
-80, 
-124, 
-154, 
-36, 
-88, 
-72, 
-102, 
-172, 
-92, 
-142, 
-128, 
-94, 
-112, 
-102, 
-130, 
-156, 
-140, 
-92, 
-30, 
-58, 
-28, 
-22, 
-44, 
-24, 
-28, 
