10, 
-14, 
-36, 
-40, 
-26, 
8, 
0, 
-34, 
-46, 
-24, 
-22, 
-48, 
-32, 
-42, 
-60, 
-36, 
-40, 
-36, 
-28, 
-30, 
2, 
22, 
48, 
96, 
92, 
96, 
80, 
92, 
86, 
72, 
78, 
90, 
86, 
68, 
96, 
74, 
76, 
74, 
68, 
52, 
80, 
62, 
62, 
36, 
60, 
50, 
46, 
52, 
38, 
54, 
78, 
78, 
70, 
92, 
102, 
90, 
76, 
84, 
86, 
60, 
60, 
80, 
86, 
78, 
50, 
82, 
102, 
88, 
74, 
52, 
56, 
30, 
12, 
42, 
52, 
32, 
70, 
82, 
50, 
56, 
48, 
72, 
90, 
120, 
132, 
124, 
136, 
116, 
124, 
112, 
102, 
110, 
124, 
104, 
74, 
82, 
106, 
120, 
90, 
74, 
74, 
48, 
50, 
100, 
86, 
88, 
74, 
108, 
86, 
88, 
88, 
80, 
116, 
146, 
150, 
164, 
144, 
148, 
154, 
146, 
130, 
90, 
74, 
66, 
52, 
72, 
94, 
88, 
76, 
100, 
96, 
84, 
76, 
60, 
68, 
58, 
44, 
22, 
-2, 
-12, 
-16, 
-24, 
-26, 
-16, 
-24, 
-2, 
10, 
10, 
24, 
28, 
6, 
-14, 
-12, 
-12, 
-28, 
-28, 
-12, 
4, 
30, 
24, 
-18, 
-22, 
-44, 
-58, 
-48, 
-30, 
-38, 
-26, 
-44, 
-66, 
-46, 
-64, 
-26, 
-30, 
-24, 
-20, 
-2, 
-16, 
-38, 
-28, 
-50, 
-52, 
-52, 
-54, 
-46, 
-42, 
-52, 
-52, 
-84, 
-100, 
-92, 
-82, 
-84, 
-80, 
-86, 
-100, 
-92, 
-130, 
-148, 
-136, 
-136, 
-162, 
-158, 
-166, 
-162, 
-164, 
-146, 
-146, 
-120, 
-132, 
-146, 
-150, 
-166, 
-174, 
-170, 
-214, 
-240, 
-234, 
-232, 
-230, 
-240, 
-254, 
-262, 
-264, 
-272, 
-280, 
-282, 
-302, 
-308, 
-314, 
-320, 
-332, 
-314, 
-308, 
-302, 
-300, 
-316, 
-302, 
-306, 
-324, 
-356, 
-360, 
-368, 
-382, 
-370, 
-374, 
-374, 
-372, 
-382, 
-390, 
-380, 
-372, 
-372, 
-370, 
-348, 
-364, 
-356, 
-376, 
-352, 
-374, 
-374, 
-368, 
-364, 
-376, 
-368, 
-374, 
-368, 
-376, 
-368, 
-372, 
-362, 
-362, 
-358, 
-372, 
-360, 
-360, 
-370, 
-374, 
-368, 
-374, 
-392, 
-376, 
-378, 
-374, 
-378, 
-388, 
-374, 
-376, 
-376, 
-380, 
-386, 
-380, 
-360, 
-374, 
-370, 
-348, 
-344, 
-332, 
-330, 
-336, 
-340, 
-364, 
-362, 
-366, 
-378, 
-362, 
-354, 
-342, 
-348, 
-354, 
-350, 
-356, 
-366, 
-374, 
-382, 
-382, 
-374, 
-376, 
-382, 
-380, 
-378, 
-362, 
-366, 
-350, 
-354, 
-362, 
-368, 
-384, 
-386, 
-382, 
-382, 
-364, 
-380, 
-370, 
-372, 
-380, 
-372, 
-368, 
-372, 
-368, 
-350, 
-368, 
-374, 
-388, 
-380, 
-358, 
-370, 
-374, 
-378, 
-380, 
-382, 
-370, 
-374, 
-382, 
-372, 
-370, 
-380, 
-378, 
-370, 
-380, 
-372, 
-374, 
-372, 
-386, 
-384, 
-384, 
-376, 
-364, 
-354, 
-356, 
-376, 
-384, 
-382, 
-376, 
-368, 
-364, 
-366, 
-364, 
-356, 
-356, 
-356, 
-358, 
-366, 
-370, 
-358, 
-364, 
-366, 
-372, 
-376, 
-380, 
-372, 
-368, 
-370, 
-378, 
-368, 
-362, 
-366, 
-370, 
-378, 
-370, 
-370, 
-368, 
-358, 
-346, 
-334, 
-342, 
-348, 
-358, 
-362, 
-358, 
-362, 
-366, 
-372, 
-372, 
-362, 
-348, 
-344, 
-360, 
-370, 
-352, 
-360, 
-360, 
-346, 
-362, 
-364, 
-354, 
-364, 
-360, 
-356, 
-366, 
-378, 
-382, 
-384, 
-378, 
-354, 
-362, 
-340, 
-336, 
-370, 
-356, 
-366, 
-352, 
-370, 
-370, 
-370, 
-378, 
-374, 
-366, 
-348, 
-354, 
-356, 
-356, 
-354, 
-368, 
-342, 
-364, 
-376, 
-380, 
-378, 
-388, 
-394, 
-390, 
-394, 
-374, 
-356, 
-360, 
-356, 
-334, 
-348, 
-364, 
-358, 
-356, 
-370, 
-352, 
-358, 
-358, 
-354, 
-358, 
-356, 
-360, 
-350, 
-350, 
-346, 
-338, 
-322, 
-356, 
-336, 
-326, 
-338, 
-346, 
-340, 
-352, 
-344, 
-356, 
-350, 
-356, 
-362, 
-374, 
-374, 
-362, 
-370, 
-372, 
-370, 
-372, 
-378, 
-368, 
-360, 
-370, 
-386, 
-388, 
-386, 
-382, 
-378, 
-390, 
-390, 
-380, 
-372, 
-356, 
-358, 
-352, 
-368, 
-384, 
-372, 
-366, 
-374, 
-384, 
-366, 
-374, 
-374, 
-366, 
-374, 
-366, 
-366, 
-358, 
-342, 
-342, 
-358, 
-350, 
-354, 
-356, 
-366, 
-362, 
-358, 
-368, 
-362, 
-372, 
-372, 
-366, 
-374, 
-372, 
-368, 
-378, 
-360, 
-366, 
-376, 
-362, 
-366, 
-364, 
-360, 
-372, 
-374, 
-366, 
-366, 
-368, 
-386, 
-384, 
-382, 
-374, 
-382, 
-376, 
-372, 
-386, 
-376, 
-376, 
-370, 
-378, 
-374, 
-374, 
-356, 
-352, 
-356, 
-356, 
-356, 
-364, 
-352, 
-358, 
-358, 
-374, 
-374, 
-374, 
-378, 
-378, 
-380, 
-376, 
-362, 
-372, 
-364, 
-374, 
-362, 
-348, 
-346, 
-358, 
-368, 
-366, 
-378, 
-378, 
-374, 
-382, 
-372, 
-374, 
-378, 
-370, 
-372, 
-370, 
-364, 
-374, 
-366, 
-364, 
-362, 
-370, 
-370, 
-372, 
-380, 
-376, 
-378, 
-388, 
-382, 
-374, 
-354, 
-362, 
-370, 
-372, 
-378, 
-372, 
-374, 
-364, 
-346, 
-364, 
-374, 
-370, 
-366, 
-350, 
-342, 
-346, 
-354, 
-346, 
-366, 
-364, 
-374, 
-388, 
-378, 
-376, 
-376, 
-382, 
-384, 
-382, 
-384, 
-388, 
-390, 
-388, 
-384, 
-384, 
-380, 
-372, 
-382, 
-380, 
-382, 
-382, 
-372, 
-380, 
-384, 
-374, 
-384, 
-386, 
-386, 
-382, 
-384, 
-370, 
-364, 
-360, 
-366, 
-340, 
-332, 
-336, 
-350, 
-362, 
-374, 
-358, 
-350, 
-332, 
-330, 
-344, 
-348, 
-358, 
-352, 
-360, 
-360, 
-356, 
-368, 
-374, 
-364, 
-362, 
-378, 
-386, 
-386, 
-374, 
-376, 
-382, 
-386, 
-370, 
-376, 
-366, 
-362, 
-364, 
-360, 
-352, 
-342, 
-356, 
-356, 
-354, 
-366, 
-388, 
-378, 
-374, 
-368, 
-380, 
-374, 
-358, 
-368, 
-378, 
-372, 
-388, 
-382, 
-378, 
-372, 
-380, 
-370, 
-346, 
-360, 
-358, 
-376, 
-378, 
-382, 
-382, 
-386, 
-382, 
-382, 
-356, 
-366, 
-370, 
-384, 
-384, 
-384, 
-384, 
-386, 
-384, 
-380, 
-372, 
-358, 
-364, 
-356, 
-366, 
-374, 
-380, 
-364, 
-368, 
-362, 
-378, 
-364, 
-372, 
-380, 
-362, 
-358, 
-374, 
-382, 
-384, 
-368, 
-376, 
-382, 
-380, 
-384, 
-378, 
-374, 
-376, 
-382, 
-376, 
-370, 
-378, 
-384, 
-384, 
-394, 
-388, 
-380, 
-380, 
-376, 
-382, 
-384, 
-376, 
-372, 
-366, 
-356, 
-360, 
-368, 
-356, 
-360, 
-378, 
-374, 
-382, 
-370, 
-352, 
-362, 
-358, 
-372, 
-380, 
-384, 
-378, 
-376, 
-362, 
-346, 
-352, 
-352, 
-366, 
-358, 
-366, 
-372, 
-372, 
-378, 
-384, 
-370, 
-374, 
-376, 
-378, 
-378, 
-380, 
-356, 
-360, 
-368, 
-382, 
-368, 
-360, 
-348, 
-360, 
-386, 
-370, 
-362, 
-368, 
-372, 
-372, 
-350, 
-366, 
-370, 
-370, 
-382, 
-378, 
-376, 
-366, 
-372, 
-374, 
-382, 
-380, 
-376, 
-380, 
-374, 
-374, 
-380, 
-384, 
-372, 
-372, 
-378, 
-374, 
-374, 
-364, 
-372, 
-384, 
-370, 
-384, 
-384, 
-380, 
-382, 
-384, 
-374, 
-378, 
-374, 
-380, 
-368, 
-374, 
-366, 
-366, 
-370, 
-376, 
-370, 
-382, 
-392, 
-388, 
-388, 
-378, 
-378, 
-378, 
-376, 
-386, 
-384, 
-378, 
-382, 
-378, 
-372, 
-374, 
-366, 
-356, 
-352, 
-350, 
-350, 
-356, 
-368, 
-376, 
-372, 
-372, 
-368, 
-374, 
-366, 
-362, 
-350, 
-358, 
-370, 
-358, 
-364, 
-366, 
-372, 
-368, 
-368, 
-384, 
-378, 
-374, 
-376, 
-382, 
-396, 
-390, 
-390, 
-390, 
-392, 
-394, 
-380, 
-376, 
-360, 
-362, 
-378, 
-360, 
-360, 
-376, 
-382, 
-378, 
-380, 
-378, 
-384, 
-374, 
-356, 
-370, 
-358, 
-352, 
-342, 
-342, 
-372, 
-360, 
-374, 
-376, 
-366, 
-366, 
-366, 
-382, 
-380, 
-390, 
-394, 
-388, 
-384, 
-368, 
-354, 
-372, 
-386, 
-378, 
-384, 
-376, 
-392, 
-386, 
-382, 
-372, 
-370, 
-376, 
-374, 
-374, 
-374, 
-380, 
-374, 
-370, 
-384, 
-374, 
-378, 
-368, 
-362, 
-356, 
-370, 
-354, 
-356, 
