inf, 
343.96, 
371.92, 
381.193, 
385.855, 
388.628, 
390.493, 
391.8, 
392.803, 
393.576, 
394.2, 
394.718, 
395.147, 
395.494, 
395.809, 
396.085, 
396.305, 
396.499, 
396.686, 
396.844, 
396.997, 
397.129, 
397.252, 
397.36, 
397.452, 
397.543, 
397.632, 
397.71, 
397.784, 
397.85, 
397.91, 
397.97, 
398.022, 
398.071, 
398.118, 
398.16, 
398.206, 
398.248, 
398.287, 
398.329, 
398.361, 
398.398, 
398.428, 
398.461, 
398.488, 
398.518, 
398.538, 
398.567, 
398.594, 
398.619, 
398.64, 
398.656, 
398.674, 
398.687, 
398.707, 
398.724, 
398.742, 
398.759, 
398.774, 
398.791, 
398.808, 
398.821, 
398.837, 
398.851, 
398.861, 
398.873, 
398.883, 
398.897, 
398.909, 
398.922, 
398.935, 
398.941, 
398.948, 
398.959, 
398.969, 
398.98, 
398.99, 
398.999, 
399.008, 
399.016, 
399.026, 
399.036, 
399.045, 
399.054, 
399.063, 
399.071, 
399.078, 
399.087, 
399.094, 
399.099, 
399.107, 
399.113, 
399.118, 
399.125, 
399.131, 
399.136, 
399.142, 
399.149, 
399.155, 
399.162, 
399.168, 
399.174, 
399.178, 
399.182, 
399.185, 
399.191, 
399.193, 
399.196, 
399.201, 
399.207, 
399.211, 
399.214, 
399.215, 
399.219, 
399.223, 
399.229, 
399.234, 
399.236, 
399.24, 
399.243, 
399.248, 
399.253, 
399.257, 
399.261, 
399.263, 
399.268, 
399.271, 
399.275, 
399.278, 
399.281, 
399.286, 
399.289, 
399.29, 
399.294, 
399.294, 
399.299, 
399.301, 
399.304, 
399.309, 
399.313, 
399.317, 
399.32, 
399.323, 
399.323, 
399.325, 
399.328, 
399.33, 
399.333, 
399.335, 
399.338, 
399.341, 
399.343, 
399.345, 
399.348, 
399.351, 
399.354, 
399.356, 
399.359, 
399.361, 
399.363, 
399.366, 
399.368, 
399.369, 
399.372, 
399.373, 
399.375, 
399.378, 
399.381, 
399.382, 
399.384, 
399.386, 
399.389, 
399.391, 
399.393, 
399.394, 
399.396, 
399.397, 
399.399, 
399.401, 
399.403, 
399.405, 
399.407, 
399.409, 
399.411, 
399.413, 
399.413, 
399.415, 
399.415, 
399.417, 
399.417, 
399.418, 
399.42, 
399.42, 
399.422, 
399.423, 
399.426, 
399.428, 
399.43, 
399.432, 
399.434, 
399.436, 
399.437, 
399.439, 
399.44, 
399.441, 
399.442, 
399.442, 
399.443, 
399.445, 
399.446, 
399.447, 
399.448, 
399.448, 
399.45, 
399.451, 
399.452, 
399.454, 
399.455, 
399.455, 
399.456, 
399.457, 
399.458, 
399.46, 
399.46, 
399.461, 
399.463, 
399.462, 
399.464, 
399.466, 
399.468, 
399.469, 
399.471, 
399.472, 
399.473, 
399.474, 
399.475, 
399.475, 
399.476, 
399.477, 
399.477, 
399.479, 
399.479, 
399.479, 
399.48, 
399.481, 
399.482, 
399.484, 
399.485, 
399.486, 
399.487, 
399.489, 
399.489, 
399.49, 
399.491, 
399.49, 
399.492, 
399.492, 
399.494, 
399.495, 
399.496, 
399.497, 
399.498, 
399.498, 
399.499, 
399.5, 
399.5, 
399.501, 
399.502, 
399.502, 
399.503, 
399.503, 
399.504, 
399.504, 
399.505, 
399.506, 
399.507, 
399.508, 
399.51, 
399.511, 
399.512, 
399.513, 
399.514, 
399.515, 
399.516, 
399.516, 
399.518, 
399.518, 
399.518, 
399.518, 
399.519, 
399.52, 
399.52, 
399.521, 
399.522, 
399.522, 
399.523, 
399.524, 
399.524, 
399.525, 
399.525, 
399.525, 
399.526, 
399.527, 
399.527, 
399.528, 
399.528, 
399.529, 
399.53, 
399.531, 
399.531, 
399.532, 
399.531, 
399.531, 
399.531, 
399.532, 
399.533, 
399.534, 
399.534, 
399.535, 
399.536, 
399.536, 
399.537, 
399.538, 
399.538, 
399.539, 
399.539, 
399.54, 
399.541, 
399.541, 
399.541, 
399.542, 
399.543, 
399.543, 
399.544, 
399.544, 
399.544, 
399.545, 
399.546, 
399.547, 
399.547, 
399.548, 
399.547, 
399.548, 
399.548, 
399.548, 
399.549, 
399.549, 
399.549, 
399.55, 
399.55, 
399.55, 
399.551, 
399.551, 
399.552, 
399.552, 
399.553, 
399.553, 
399.555, 
399.555, 
399.555, 
399.556, 
399.557, 
399.557, 
399.557, 
399.558, 
399.558, 
399.558, 
399.558, 
399.559, 
399.56, 
399.56, 
399.56, 
399.56, 
399.56, 
399.561, 
399.561, 
399.562, 
399.562, 
399.561, 
399.562, 
399.562, 
399.563, 
399.563, 
399.564, 
399.565, 
399.566, 
399.566, 
399.567, 
399.567, 
399.568, 
399.568, 
399.569, 
399.57, 
399.57, 
399.57, 
399.57, 
399.571, 
399.571, 
399.571, 
399.572, 
399.573, 
399.573, 
399.573, 
399.573, 
399.573, 
399.573, 
399.573, 
399.573, 
399.573, 
399.573, 
399.573, 
399.574, 
399.574, 
399.575, 
399.575, 
399.575, 
399.576, 
399.576, 
399.576, 
399.577, 
399.577, 
399.577, 
399.578, 
399.578, 
399.578, 
399.578, 
399.578, 
399.578, 
399.579, 
399.579, 
399.58, 
399.58, 
399.58, 
399.58, 
399.581, 
399.581, 
399.581, 
399.582, 
399.582, 
399.583, 
399.583, 
399.583, 
399.584, 
399.584, 
399.585, 
399.585, 
399.586, 
399.586, 
399.586, 
399.587, 
399.586, 
399.586, 
399.587, 
399.587, 
399.587, 
399.588, 
399.587, 
399.588, 
399.588, 
399.589, 
399.589, 
399.589, 
399.59, 
399.59, 
399.591, 
399.591, 
399.591, 
399.591, 
399.592, 
399.592, 
399.592, 
399.593, 
399.593, 
399.593, 
399.594, 
399.594, 
399.595, 
399.595, 
399.595, 
399.596, 
399.596, 
399.597, 
399.597, 
399.597, 
399.597, 
399.598, 
399.598, 
399.598, 
399.598, 
399.598, 
399.599, 
399.599, 
399.599, 
399.599, 
399.599, 
399.599, 
399.599, 
399.6, 
399.599, 
399.599, 
399.599, 
399.6, 
399.6, 
399.6, 
399.6, 
399.6, 
399.6, 
399.601, 
399.601, 
399.602, 
399.602, 
399.602, 
399.603, 
399.603, 
399.603, 
399.603, 
399.603, 
399.603, 
399.604, 
399.604, 
399.604, 
399.604, 
399.604, 
399.604, 
399.604, 
399.605, 
399.605, 
399.605, 
399.605, 
399.605, 
399.605, 
399.605, 
399.606, 
399.606, 
399.606, 
399.606, 
399.606, 
399.606, 
399.606, 
399.607, 
399.607, 
399.607, 
399.607, 
399.607, 
399.608, 
399.608, 
399.608, 
399.608, 
399.608, 
399.609, 
399.609, 
399.609, 
399.609, 
399.609, 
399.609, 
399.61, 
399.61, 
399.61, 
399.61, 
399.609, 
399.61, 
399.61, 
399.61, 
399.61, 
399.611, 
399.611, 
399.611, 
399.611, 
399.611, 
399.611, 
399.611, 
399.612, 
399.612, 
399.612, 
399.613, 
399.613, 
399.613, 
399.613, 
399.613, 
399.613, 
399.614, 
399.614, 
399.614, 
399.614, 
399.614, 
399.614, 
399.615, 
399.615, 
399.615, 
399.615, 
399.615, 
399.616, 
399.615, 
399.616, 
399.616, 
399.617, 
399.617, 
399.617, 
399.617, 
399.617, 
399.618, 
399.618, 
399.618, 
399.618, 
399.618, 
399.618, 
399.618, 
399.618, 
399.618, 
399.618, 
399.618, 
399.618, 
399.619, 
399.619, 
399.619, 
399.619, 
399.619, 
399.619, 
399.619, 
399.619, 
399.619, 
399.62, 
399.62, 
399.62, 
399.62, 
399.62, 
399.62, 
399.62, 
399.62, 
399.621, 
399.62, 
399.621, 
399.621, 
399.621, 
399.621, 
399.621, 
399.622, 
399.622, 
399.622, 
399.622, 
399.622, 
399.622, 
399.623, 
399.623, 
399.623, 
399.623, 
399.623, 
399.623, 
399.623, 
399.623, 
399.623, 
399.623, 
399.624, 
399.624, 
399.624, 
399.624, 
399.624, 
399.624, 
399.624, 
399.624, 
399.625, 
399.625, 
399.625, 
399.626, 
399.625, 
399.626, 
399.626, 
399.626, 
399.626, 
399.627, 
399.626, 
399.626, 
399.626, 
399.626, 
399.626, 
399.626, 
399.627, 
399.627, 
399.627, 
399.627, 
399.628, 
399.628, 
399.628, 
399.628, 
399.629, 
399.628, 
399.628, 
399.629, 
399.629, 
399.629, 
399.629, 
399.629, 
399.629, 
399.629, 
399.629, 
399.629, 
399.629, 
399.629, 
399.629, 
399.63, 
399.63, 
399.63, 
399.63, 
399.63, 
399.631, 
399.631, 
399.631, 
399.632, 
399.632, 
399.632, 
399.632, 
399.632, 
399.632, 
399.633, 
399.633, 
399.633, 
399.633, 
399.633, 
399.634, 
399.634, 
399.634, 
399.634, 
399.634, 
399.634, 
399.634, 
399.634, 
399.634, 
399.634, 
399.634, 
399.634, 
399.634, 
399.635, 
399.635, 
399.635, 
399.635, 
399.636, 
399.636, 
399.636, 
399.636, 
399.636, 
399.636, 
399.636, 
399.636, 
399.637, 
399.636, 
399.636, 
399.636, 
399.636, 
399.636, 
399.637, 
399.637, 
399.637, 
399.637, 
399.637, 
399.637, 
399.637, 
399.637, 
399.637, 
399.637, 
399.638, 
399.638, 
399.638, 
399.638, 
399.638, 
399.638, 
399.638, 
399.638, 
399.638, 
399.638, 
399.638, 
399.638, 
399.638, 
399.638, 
399.638, 
399.639, 
399.639, 
399.639, 
399.639, 
399.639, 
399.639, 
399.639, 
399.64, 
399.64, 
399.64, 
399.64, 
399.64, 
399.64, 
399.64, 
399.64, 
399.64, 
399.64, 
399.64, 
399.64, 
399.64, 
399.64, 
399.641, 
399.641, 
399.641, 
399.641, 
399.641, 
399.641, 
399.641, 
399.641, 
399.641, 
399.641, 
399.642, 
399.641, 
399.641, 
399.641, 
399.641, 
399.641, 
399.642, 
399.642, 
399.642, 
399.642, 
399.642, 
399.642, 
399.642, 
399.642, 
399.642, 
399.642, 
399.642, 
399.642, 
399.643, 
399.643, 
399.643, 
399.643, 
399.643, 
399.643, 
399.643, 
399.643, 
399.643, 
399.643, 
399.644, 
399.644, 
399.644, 
399.644, 
399.644, 
399.644, 
399.644, 
399.645, 
399.644, 
399.645, 
399.645, 
399.645, 
399.645, 
399.645, 
399.645, 
399.645, 
399.645, 
399.645, 
399.645, 
399.645, 
399.645, 
399.645, 
399.645, 
399.645, 
399.645, 
399.645, 
399.645, 
399.645, 
399.646, 
399.646, 
399.645, 
399.646, 
399.646, 
399.646, 
399.646, 
399.646, 
399.646, 
399.646, 
399.646, 
399.646, 
399.646, 
399.646, 
399.646, 
399.646, 
399.646, 
399.646, 
399.647, 
399.646, 
399.647, 
399.646, 
399.646, 
399.646, 
399.647, 
399.647, 
399.647, 
399.647, 
399.647, 
399.647, 
399.647, 
399.647, 
399.647, 
399.647, 
399.647, 
399.647, 
399.647, 
399.648, 
399.648, 
399.648, 
399.648, 
399.648, 
399.648, 
399.648, 
399.648, 
399.648, 
399.648, 
399.648, 
399.648, 
399.648, 
399.648, 
399.649, 
399.649, 
399.649, 
399.649, 
399.649, 
399.649, 
399.649, 
399.649, 
399.649, 
399.649, 
399.649, 
399.649, 
399.649, 
399.649, 
399.649, 
399.649, 
399.649, 
399.649, 
399.649, 
399.649, 
399.649, 
399.65, 
399.65, 
399.65, 
399.65, 
399.65, 
399.65, 
399.65, 
399.65, 
399.65, 
399.65, 
399.65, 
399.65, 
399.65, 
399.65, 
399.65, 
399.65, 
399.65, 
399.65, 
399.651, 
399.651, 
399.651, 
399.651, 
399.651, 
399.651, 
399.651, 
399.651, 
399.651, 
399.651, 
399.651, 
399.651, 
399.651, 
399.652, 
399.652, 
399.651, 
399.651, 
399.652, 
399.652, 
399.652, 
399.652, 
399.651, 
399.651, 
399.651, 
399.651, 
399.651, 
399.651, 
399.652, 
399.652, 
399.652, 
399.652, 
399.652, 
399.652, 
399.652, 
399.652, 
399.652, 
399.652, 
399.652, 
399.652, 
399.652, 
399.652, 
399.652, 
399.652, 
399.652, 
399.652, 
399.652, 
399.652, 
399.652, 
399.652, 
399.653, 
399.653, 
399.653, 
399.653, 
399.652, 
399.653, 
399.653, 
399.653, 
399.653, 
399.653, 
399.653, 
399.653, 
399.653, 
399.653, 
399.653, 
399.653, 
399.654, 
399.654, 
399.654, 
399.654, 
399.654, 
399.654, 
399.654, 
399.654, 
399.654, 
399.654, 
399.654, 
399.654, 
399.654, 
399.654, 
399.654, 
399.654, 
399.654, 
399.655, 
399.654, 
399.655, 
399.655, 
399.655, 
399.655, 
399.655, 
399.655, 
399.655, 
399.655, 
399.655, 
399.655, 
399.654, 
399.655, 
399.655, 
399.655, 
399.655, 
399.655, 
399.655, 
399.655, 
399.655, 
399.655, 
399.656, 
399.656, 
399.656, 
399.656, 
399.656, 
399.656, 
399.656, 
399.656, 
399.656, 
399.656, 
399.656, 
399.656, 
399.656, 
399.656, 
399.656, 
399.656, 
399.656, 
399.656, 
399.656, 
399.656, 
399.656, 
399.656, 
399.656, 
399.656, 
399.656, 
399.656, 
399.657, 
399.657, 
399.657, 
399.657, 
399.657, 
399.657, 
399.657, 
399.657, 
399.657, 
399.657, 
399.657, 
399.657, 
399.657, 
399.657, 
399.657, 
399.657, 
399.657, 
399.657, 
399.657, 
399.657, 
399.657, 
399.657, 
399.657, 
399.657, 
399.658, 
399.657, 
399.658, 
399.657, 
399.657, 
399.657, 
399.657, 
399.658, 
399.658, 
399.658, 
399.658, 
399.658, 
399.658, 
399.658, 
399.658, 
399.658, 
399.659, 
399.659, 
399.659, 
399.659, 
399.659, 
399.659, 
399.659, 
399.659, 
399.659, 
399.659, 
399.659, 
399.659, 
399.659, 
399.659, 
399.659, 
399.659, 
399.659, 
399.659, 
399.659, 
399.659, 
399.659, 
399.659, 
399.659, 
399.659, 
399.659, 
399.659, 
399.659, 
399.659, 
399.66, 
399.66, 
399.66, 
399.66, 
399.66, 
399.66, 
399.66, 
399.66, 
399.66, 
399.661, 
399.661, 
399.661, 
399.661, 
399.661, 
399.661, 
399.661, 
399.661, 
399.661, 
399.661, 
399.661, 
399.661, 
399.661, 
399.661, 
399.661, 
399.66, 
399.661, 
399.661, 
399.661, 
399.661, 
399.661, 
399.661, 
399.661, 
399.661, 
399.661, 
399.661, 
399.661, 
399.661, 
399.661, 
399.661, 
399.661, 
399.661, 
399.661, 
399.661, 
399.662, 
399.661, 
399.661, 
399.661, 
399.661, 
399.661, 
399.661, 
399.662, 
399.662, 
399.662, 
399.662, 
399.662, 
399.662, 
399.662, 
399.662, 
399.662, 
399.662, 
399.662, 
399.662, 
399.662, 
399.662, 
399.662, 
399.662, 
399.662, 
399.662, 
399.662, 
399.663, 
399.663, 
399.663, 
399.663, 
399.663, 
399.663, 
399.663, 
399.663, 
399.663, 
399.663, 
399.663, 
399.663, 
399.663, 
399.663, 
399.663, 
399.663, 
399.663, 
399.663, 
399.664, 
399.664, 
399.664, 
399.664, 
399.664, 
399.664, 
399.664, 
399.664, 
399.664, 
399.664, 
399.664, 
399.664, 
399.664, 
399.664, 
399.665, 
399.665, 
399.664, 
399.664, 
399.664, 
399.664, 
399.665, 
399.665, 
399.665, 
399.665, 
399.665, 
399.665, 
399.665, 
399.665, 
399.665, 
399.665, 
399.665, 
399.665, 
399.665, 
399.665, 
399.665, 
399.665, 
399.665, 
399.665, 
399.666, 
399.665, 
399.665, 
399.665, 
399.666, 
399.665, 
399.666, 
399.666, 
399.666, 
399.666, 
399.666, 
399.666, 
399.666, 
399.666, 
399.666, 
399.666, 
399.666, 
399.666, 
399.666, 
399.666, 
399.666, 
399.666, 
399.666, 
399.666, 
399.667, 
399.667, 
399.667, 
399.667, 
399.667, 
399.667, 
399.667, 
399.667, 
399.667, 
399.667, 
399.668, 
399.667, 
399.667, 
399.667, 
399.667, 
399.667, 
399.667, 
399.667, 
399.667, 
399.667, 
399.667, 
399.667, 
399.667, 
399.667, 
399.667, 
399.667, 
399.667, 
399.667, 
399.667, 
399.667, 
399.667, 
399.667, 
399.667, 
399.668, 
399.668, 
399.668, 
399.668, 
399.668, 
399.668, 
399.668, 
399.668, 
399.668, 
399.668, 
399.668, 
399.668, 
399.668, 
399.668, 
399.668, 
399.668, 
399.668, 
399.668, 
399.669, 
399.669, 
399.669, 
399.669, 
399.669, 
399.669, 
399.669, 
399.669, 
399.668, 
399.669, 
399.669, 
399.669, 
399.669, 
399.668, 
399.668, 
399.669, 
399.669, 
399.669, 
399.669, 
399.669, 
399.669, 
399.669, 
399.669, 
399.669, 
399.669, 
399.669, 
399.669, 
399.669, 
399.669, 
399.669, 
399.669, 
399.669, 
399.67, 
399.67, 
399.67, 
399.67, 
399.67, 
399.67, 
399.67, 
399.67, 
399.67, 
399.67, 
399.67, 
399.67, 
399.67, 
399.67, 
399.67, 
399.67, 
399.67, 
399.67, 
399.67, 
399.67, 
399.67, 
399.67, 
399.67, 
399.67, 
399.67, 
399.67, 
399.671, 
399.67, 
399.67, 
399.67, 
399.67, 
399.67, 
399.67, 
399.67, 
399.671, 
399.671, 
399.671, 
399.671, 
399.671, 
399.671, 
399.671, 
399.671, 
399.671, 
399.671, 
399.671, 
399.671, 
399.671, 
399.671, 
399.671, 
399.671, 
399.671, 
399.671, 
399.671, 
399.671, 
399.671, 
399.671, 
399.671, 
399.671, 
399.671, 
399.671, 
399.671, 
399.671, 
399.671, 
399.671, 
399.671, 
399.671, 
399.671, 
399.671, 
399.671, 
399.672, 
399.672, 
399.672, 
399.672, 
399.672, 
399.672, 
399.672, 
399.672, 
399.672, 
399.672, 
399.672, 
399.672, 
399.672, 
399.672, 
399.672, 
399.672, 
399.672, 
399.672, 
399.672, 
399.672, 
399.672, 
399.672, 
399.672, 
399.672, 
399.672, 
399.672, 
399.672, 
399.672, 
399.672, 
399.672, 
399.672, 
399.672, 
399.672, 
399.673, 
399.673, 
399.673, 
399.673, 
399.673, 
399.673, 
399.673, 
399.673, 
399.673, 
399.673, 
399.673, 
399.673, 
399.673, 
399.673, 
399.673, 
399.673, 
399.673, 
399.673, 
399.673, 
399.673, 
399.673, 
399.673, 
399.673, 
399.673, 
399.673, 
399.673, 
399.673, 
399.673, 
399.673, 
399.673, 
399.673, 
399.673, 
399.673, 
399.673, 
399.673, 
399.673, 
399.673, 
399.673, 
399.673, 
399.673, 
399.673, 
399.673, 
399.673, 
399.674, 
399.674, 
399.674, 
399.674, 
399.674, 
399.674, 
399.674, 
399.674, 
399.674, 
399.674, 
399.674, 
399.674, 
399.674, 
399.674, 
399.674, 
399.674, 
399.674, 
399.674, 
399.674, 
399.674, 
399.674, 
399.674, 
399.674, 
399.674, 
399.674, 
399.674, 
399.674, 
399.674, 
399.675, 
399.675, 
399.675, 
399.675, 
399.675, 
399.675, 
399.675, 
399.675, 
399.675, 
399.675, 
399.675, 
399.675, 
399.675, 
399.675, 
399.675, 
399.675, 
399.675, 
399.675, 
399.675, 
399.675, 
399.675, 
399.675, 
399.675, 
399.675, 
399.675, 
399.675, 
399.675, 
399.675, 
399.675, 
399.675, 
399.675, 
399.676, 
399.676, 
399.676, 
399.676, 
399.676, 
399.676, 
399.676, 
399.676, 
399.676, 
399.676, 
399.676, 
399.676, 
399.676, 
399.676, 
399.676, 
399.676, 
399.676, 
399.676, 
399.676, 
399.676, 
399.676, 
399.676, 
399.676, 
399.676, 
399.676, 
399.676, 
399.676, 
399.676, 
399.676, 
399.676, 
399.676, 
399.676, 
399.676, 
399.676, 
399.676, 
399.676, 
399.676, 
399.676, 
399.676, 
399.676, 
399.676, 
399.676, 
399.676, 
399.676, 
399.676, 
399.676, 
399.676, 
399.676, 
399.676, 
399.676, 
399.676, 
399.676, 
399.676, 
399.676, 
399.676, 
399.676, 
399.676, 
399.676, 
399.676, 
399.676, 
399.676, 
399.676, 
399.676, 
399.676, 
399.676, 
399.676, 
399.676, 
399.677, 
399.677, 
399.677, 
399.677, 
399.677, 
399.677, 
399.677, 
399.677, 
399.677, 
399.677, 
399.677, 
399.677, 
399.677, 
399.677, 
399.677, 
399.677, 
399.677, 
399.677, 
399.677, 
399.677, 
399.677, 
399.677, 
399.677, 
399.677, 
399.677, 
399.677, 
399.677, 
399.677, 
399.677, 
399.677, 
399.677, 
399.677, 
399.677, 
399.677, 
399.677, 
399.677, 
399.677, 
399.677, 
399.677, 
399.677, 
399.677, 
399.677, 
399.677, 
399.677, 
399.677, 
399.677, 
399.677, 
399.677, 
399.677, 
399.677, 
399.677, 
399.677, 
399.677, 
399.677, 
399.677, 
399.677, 
399.677, 
399.677, 
399.677, 
399.677, 
399.677, 
399.677, 
399.677, 
399.677, 
399.677, 
399.677, 
399.677, 
399.677, 
399.677, 
399.677, 
399.677, 
399.677, 
399.677, 
399.677, 
399.677, 
399.677, 
399.677, 
399.677, 
399.677, 
399.677, 
399.678, 
399.678, 
399.678, 
399.678, 
399.678, 
399.678, 
399.678, 
399.678, 
399.678, 
399.678, 
399.678, 
399.678, 
399.678, 
399.678, 
399.678, 
399.678, 
399.678, 
399.678, 
399.678, 
399.678, 
399.678, 
399.678, 
399.678, 
399.678, 
399.678, 
399.678, 
399.678, 
399.678, 
399.678, 
399.678, 
399.679, 
399.678, 
399.679, 
399.679, 
399.679, 
399.679, 
399.679, 
399.679, 
399.679, 
399.679, 
399.679, 
399.679, 
399.679, 
399.679, 
399.679, 
399.679, 
399.679, 
399.679, 
399.679, 
399.679, 
399.679, 
399.679, 
399.679, 
399.679, 
399.68, 
399.68, 
399.679, 
399.679, 
399.68, 
399.679, 
399.679, 
399.679, 
399.679, 
399.679, 
399.679, 
399.679, 
399.679, 
399.679, 
399.679, 
399.679, 
399.679, 
399.679, 
399.679, 
399.679, 
399.679, 
399.68, 
399.679, 
399.679, 
399.679, 
399.679, 
399.679, 
399.679, 
399.679, 
399.679, 
399.679, 
399.68, 
399.68, 
399.68, 
399.68, 
399.68, 
399.679, 
399.68, 
399.679, 
399.679, 
399.679, 
399.68, 
399.679, 
399.68, 
399.679, 
399.68, 
399.68, 
399.68, 
399.68, 
399.68, 
399.68, 
399.68, 
399.68, 
399.68, 
399.68, 
399.68, 
399.68, 
399.68, 
399.68, 
399.68, 
399.68, 
399.68, 
399.68, 
399.68, 
399.68, 
399.68, 
399.68, 
399.68, 
399.68, 
399.68, 
399.68, 
399.68, 
399.68, 
399.68, 
399.68, 
399.68, 
399.68, 
399.68, 
399.68, 
399.68, 
399.68, 
399.68, 
399.68, 
399.68, 
399.68, 
399.68, 
399.68, 
399.68, 
399.68, 
399.68, 
399.68, 
399.68, 
399.68, 
399.68, 
399.68, 
399.68, 
399.68, 
399.681, 
399.68, 
399.68, 
399.68, 
399.68, 
399.681, 
399.681, 
399.681, 
399.681, 
399.681, 
399.681, 
399.681, 
399.681, 
399.681, 
399.681, 
399.681, 
399.681, 
399.681, 
399.681, 
399.681, 
399.681, 
399.681, 
399.681, 
399.681, 
399.681, 
399.681, 
399.682, 
399.682, 
399.681, 
399.681, 
399.681, 
399.682, 
399.682, 
399.681, 
399.682, 
399.681, 
399.681, 
399.681, 
399.681, 
399.681, 
399.682, 
399.681, 
399.681, 
399.681, 
399.682, 
399.682, 
399.682, 
399.682, 
399.682, 
399.682, 
399.682, 
399.682, 
399.682, 
399.682, 
399.682, 
399.682, 
399.682, 
399.682, 
399.682, 
399.682, 
399.682, 
399.682, 
399.682, 
399.682, 
399.682, 
399.682, 
399.682, 
399.682, 
399.682, 
399.682, 
399.682, 
399.682, 
399.682, 
399.682, 
399.682, 
399.682, 
399.682, 
399.682, 
399.682, 
399.682, 
399.682, 
399.682, 
399.682, 
399.682, 
399.682, 
399.682, 
399.682, 
399.682, 
399.682, 
399.682, 
399.682, 
399.682, 
399.682, 
399.682, 
399.682, 
399.682, 
399.682, 
399.682, 
399.682, 
399.682, 
399.682, 
399.682, 
399.682, 
399.682, 
399.682, 
399.682, 
399.682, 
399.682, 
399.682, 
399.682, 
399.682, 
399.682, 
399.682, 
399.682, 
399.682, 
399.682, 
399.682, 
399.682, 
399.683, 
399.683, 
399.683, 
399.683, 
399.683, 
399.683, 
399.683, 
399.683, 
399.683, 
399.683, 
399.683, 
399.683, 
399.683, 
399.683, 
399.683, 
399.683, 
399.683, 
399.683, 
399.683, 
399.683, 
399.683, 
399.683, 
399.683, 
399.683, 
399.683, 
399.683, 
399.683, 
399.683, 
399.683, 
399.683, 
399.683, 
399.683, 
399.683, 
399.683, 
399.683, 
399.683, 
399.683, 
399.683, 
399.683, 
399.683, 
399.683, 
399.683, 
399.683, 
399.683, 
399.683, 
399.683, 
399.683, 
399.683, 
399.683, 
399.683, 
399.683, 
399.683, 
399.683, 
399.683, 
399.683, 
399.683, 
399.683, 
399.683, 
399.683, 
399.683, 
399.683, 
399.683, 
399.683, 
399.683, 
399.683, 
399.683, 
399.683, 
399.683, 
399.683, 
399.683, 
399.683, 
399.683, 
399.683, 
399.683, 
399.683, 
399.683, 
399.683, 
399.683, 
399.683, 
399.683, 
399.683, 
399.683, 
399.683, 
399.683, 
399.683, 
399.683, 
399.683, 
399.683, 
399.683, 
399.683, 
399.683, 
399.683, 
399.683, 
399.683, 
399.683, 
399.683, 
399.683, 
399.683, 
399.684, 
399.684, 
399.684, 
399.684, 
399.684, 
399.684, 
399.684, 
399.684, 
399.684, 
399.684, 
399.684, 
399.684, 
399.684, 
399.684, 
399.684, 
399.684, 
399.684, 
399.684, 
399.684, 
399.684, 
399.684, 
399.684, 
399.684, 
399.684, 
399.683, 
399.684, 
399.684, 
399.684, 
399.684, 
399.684, 
399.684, 
399.684, 
399.684, 
399.684, 
399.684, 
399.684, 
399.684, 
399.684, 
399.684, 
399.684, 
399.684, 
399.684, 
399.684, 
399.684, 
399.684, 
399.684, 
399.684, 
399.684, 
399.684, 
399.684, 
399.684, 
399.684, 
399.684, 
399.684, 
399.684, 
399.684, 
399.684, 
399.684, 
399.684, 
399.684, 
399.684, 
399.684, 
399.684, 
399.684, 
399.684, 
399.684, 
399.684, 
399.684, 
399.684, 
399.684, 
399.684, 
399.684, 
399.684, 
399.684, 
399.684, 
399.685, 
399.685, 
399.685, 
399.685, 
399.685, 
399.685, 
399.685, 
399.685, 
399.685, 
399.685, 
399.685, 
399.685, 
399.685, 
399.685, 
399.685, 
399.685, 
399.685, 
399.685, 
399.685, 
399.685, 
399.685, 
399.685, 
399.685, 
399.685, 
399.685, 
399.685, 
399.685, 
399.685, 
399.685, 
399.685, 
399.685, 
399.685, 
399.685, 
399.685, 
399.685, 
399.685, 
399.685, 
399.685, 
399.685, 
399.685, 
399.686, 
399.686, 
399.686, 
399.686, 
399.686, 
399.686, 
399.686, 
399.686, 
399.686, 
399.685, 
399.685, 
399.685, 
399.685, 
399.685, 
399.685, 
399.685, 
399.686, 
399.685, 
399.685, 
399.685, 
399.685, 
399.685, 
399.685, 
399.685, 
399.685, 
399.685, 
399.686, 
399.686, 
399.686, 
399.686, 
399.686, 
399.686, 
399.686, 
399.686, 
399.686, 
399.686, 
399.686, 
399.686, 
399.686, 
399.686, 
399.686, 
399.686, 
399.686, 
399.686, 
399.686, 
399.687, 
399.687, 
399.686, 
399.686, 
399.686, 
399.686, 
399.686, 
399.686, 
399.686, 
399.686, 
399.686, 
399.686, 
399.686, 
399.686, 
399.686, 
399.686, 
399.686, 
399.686, 
399.686, 
399.686, 
399.686, 
399.686, 
399.686, 
399.686, 
399.686, 
399.686, 
399.686, 
399.686, 
399.686, 
399.686, 
399.686, 
399.686, 
399.686, 
399.686, 
399.686, 
399.686, 
399.686, 
399.686, 
399.686, 
399.686, 
399.686, 
399.686, 
399.686, 
399.686, 
399.686, 
399.686, 
399.686, 
399.686, 
399.686, 
399.686, 
399.686, 
399.686, 
399.686, 
399.686, 
399.686, 
399.686, 
399.686, 
399.686, 
399.686, 
399.686, 
399.686, 
399.687, 
399.687, 
399.687, 
399.687, 
399.686, 
399.686, 
399.686, 
399.687, 
399.686, 
399.686, 
399.686, 
399.686, 
399.686, 
399.687, 
399.687, 
399.687, 
399.687, 
399.687, 
399.687, 
399.687, 
399.687, 
399.687, 
399.687, 
399.687, 
399.687, 
399.687, 
399.687, 
399.687, 
399.687, 
399.687, 
399.687, 
399.687, 
399.687, 
399.687, 
399.687, 
399.687, 
399.687, 
399.687, 
399.687, 
399.687, 
399.687, 
399.687, 
399.687, 
399.688, 
399.688, 
399.688, 
399.688, 
399.688, 
399.688, 
399.688, 
399.687, 
399.688, 
399.688, 
399.688, 
399.688, 
399.688, 
399.688, 
399.688, 
399.688, 
399.688, 
399.688, 
399.688, 
399.688, 
399.688, 
399.688, 
399.688, 
399.688, 
399.688, 
399.688, 
399.688, 
399.688, 
399.688, 
399.688, 
399.688, 
399.688, 
399.688, 
399.688, 
399.688, 
399.688, 
399.688, 
399.688, 
399.688, 
399.688, 
399.688, 
399.688, 
399.688, 
399.688, 
399.688, 
399.688, 
399.688, 
399.688, 
399.688, 
399.688, 
399.688, 
399.688, 
399.688, 
399.688, 
399.688, 
399.688, 
399.688, 
399.688, 
399.688, 
399.688, 
399.688, 
399.688, 
399.688, 
399.688, 
399.688, 
399.688, 
399.688, 
399.688, 
399.688, 
399.688, 
399.688, 
399.688, 
399.688, 
399.688, 
399.688, 
399.688, 
399.688, 
399.688, 
399.688, 
399.688, 
399.688, 
399.688, 
399.688, 
399.688, 
399.688, 
399.688, 
399.688, 
399.688, 
399.688, 
399.688, 
399.688, 
399.688, 
399.688, 
399.688, 
399.688, 
399.689, 
399.689, 
399.689, 
399.689, 
399.688, 
399.689, 
399.689, 
399.688, 
399.689, 
399.688, 
399.689, 
399.689, 
399.689, 
399.689, 
399.689, 
399.689, 
399.689, 
399.689, 
399.689, 
399.689, 
399.689, 
399.689, 
399.689, 
399.689, 
399.689, 
399.689, 
399.689, 
399.689, 
399.689, 
399.689, 
399.689, 
399.689, 
399.689, 
399.689, 
399.689, 
399.689, 
399.689, 
399.689, 
399.689, 
399.689, 
399.689, 
399.689, 
399.689, 
399.689, 
399.689, 
399.689, 
399.689, 
399.689, 
399.689, 
399.689, 
399.689, 
399.689, 
399.689, 
399.689, 
399.689, 
399.689, 
399.689, 
399.689, 
399.689, 
399.689, 
399.689, 
399.689, 
399.689, 
399.689, 
399.689, 
399.689, 
399.689, 
399.689, 
399.689, 
399.689, 
399.689, 
399.689, 
399.689, 
399.689, 
399.689, 
399.69, 
399.689, 
399.689, 
399.689, 
399.69, 
399.69, 
399.69, 
399.689, 
399.69, 
399.69, 
399.69, 
399.69, 
399.69, 
399.69, 
399.69, 
399.69, 
399.69, 
399.69, 
399.69, 
399.69, 
399.69, 
399.69, 
399.69, 
399.69, 
399.69, 
399.69, 
399.69, 
399.69, 
399.69, 
399.69, 
399.69, 
399.69, 
399.69, 
399.69, 
399.69, 
399.69, 
399.69, 
399.69, 
399.69, 
399.69, 
399.69, 
399.69, 
399.69, 
399.69, 
399.691, 
399.691, 
399.69, 
399.69, 
399.69, 
399.69, 
399.69, 
399.69, 
399.691, 
399.691, 
399.69, 
399.69, 
399.691, 
399.69, 
399.691, 
399.691, 
399.691, 
399.691, 
399.691, 
399.691, 
399.691, 
399.691, 
399.691, 
399.691, 
399.691, 
399.691, 
399.691, 
399.691, 
399.691, 
399.691, 
399.691, 
399.691, 
399.691, 
399.691, 
399.691, 
399.691, 
399.691, 
399.691, 
399.691, 
399.691, 
399.691, 
399.691, 
399.691, 
399.691, 
399.691, 
399.691, 
399.691, 
399.691, 
399.691, 
399.691, 
399.691, 
399.691, 
399.691, 
399.691, 
399.691, 
399.691, 
399.691, 
399.691, 
399.691, 
399.691, 
399.691, 
399.691, 
399.691, 
399.691, 
399.691, 
399.691, 
399.691, 
399.691, 
399.691, 
399.691, 
399.691, 
399.691, 
399.691, 
399.691, 
399.691, 
399.691, 
399.691, 
399.691, 
399.691, 
399.691, 
399.691, 
399.691, 
399.691, 
399.691, 
399.691, 
399.691, 
399.691, 
399.691, 
399.691, 
399.691, 
399.691, 
399.691, 
399.691, 
399.691, 
399.691, 
399.691, 
399.691, 
399.691, 
399.691, 
399.691, 
399.691, 
399.691, 
399.691, 
399.691, 
399.691, 
399.691, 
399.691, 
399.691, 
399.691, 
399.691, 
399.691, 
399.692, 
399.691, 
399.691, 
399.691, 
399.691, 
399.691, 
399.691, 
399.691, 
399.691, 
399.691, 
399.691, 
399.691, 
399.692, 
399.691, 
399.692, 
399.691, 
399.691, 
399.691, 
399.691, 
399.692, 
399.692, 
399.692, 
399.692, 
399.692, 
399.692, 
399.692, 
399.692, 
399.692, 
399.692, 
399.692, 
399.692, 
399.692, 
399.692, 
399.692, 
399.692, 
399.692, 
399.692, 
399.692, 
399.692, 
399.692, 
399.692, 
399.692, 
399.692, 
399.692, 
399.692, 
399.692, 
399.692, 
399.692, 
399.692, 
399.692, 
399.692, 
399.692, 
399.692, 
399.692, 
399.692, 
399.692, 
399.692, 
399.692, 
399.692, 
399.692, 
399.692, 
399.692, 
399.692, 
399.692, 
399.692, 
399.692, 
399.692, 
399.692, 
399.692, 
399.692, 
399.692, 
399.692, 
399.692, 
399.692, 
399.692, 
399.693, 
399.693, 
399.693, 
399.693, 
399.693, 
399.693, 
399.693, 
399.693, 
399.693, 
399.693, 
399.693, 
399.693, 
399.693, 
399.693, 
399.693, 
399.693, 
399.693, 
399.693, 
399.693, 
399.693, 
399.693, 
399.693, 
399.693, 
399.693, 
399.693, 
399.693, 
399.693, 
399.693, 
399.693, 
399.693, 
399.693, 
399.693, 
399.693, 
399.693, 
399.693, 
399.693, 
399.693, 
399.693, 
399.693, 
399.693, 
399.693, 
399.693, 
399.693, 
399.693, 
399.693, 
399.693, 
399.693, 
399.693, 
399.693, 
399.693, 
399.693, 
399.693, 
399.693, 
399.693, 
399.693, 
399.693, 
399.693, 
399.693, 
399.693, 
399.693, 
399.693, 
399.693, 
399.693, 
399.693, 
399.693, 
399.693, 
399.693, 
399.693, 
399.693, 
399.693, 
399.693, 
399.693, 
399.693, 
399.693, 
399.693, 
399.693, 
399.693, 
399.693, 
399.693, 
399.693, 
399.693, 
399.693, 
399.693, 
399.693, 
399.693, 
399.693, 
399.693, 
399.693, 
399.693, 
399.693, 
399.693, 
399.693, 
399.693, 
399.693, 
399.693, 
399.693, 
399.693, 
399.693, 
399.693, 
399.693, 
399.693, 
399.693, 
399.693, 
399.693, 
399.694, 
399.693, 
399.694, 
399.694, 
399.694, 
399.694, 
399.694, 
399.694, 
399.694, 
399.694, 
399.694, 
399.694, 
399.694, 
399.694, 
399.694, 
399.694, 
399.694, 
399.694, 
399.694, 
399.694, 
399.694, 
399.694, 
399.694, 
399.694, 
399.694, 
399.694, 
399.694, 
399.694, 
399.694, 
399.694, 
399.694, 
399.694, 
399.694, 
399.694, 
399.694, 
399.694, 
399.694, 
399.694, 
399.694, 
399.694, 
399.694, 
399.694, 
399.694, 
399.694, 
399.694, 
399.694, 
399.694, 
399.694, 
399.694, 
399.694, 
399.694, 
399.694, 
399.694, 
399.694, 
399.694, 
399.694, 
399.694, 
399.694, 
399.694, 
399.694, 
399.694, 
399.694, 
399.694, 
399.694, 
399.694, 
399.694, 
399.694, 
399.694, 
399.694, 
399.694, 
399.694, 
399.694, 
399.694, 
399.694, 
399.694, 
399.694, 
399.694, 
399.694, 
399.694, 
399.694, 
399.694, 
399.694, 
399.694, 
399.694, 
399.694, 
399.694, 
399.694, 
399.694, 
399.694, 
399.694, 
399.694, 
399.694, 
399.694, 
399.694, 
399.694, 
399.694, 
399.694, 
399.694, 
399.694, 
399.694, 
399.694, 
399.694, 
399.694, 
399.694, 
399.694, 
399.694, 
399.694, 
399.694, 
399.694, 
399.694, 
399.694, 
399.694, 
399.694, 
399.694, 
399.694, 
399.694, 
399.694, 
399.694, 
399.694, 
399.695, 
399.694, 
399.695, 
399.695, 
399.695, 
399.695, 
399.695, 
399.695, 
399.695, 
399.695, 
399.695, 
399.695, 
399.695, 
399.695, 
399.695, 
399.695, 
399.695, 
399.695, 
399.695, 
399.695, 
399.695, 
399.695, 
399.695, 
399.695, 
399.695, 
399.695, 
399.695, 
399.695, 
399.695, 
399.695, 
399.695, 
399.695, 
399.695, 
399.695, 
399.695, 
399.695, 
399.695, 
399.695, 
399.695, 
399.695, 
399.695, 
399.695, 
399.695, 
399.695, 
399.695, 
399.695, 
399.695, 
399.695, 
399.695, 
399.695, 
399.695, 
399.695, 
399.695, 
399.695, 
399.695, 
399.695, 
399.695, 
399.695, 
399.695, 
399.695, 
399.695, 
399.695, 
399.695, 
399.695, 
399.695, 
399.695, 
399.695, 
399.695, 
399.695, 
399.695, 
399.695, 
399.695, 
399.695, 
399.695, 
399.695, 
399.695, 
399.695, 
399.695, 
399.695, 
399.695, 
399.695, 
399.695, 
399.696, 
399.695, 
399.696, 
399.696, 
399.695, 
399.695, 
399.695, 
399.696, 
399.696, 
399.696, 
399.696, 
399.696, 
399.696, 
399.696, 
399.696, 
399.696, 
399.696, 
399.696, 
399.696, 
399.696, 
399.696, 
399.696, 
399.696, 
399.696, 
399.696, 
399.696, 
399.696, 
399.695, 
399.695, 
399.695, 
399.696, 
399.696, 
399.696, 
399.696, 
399.696, 
399.696, 
399.696, 
399.696, 
399.696, 
399.696, 
399.696, 
399.696, 
399.696, 
399.696, 
399.696, 
399.696, 
399.696, 
399.696, 
399.696, 
399.696, 
399.696, 
399.696, 
399.696, 
399.696, 
399.696, 
399.696, 
399.696, 
399.696, 
399.696, 
399.696, 
399.696, 
399.696, 
399.696, 
399.696, 
399.696, 
399.696, 
399.696, 
399.696, 
399.696, 
399.696, 
399.696, 
399.696, 
399.696, 
399.696, 
399.696, 
399.696, 
399.696, 
399.696, 
399.696, 
399.696, 
399.696, 
399.696, 
399.696, 
399.696, 
399.696, 
399.696, 
399.696, 
399.696, 
399.696, 
399.696, 
399.696, 
399.696, 
399.696, 
399.696, 
399.696, 
399.696, 
399.696, 
399.696, 
399.696, 
399.696, 
399.696, 
399.696, 
399.696, 
399.696, 
399.696, 
399.696, 
399.696, 
399.696, 
399.696, 
399.696, 
399.696, 
399.696, 
399.696, 
399.696, 
399.696, 
399.696, 
399.696, 
399.696, 
399.696, 
399.696, 
399.696, 
399.696, 
399.696, 
399.696, 
399.696, 
399.696, 
399.696, 
399.696, 
399.696, 
399.696, 
399.696, 
399.696, 
399.696, 
399.696, 
399.696, 
399.696, 
399.696, 
399.696, 
399.696, 
399.696, 
399.696, 
399.696, 
399.696, 
399.696, 
399.696, 
399.696, 
399.696, 
399.696, 
399.696, 
399.696, 
399.696, 
399.696, 
399.696, 
399.696, 
399.696, 
399.696, 
399.696, 
399.696, 
399.696, 
399.696, 
399.696, 
399.696, 
399.696, 
399.696, 
399.696, 
399.696, 
399.696, 
399.696, 
399.696, 
399.696, 
399.696, 
399.696, 
399.696, 
399.696, 
399.696, 
399.696, 
399.696, 
399.696, 
399.696, 
399.696, 
399.696, 
399.696, 
399.696, 
399.696, 
399.696, 
399.696, 
399.696, 
399.696, 
399.696, 
399.696, 
399.696, 
399.696, 
399.696, 
399.696, 
399.696, 
399.696, 
399.696, 
399.696, 
399.696, 
399.697, 
399.697, 
399.697, 
399.697, 
399.697, 
399.697, 
399.697, 
399.697, 
399.697, 
399.697, 
399.697, 
399.697, 
399.697, 
399.697, 
399.697, 
399.697, 
399.697, 
399.697, 
399.697, 
399.697, 
399.697, 
399.697, 
399.697, 
399.697, 
399.697, 
399.697, 
399.697, 
399.697, 
399.697, 
399.697, 
399.697, 
399.697, 
399.697, 
399.697, 
399.697, 
399.697, 
399.697, 
399.697, 
399.697, 
399.697, 
399.697, 
399.697, 
399.697, 
399.697, 
399.697, 
399.697, 
399.697, 
399.697, 
399.697, 
399.697, 
399.697, 
399.697, 
399.697, 
399.697, 
399.697, 
399.697, 
399.697, 
399.697, 
399.697, 
399.697, 
399.697, 
399.697, 
399.697, 
399.697, 
399.697, 
399.697, 
399.697, 
399.697, 
399.697, 
399.697, 
399.697, 
399.697, 
399.697, 
399.697, 
399.697, 
399.697, 
399.697, 
399.697, 
399.697, 
399.697, 
399.697, 
399.697, 
399.697, 
399.697, 
399.697, 
399.697, 
399.697, 
399.697, 
399.697, 
399.697, 
399.697, 
399.697, 
399.697, 
399.697, 
399.697, 
399.697, 
399.697, 
399.697, 
399.697, 
399.697, 
399.697, 
399.697, 
399.697, 
399.697, 
399.697, 
399.697, 
399.697, 
399.697, 
399.697, 
399.697, 
399.697, 
399.697, 
399.697, 
399.697, 
399.697, 
399.697, 
399.697, 
399.697, 
399.697, 
399.697, 
399.697, 
399.697, 
399.697, 
399.697, 
399.697, 
399.697, 
399.697, 
399.697, 
399.697, 
399.697, 
399.697, 
399.697, 
399.697, 
399.697, 
399.697, 
399.697, 
399.697, 
399.697, 
399.697, 
399.697, 
399.697, 
399.697, 
399.697, 
399.697, 
399.697, 
399.697, 
399.697, 
399.697, 
399.697, 
399.697, 
399.697, 
399.697, 
399.697, 
399.697, 
399.697, 
399.697, 
399.697, 
399.697, 
399.697, 
399.697, 
399.697, 
399.697, 
399.697, 
399.697, 
399.697, 
399.697, 
399.697, 
399.697, 
399.697, 
399.697, 
399.697, 
399.697, 
399.697, 
399.697, 
399.697, 
399.697, 
399.697, 
399.697, 
399.697, 
399.697, 
399.697, 
399.697, 
399.697, 
399.697, 
399.697, 
399.697, 
399.697, 
399.697, 
399.697, 
399.697, 
399.697, 
399.697, 
399.697, 
399.697, 
399.697, 
399.697, 
399.697, 
399.697, 
399.697, 
399.697, 
399.697, 
399.697, 
399.697, 
399.697, 
399.697, 
399.697, 
399.697, 
399.697, 
399.697, 
399.697, 
399.697, 
399.697, 
399.697, 
399.697, 
399.697, 
399.697, 
399.697, 
399.697, 
399.697, 
399.697, 
399.697, 
399.697, 
399.697, 
399.697, 
399.697, 
399.697, 
399.697, 
399.697, 
399.697, 
399.698, 
399.698, 
399.698, 
399.698, 
399.698, 
399.698, 
399.698, 
399.698, 
399.698, 
399.698, 
399.698, 
399.698, 
399.697, 
399.698, 
399.697, 
399.698, 
399.698, 
399.698, 
399.698, 
399.698, 
399.698, 
399.698, 
399.698, 
399.698, 
399.698, 
399.698, 
399.698, 
399.698, 
399.698, 
399.698, 
399.698, 
399.698, 
399.698, 
399.698, 
399.698, 
399.698, 
399.698, 
399.698, 
399.698, 
399.698, 
399.698, 
399.698, 
399.698, 
399.698, 
399.698, 
399.698, 
399.698, 
399.698, 
399.698, 
399.698, 
399.698, 
399.698, 
399.698, 
399.698, 
399.698, 
399.698, 
399.698, 
399.698, 
399.698, 
399.698, 
399.698, 
399.698, 
399.698, 
399.698, 
399.698, 
399.698, 
399.698, 
399.698, 
399.698, 
399.698, 
399.698, 
399.698, 
399.698, 
399.698, 
399.698, 
399.698, 
399.698, 
399.698, 
399.698, 
399.698, 
399.698, 
399.698, 
399.698, 
399.698, 
399.698, 
399.698, 
399.698, 
399.698, 
399.698, 
399.698, 
399.698, 
399.698, 
399.698, 
399.698, 
399.698, 
399.698, 
399.698, 
399.698, 
399.698, 
399.698, 
399.698, 
399.698, 
399.698, 
399.698, 
399.698, 
399.698, 
399.698, 
399.698, 
399.698, 
399.698, 
399.698, 
399.698, 
399.698, 
399.698, 
399.698, 
399.698, 
399.698, 
399.698, 
399.698, 
399.698, 
399.698, 
399.698, 
399.698, 
399.698, 
399.698, 
399.698, 
399.698, 
399.698, 
399.698, 
399.698, 
399.698, 
399.698, 
399.698, 
399.698, 
399.698, 
399.698, 
399.698, 
399.698, 
399.698, 
399.698, 
399.698, 
399.698, 
399.698, 
399.698, 
399.698, 
399.698, 
399.698, 
399.698, 
399.698, 
399.698, 
399.698, 
399.698, 
399.698, 
399.698, 
399.698, 
399.698, 
399.698, 
399.698, 
399.698, 
399.698, 
399.698, 
399.698, 
399.698, 
399.698, 
399.698, 
399.698, 
399.698, 
399.698, 
399.698, 
399.698, 
399.698, 
399.698, 
399.698, 
399.698, 
399.698, 
399.698, 
399.698, 
399.698, 
399.698, 
399.698, 
399.698, 
399.698, 
399.698, 
399.698, 
399.698, 
399.698, 
399.698, 
399.698, 
399.698, 
399.698, 
399.698, 
399.698, 
399.698, 
399.698, 
399.698, 
399.698, 
399.698, 
399.698, 
399.698, 
399.698, 
399.698, 
399.699, 
399.698, 
399.699, 
399.699, 
399.699, 
399.699, 
399.699, 
399.699, 
399.699, 
399.699, 
399.699, 
399.699, 
399.699, 
399.699, 
399.699, 
399.699, 
399.699, 
399.699, 
399.699, 
399.699, 
399.699, 
399.699, 
399.699, 
399.699, 
399.699, 
399.699, 
399.699, 
399.699, 
399.699, 
399.699, 
399.699, 
399.699, 
399.699, 
399.699, 
399.699, 
399.699, 
399.699, 
399.699, 
399.699, 
399.699, 
399.699, 
399.699, 
399.699, 
399.699, 
399.699, 
399.699, 
399.699, 
399.699, 
399.699, 
399.699, 
399.699, 
399.699, 
399.699, 
399.699, 
399.699, 
399.699, 
399.699, 
399.699, 
399.699, 
399.699, 
399.699, 
399.699, 
399.699, 
399.699, 
399.699, 
399.699, 
399.699, 
399.699, 
399.699, 
399.699, 
399.699, 
399.699, 
399.699, 
399.699, 
399.699, 
399.699, 
399.699, 
399.699, 
399.699, 
399.699, 
399.699, 
399.699, 
399.699, 
399.699, 
399.699, 
399.699, 
399.699, 
399.699, 
399.699, 
399.699, 
399.699, 
399.699, 
399.699, 
399.699, 
399.699, 
399.699, 
399.699, 
399.699, 
399.699, 
399.699, 
399.699, 
399.699, 
399.699, 
399.699, 
399.699, 
399.699, 
399.699, 
399.699, 
399.699, 
399.699, 
399.699, 
399.699, 
399.699, 
399.699, 
399.699, 
399.699, 
399.699, 
399.699, 
399.699, 
399.699, 
399.699, 
399.699, 
399.699, 
399.699, 
399.699, 
399.699, 
399.699, 
399.699, 
399.699, 
399.699, 
399.699, 
399.699, 
399.699, 
399.699, 
399.699, 
399.699, 
399.699, 
399.699, 
399.699, 
399.699, 
399.699, 
399.699, 
399.699, 
399.699, 
399.699, 
399.699, 
399.699, 
399.699, 
399.699, 
399.699, 
399.699, 
399.699, 
399.699, 
399.699, 
399.699, 
399.699, 
399.699, 
399.699, 
399.699, 
399.699, 
399.699, 
399.699, 
399.699, 
399.699, 
399.699, 
399.699, 
399.699, 
399.699, 
399.699, 
399.699, 
399.699, 
399.699, 
399.699, 
399.699, 
399.699, 
399.699, 
399.699, 
399.699, 
399.699, 
399.699, 
399.699, 
399.699, 
399.699, 
399.699, 
399.699, 
399.699, 
399.699, 
399.699, 
399.699, 
399.699, 
399.699, 
399.699, 
399.699, 
399.699, 
399.699, 
399.699, 
399.699, 
399.699, 
399.699, 
399.699, 
399.699, 
399.699, 
399.699, 
399.699, 
399.699, 
399.699, 
399.699, 
399.699, 
399.699, 
399.699, 
399.699, 
399.699, 
399.699, 
399.699, 
399.699, 
399.699, 
399.699, 
399.699, 
399.699, 
399.699, 
399.699, 
399.699, 
399.699, 
399.699, 
399.699, 
399.699, 
399.699, 
399.699, 
399.699, 
399.699, 
399.699, 
399.699, 
399.699, 
399.699, 
399.699, 
399.699, 
399.699, 
399.699, 
399.699, 
399.699, 
399.699, 
399.699, 
399.699, 
399.699, 
399.699, 
399.699, 
399.699, 
399.699, 
399.699, 
399.699, 
399.699, 
399.699, 
399.699, 
399.699, 
399.699, 
399.699, 
399.699, 
399.699, 
399.699, 
399.699, 
399.699, 
399.699, 
399.699, 
399.699, 
399.699, 
399.699, 
399.699, 
399.699, 
399.699, 
399.699, 
399.699, 
399.699, 
399.699, 
399.699, 
399.699, 
399.699, 
399.699, 
399.699, 
399.699, 
399.699, 
399.699, 
399.699, 
399.699, 
399.699, 
399.699, 
399.699, 
399.699, 
399.699, 
399.699, 
399.699, 
399.699, 
399.699, 
399.699, 
399.699, 
399.699, 
399.699, 
399.699, 
399.699, 
399.699, 
399.699, 
399.699, 
399.699, 
399.699, 
399.699, 
399.699, 
399.699, 
399.699, 
399.699, 
399.699, 
399.699, 
399.699, 
399.699, 
399.699, 
399.699, 
399.699, 
399.699, 
399.699, 
399.699, 
399.699, 
399.699, 
399.699, 
399.699, 
399.699, 
399.699, 
399.699, 
399.699, 
399.699, 
399.699, 
399.699, 
399.699, 
399.699, 
399.699, 
399.699, 
399.699, 
399.699, 
399.699, 
399.699, 
399.699, 
399.699, 
399.699, 
399.699, 
399.699, 
399.699, 
399.699, 
399.699, 
399.699, 
399.699, 
399.699, 
399.699, 
399.699, 
399.699, 
399.699, 
399.699, 
399.699, 
399.699, 
399.699, 
399.699, 
399.699, 
399.699, 
399.699, 
399.699, 
399.699, 
399.699, 
399.699, 
399.699, 
399.699, 
399.699, 
399.699, 
399.699, 
399.699, 
399.699, 
399.699, 
399.699, 
399.699, 
399.699, 
399.699, 
399.699, 
399.699, 
399.699, 
399.699, 
399.699, 
399.699, 
399.699, 
399.699, 
399.699, 
399.699, 
399.699, 
399.699, 
399.699, 
399.699, 
399.699, 
399.699, 
399.699, 
399.699, 
399.699, 
399.699, 
399.699, 
399.699, 
399.699, 
399.699, 
399.699, 
399.699, 
399.699, 
399.699, 
399.699, 
399.699, 
399.699, 
399.699, 
399.699, 
399.699, 
399.699, 
399.699, 
399.699, 
399.699, 
399.699, 
399.699, 
399.699, 
399.699, 
399.699, 
399.699, 
399.699, 
399.699, 
399.699, 
399.699, 
399.699, 
399.699, 
399.699, 
399.699, 
399.699, 
399.699, 
399.699, 
399.699, 
399.699, 
399.699, 
399.699, 
399.699, 
399.699, 
399.699, 
399.699, 
399.699, 
399.699, 
399.699, 
399.699, 
399.699, 
399.699, 
399.699, 
399.7, 
399.699, 
399.699, 
399.7, 
399.7, 
399.7, 
399.7, 
399.7, 
399.7, 
399.7, 
399.7, 
399.7, 
399.7, 
399.7, 
399.7, 
399.7, 
399.7, 
399.7, 
399.7, 
399.7, 
399.7, 
399.699, 
399.699, 
399.699, 
399.699, 
399.699, 
399.699, 
399.699, 
399.699, 
399.7, 
399.7, 
399.7, 
399.699, 
399.699, 
399.699, 
399.699, 
399.699, 
399.699, 
399.699, 
399.699, 
399.7, 
399.699, 
399.699, 
399.699, 
399.699, 
399.699, 
399.699, 
399.699, 
399.699, 
399.699, 
399.699, 
399.7, 
399.699, 
399.699, 
399.7, 
399.7, 
399.699, 
399.699, 
399.699, 
399.699, 
399.7, 
399.7, 
399.7, 
399.699, 
399.699, 
399.699, 
399.699, 
399.699, 
399.699, 
399.699, 
399.699, 
399.699, 
399.699, 
399.699, 
399.699, 
399.699, 
399.699, 
399.699, 
399.699, 
399.699, 
399.7, 
399.7, 
399.7, 
399.7, 
399.7, 
399.7, 
399.7, 
399.7, 
399.7, 
399.7, 
399.7, 
399.7, 
399.7, 
399.7, 
399.7, 
399.7, 
399.7, 
399.699, 
399.699, 
399.699, 
399.699, 
399.7, 
399.699, 
399.7, 
399.7, 
399.7, 
399.7, 
399.7, 
399.7, 
399.7, 
399.7, 
399.7, 
399.7, 
399.7, 
399.7, 
399.7, 
399.7, 
399.7, 
399.7, 
399.7, 
399.7, 
399.7, 
399.7, 
399.7, 
399.7, 
399.7, 
399.7, 
399.7, 
399.7, 
399.7, 
399.7, 
399.7, 
399.7, 
399.7, 
399.7, 
399.7, 
399.7, 
399.7, 
399.7, 
399.7, 
399.7, 
399.7, 
399.7, 
399.7, 
399.7, 
399.7, 
399.7, 
399.7, 
399.7, 
399.7, 
399.7, 
399.7, 
399.7, 
399.7, 
399.7, 
399.7, 
399.7, 
399.7, 
399.7, 
399.7, 
399.7, 
399.7, 
399.7, 
399.7, 
399.7, 
399.7, 
399.7, 
399.7, 
399.7, 
399.7, 
399.7, 
399.7, 
399.7, 
399.7, 
399.7, 
399.7, 
399.7, 
399.7, 
399.7, 
399.7, 
399.7, 
399.7, 
399.7, 
399.7, 
399.7, 
399.7, 
399.7, 
399.7, 
399.7, 
399.7, 
399.7, 
399.7, 
399.7, 
399.7, 
399.7, 
399.7, 
399.7, 
399.7, 
399.7, 
399.7, 
399.7, 
399.7, 
399.7, 
399.7, 
399.7, 
399.7, 
399.7, 
399.7, 
399.7, 
399.7, 
399.7, 
399.7, 
399.7, 
399.7, 
399.7, 
399.7, 
399.7, 
399.7, 
399.7, 
399.7, 
399.7, 
399.7, 
399.7, 
399.7, 
399.7, 
399.7, 
399.7, 
399.7, 
399.7, 
399.7, 
399.7, 
399.7, 
399.7, 
399.7, 
399.7, 
399.7, 
399.7, 
399.7, 
399.7, 
399.7, 
399.7, 
399.7, 
399.7, 
399.7, 
399.7, 
399.7, 
399.7, 
399.7, 
399.7, 
399.7, 
399.7, 
399.7, 
399.7, 
399.7, 
399.7, 
399.7, 
399.7, 
399.7, 
399.7, 
399.7, 
399.7, 
399.7, 
399.7, 
399.7, 
399.7, 
399.7, 
399.7, 
399.7, 
399.7, 
399.7, 
399.7, 
399.7, 
399.7, 
399.7, 
399.7, 
399.7, 
399.7, 
399.7, 
399.7, 
399.7, 
399.7, 
399.7, 
399.7, 
399.7, 
399.7, 
399.7, 
399.7, 
399.7, 
399.7, 
399.7, 
399.7, 
399.7, 
399.7, 
399.7, 
399.7, 
399.7, 
399.7, 
399.7, 
399.7, 
399.7, 
399.7, 
399.7, 
399.7, 
399.7, 
399.7, 
399.7, 
399.7, 
399.7, 
399.7, 
399.7, 
399.7, 
399.7, 
399.7, 
399.7, 
399.7, 
399.7, 
399.7, 
399.7, 
399.7, 
399.7, 
399.7, 
399.7, 
399.7, 
399.7, 
399.7, 
399.7, 
399.7, 
399.7, 
399.7, 
399.7, 
399.7, 
399.7, 
399.7, 
399.7, 
399.7, 
399.7, 
399.7, 
399.7, 
399.7, 
399.7, 
399.7, 
399.7, 
399.7, 
399.7, 
399.7, 
399.7, 
399.7, 
399.7, 
399.7, 
399.7, 
399.7, 
399.7, 
399.7, 
399.7, 
399.7, 
399.7, 
399.7, 
399.7, 
399.7, 
399.7, 
399.7, 
399.7, 
399.7, 
399.7, 
399.7, 
399.7, 
399.7, 
399.7, 
399.7, 
399.7, 
399.7, 
399.7, 
399.7, 
399.7, 
399.7, 
399.7, 
399.7, 
399.7, 
399.7, 
399.7, 
399.7, 
399.7, 
399.7, 
399.7, 
399.7, 
399.7, 
399.7, 
399.7, 
399.7, 
399.7, 
399.7, 
399.7, 
399.7, 
399.7, 
399.7, 
399.7, 
399.7, 
399.7, 
399.7, 
399.7, 
399.7, 
399.7, 
399.7, 
399.7, 
399.7, 
399.7, 
399.7, 
399.7, 
399.7, 
399.7, 
399.7, 
399.7, 
399.7, 
399.7, 
399.7, 
399.7, 
399.7, 
399.7, 
399.7, 
399.7, 
399.7, 
399.7, 
399.7, 
399.7, 
399.7, 
399.7, 
399.7, 
399.7, 
399.7, 
399.7, 
399.7, 
399.7, 
399.7, 
399.7, 
399.7, 
399.7, 
399.7, 
399.7, 
399.7, 
399.7, 
399.7, 
399.7, 
399.7, 
399.7, 
399.7, 
399.7, 
399.7, 
399.7, 
399.7, 
399.7, 
399.7, 
399.7, 
399.7, 
399.7, 
399.7, 
399.7, 
399.7, 
399.7, 
399.7, 
399.7, 
399.7, 
399.7, 
399.7, 
399.7, 
399.7, 
399.7, 
399.7, 
399.7, 
399.7, 
399.7, 
399.7, 
399.7, 
399.7, 
399.7, 
399.7, 
399.7, 
399.7, 
399.7, 
399.7, 
399.7, 
399.7, 
399.7, 
399.7, 
399.7, 
399.7, 
399.7, 
399.7, 
399.7, 
399.7, 
399.7, 
399.7, 
399.7, 
399.7, 
399.7, 
399.7, 
399.7, 
399.7, 
399.7, 
399.7, 
399.7, 
399.7, 
399.7, 
399.7, 
399.7, 
399.7, 
399.7, 
399.7, 
399.7, 
399.7, 
399.7, 
399.7, 
399.7, 
399.7, 
399.7, 
399.7, 
399.7, 
399.7, 
399.7, 
399.7, 
399.7, 
399.7, 
399.7, 
399.7, 
399.7, 
399.7, 
399.7, 
399.7, 
399.7, 
399.7, 
399.7, 
399.7, 
399.7, 
399.7, 
399.7, 
399.7, 
399.7, 
399.7, 
399.7, 
399.7, 
399.7, 
399.7, 
399.7, 
399.7, 
399.7, 
399.7, 
399.7, 
399.7, 
399.7, 
399.7, 
399.7, 
399.7, 
399.7, 
399.7, 
399.7, 
399.7, 
399.7, 
399.7, 
399.7, 
399.7, 
399.7, 
399.7, 
399.7, 
399.701, 
399.7, 
399.701, 
399.701, 
399.701, 
399.701, 
399.701, 
399.701, 
399.701, 
399.701, 
399.701, 
399.701, 
399.701, 
399.701, 
399.701, 
399.701, 
399.701, 
399.701, 
399.701, 
399.701, 
399.701, 
399.701, 
399.701, 
399.701, 
399.701, 
399.701, 
399.701, 
399.701, 
399.701, 
399.7, 
399.701, 
399.7, 
399.7, 
399.7, 
399.7, 
399.7, 
399.7, 
399.7, 
399.7, 
399.7, 
399.7, 
399.7, 
399.7, 
399.7, 
399.7, 
399.7, 
399.7, 
399.7, 
399.7, 
399.7, 
399.7, 
399.7, 
399.7, 
399.7, 
399.7, 
399.7, 
399.7, 
399.7, 
399.7, 
399.7, 
399.7, 
399.7, 
399.7, 
399.7, 
399.7, 
399.7, 
399.7, 
399.7, 
399.7, 
399.7, 
399.7, 
399.7, 
399.7, 
399.7, 
399.7, 
399.7, 
399.7, 
399.7, 
399.7, 
399.7, 
399.7, 
399.7, 
399.7, 
399.7, 
399.7, 
399.7, 
399.7, 
399.7, 
399.7, 
399.7, 
399.7, 
399.7, 
399.7, 
399.7, 
399.7, 
399.7, 
399.7, 
399.7, 
399.7, 
399.7, 
399.7, 
399.701, 
399.7, 
399.7, 
399.7, 
399.7, 
399.7, 
399.7, 
399.7, 
399.7, 
399.7, 
399.7, 
399.7, 
399.7, 
399.7, 
399.7, 
399.7, 
399.7, 
399.7, 
399.7, 
399.7, 
399.7, 
399.7, 
399.7, 
399.7, 
399.7, 
399.7, 
399.7, 
399.7, 
399.7, 
399.7, 
399.7, 
399.7, 
399.7, 
399.7, 
399.7, 
399.7, 
399.7, 
399.7, 
399.7, 
399.7, 
399.7, 
399.7, 
399.7, 
399.7, 
399.7, 
399.7, 
399.7, 
399.7, 
399.7, 
399.7, 
399.7, 
399.7, 
399.7, 
399.7, 
399.701, 
399.7, 
399.7, 
399.7, 
399.7, 
399.7, 
399.7, 
399.701, 
399.701, 
399.701, 
399.701, 
399.7, 
399.7, 
399.7, 
399.7, 
399.7, 
399.7, 
399.7, 
399.701, 
399.701, 
399.701, 
399.701, 
399.701, 
399.701, 
399.701, 
399.701, 
399.701, 
399.701, 
399.701, 
399.701, 
399.701, 
399.701, 
399.701, 
399.701, 
399.701, 
399.701, 
399.701, 
399.701, 
399.701, 
399.701, 
399.701, 
399.701, 
399.701, 
399.701, 
399.701, 
399.701, 
399.701, 
399.701, 
399.701, 
399.701, 
399.701, 
399.701, 
399.701, 
399.701, 
399.701, 
399.701, 
399.701, 
399.701, 
399.701, 
399.701, 
399.701, 
399.701, 
399.701, 
399.701, 
399.701, 
399.701, 
399.701, 
399.701, 
399.701, 
399.701, 
399.701, 
399.701, 
399.701, 
399.701, 
399.701, 
399.701, 
399.701, 
399.701, 
399.701, 
399.701, 
399.701, 
399.701, 
399.701, 
399.701, 
399.701, 
399.701, 
399.701, 
399.701, 
399.701, 
399.701, 
399.701, 
399.701, 
399.701, 
399.701, 
399.701, 
399.701, 
399.701, 
399.701, 
399.701, 
399.701, 
399.701, 
399.701, 
399.701, 
399.701, 
399.701, 
399.701, 
399.701, 
399.701, 
399.701, 
399.701, 
399.701, 
399.701, 
399.701, 
399.701, 
399.701, 
399.701, 
399.701, 
399.701, 
399.701, 
399.701, 
399.701, 
399.701, 
399.701, 
399.701, 
399.701, 
399.701, 
399.701, 
399.701, 
399.701, 
399.701, 
399.701, 
399.701, 
399.701, 
399.701, 
399.701, 
399.701, 
399.701, 
399.701, 
399.701, 
399.701, 
399.701, 
399.701, 
399.701, 
399.701, 
399.701, 
399.701, 
399.701, 
399.701, 
399.701, 
399.701, 
399.701, 
399.701, 
399.701, 
399.701, 
399.701, 
399.701, 
399.701, 
399.701, 
399.701, 
399.701, 
399.701, 
399.701, 
399.701, 
399.701, 
399.701, 
399.701, 
399.701, 
399.701, 
399.701, 
399.701, 
399.701, 
399.701, 
399.701, 
399.701, 
399.701, 
399.701, 
399.701, 
399.701, 
399.701, 
399.701, 
399.701, 
399.701, 
399.701, 
399.701, 
399.701, 
399.701, 
399.701, 
399.701, 
399.701, 
399.701, 
399.701, 
399.701, 
399.701, 
399.701, 
399.701, 
399.701, 
399.701, 
399.701, 
399.701, 
399.701, 
399.701, 
399.701, 
399.701, 
399.701, 
399.701, 
399.701, 
399.701, 
399.701, 
399.701, 
399.701, 
399.701, 
399.701, 
399.701, 
399.701, 
399.701, 
399.701, 
399.701, 
399.701, 
399.701, 
399.701, 
399.701, 
399.701, 
399.701, 
399.701, 
399.701, 
399.701, 
399.701, 
399.701, 
399.701, 
399.701, 
399.701, 
399.701, 
399.701, 
399.701, 
399.701, 
399.701, 
399.701, 
399.701, 
399.701, 
399.701, 
399.701, 
399.701, 
399.701, 
399.701, 
399.701, 
399.701, 
399.701, 
399.701, 
399.701, 
399.701, 
399.701, 
399.701, 
399.701, 
399.701, 
399.701, 
399.701, 
399.701, 
399.701, 
399.701, 
399.701, 
399.701, 
399.701, 
399.701, 
399.701, 
399.701, 
399.701, 
399.701, 
399.701, 
399.701, 
399.701, 
399.701, 
399.701, 
399.701, 
399.701, 
399.701, 
399.701, 
399.701, 
399.701, 
399.701, 
399.701, 
399.701, 
399.701, 
399.701, 
399.701, 
399.701, 
399.701, 
399.701, 
399.701, 
399.701, 
399.701, 
399.701, 
399.701, 
399.701, 
399.701, 
399.701, 
399.701, 
399.701, 
399.701, 
399.701, 
399.701, 
399.701, 
399.701, 
399.701, 
399.701, 
399.701, 
399.701, 
399.701, 
399.701, 
399.701, 
399.702, 
399.702, 
399.702, 
399.702, 
399.701, 
399.702, 
399.701, 
399.701, 
399.701, 
399.701, 
399.701, 
399.701, 
399.701, 
399.701, 
399.701, 
399.701, 
399.701, 
399.701, 
399.701, 
399.701, 
399.701, 
399.701, 
399.701, 
399.701, 
399.701, 
399.701, 
399.701, 
399.701, 
399.701, 
399.701, 
399.701, 
399.701, 
399.701, 
399.701, 
399.702, 
399.702, 
399.702, 
399.702, 
399.702, 
399.702, 
399.702, 
399.702, 
399.702, 
399.702, 
399.702, 
399.702, 
399.702, 
399.702, 
399.702, 
399.702, 
399.702, 
399.702, 
399.702, 
399.702, 
399.702, 
399.702, 
399.702, 
399.702, 
399.702, 
399.702, 
399.702, 
399.702, 
399.702, 
399.702, 
399.702, 
399.702, 
399.702, 
399.702, 
399.702, 
399.702, 
399.702, 
399.702, 
399.702, 
399.702, 
399.702, 
399.702, 
399.702, 
399.702, 
399.702, 
399.702, 
399.702, 
399.702, 
399.702, 
399.702, 
399.702, 
399.702, 
399.702, 
399.702, 
399.702, 
399.702, 
399.702, 
399.702, 
399.702, 
399.702, 
399.702, 
399.702, 
399.702, 
399.702, 
399.702, 
399.702, 
399.702, 
399.702, 
399.702, 
399.702, 
399.702, 
399.702, 
399.702, 
399.702, 
399.702, 
399.702, 
399.702, 
399.702, 
399.702, 
399.702, 
399.702, 
399.702, 
399.702, 
399.702, 
399.702, 
399.702, 
399.702, 
399.702, 
399.702, 
399.702, 
399.702, 
399.702, 
399.702, 
399.702, 
399.702, 
399.702, 
399.702, 
399.702, 
399.702, 
399.702, 
399.702, 
399.702, 
399.702, 
399.702, 
399.702, 
399.702, 
399.702, 
399.702, 
399.702, 
399.702, 
399.702, 
399.702, 
399.702, 
399.702, 
399.702, 
399.702, 
399.702, 
399.702, 
399.702, 
399.702, 
399.702, 
399.702, 
399.702, 
399.702, 
399.702, 
399.702, 
399.702, 
399.702, 
399.702, 
399.702, 
399.702, 
399.702, 
399.702, 
399.702, 
399.702, 
399.702, 
399.702, 
399.702, 
399.702, 
399.702, 
399.702, 
399.702, 
399.702, 
399.702, 
399.702, 
399.702, 
399.702, 
399.702, 
399.702, 
399.702, 
399.702, 
399.702, 
399.702, 
399.702, 
399.702, 
399.702, 
399.702, 
399.702, 
399.702, 
399.702, 
399.702, 
399.702, 
399.702, 
399.702, 
399.702, 
399.702, 
399.702, 
399.702, 
399.702, 
399.702, 
399.702, 
399.702, 
399.702, 
399.702, 
399.702, 
399.702, 
399.702, 
399.702, 
399.702, 
399.702, 
399.702, 
399.702, 
399.702, 
399.702, 
399.702, 
399.702, 
399.702, 
399.702, 
399.702, 
399.702, 
399.702, 
399.702, 
399.702, 
399.702, 
399.702, 
399.702, 
399.702, 
399.702, 
399.702, 
399.702, 
399.702, 
399.702, 
399.702, 
399.702, 
399.702, 
399.702, 
399.702, 
399.702, 
399.702, 
399.702, 
399.702, 
399.702, 
399.702, 
399.702, 
399.702, 
399.702, 
399.702, 
399.702, 
399.702, 
399.702, 
399.702, 
399.702, 
399.702, 
399.702, 
399.702, 
399.702, 
399.702, 
399.702, 
399.702, 
399.702, 
399.702, 
399.702, 
399.702, 
399.702, 
399.702, 
399.702, 
399.702, 
399.702, 
399.702, 
399.702, 
399.702, 
399.702, 
399.702, 
399.702, 
399.702, 
399.702, 
399.702, 
399.702, 
399.702, 
399.702, 
399.702, 
399.702, 
399.702, 
399.702, 
399.702, 
399.702, 
399.702, 
399.702, 
399.702, 
399.702, 
399.702, 
399.702, 
399.702, 
399.702, 
399.702, 
399.702, 
399.702, 
399.702, 
399.702, 
399.702, 
399.702, 
399.702, 
399.702, 
399.702, 
399.702, 
399.702, 
399.702, 
399.702, 
399.702, 
399.702, 
399.702, 
399.702, 
399.702, 
399.702, 
399.702, 
399.702, 
399.702, 
399.702, 
399.702, 
399.702, 
399.702, 
399.702, 
399.702, 
399.702, 
399.702, 
399.702, 
399.702, 
399.702, 
399.702, 
399.702, 
399.702, 
399.702, 
399.702, 
399.702, 
399.702, 
399.702, 
399.702, 
399.702, 
399.702, 
399.702, 
399.702, 
399.702, 
399.702, 
399.702, 
399.702, 
399.702, 
399.702, 
399.702, 
399.702, 
399.702, 
399.702, 
399.702, 
399.702, 
399.702, 
399.702, 
399.702, 
399.702, 
399.702, 
399.702, 
399.702, 
399.702, 
399.702, 
399.702, 
399.702, 
399.702, 
399.702, 
399.702, 
399.702, 
399.702, 
399.702, 
399.703, 
399.702, 
399.702, 
399.703, 
399.703, 
399.703, 
399.703, 
399.703, 
399.703, 
399.703, 
399.703, 
399.703, 
399.703, 
399.703, 
399.703, 
399.703, 
399.703, 
399.703, 
399.702, 
399.702, 
399.702, 
399.702, 
399.702, 
399.702, 
399.702, 
399.702, 
399.702, 
399.702, 
399.702, 
399.702, 
399.702, 
399.703, 
399.703, 
399.702, 
399.703, 
399.702, 
399.703, 
399.703, 
399.703, 
399.703, 
399.703, 
399.703, 
399.703, 
399.703, 
399.703, 
399.703, 
399.703, 
399.703, 
399.703, 
399.703, 
399.703, 
399.703, 
399.703, 
399.703, 
399.703, 
399.703, 
399.703, 
399.702, 
399.703, 
399.702, 
399.703, 
399.703, 
399.703, 
399.703, 
399.703, 
399.703, 
399.703, 
399.703, 
399.703, 
399.703, 
399.703, 
399.703, 
399.703, 
399.703, 
399.703, 
399.703, 
399.703, 
399.703, 
399.703, 
399.703, 
399.703, 
399.703, 
399.703, 
399.703, 
399.703, 
399.703, 
399.703, 
399.703, 
399.703, 
399.703, 
399.703, 
399.703, 
399.703, 
399.703, 
399.703, 
399.703, 
399.703, 
399.703, 
399.703, 
399.703, 
399.703, 
399.703, 
399.703, 
399.703, 
399.703, 
399.703, 
399.703, 
399.703, 
399.703, 
399.703, 
399.703, 
399.703, 
399.703, 
399.703, 
399.703, 
399.703, 
399.703, 
399.703, 
399.703, 
399.703, 
399.703, 
399.703, 
399.703, 
399.703, 
399.703, 
399.703, 
399.703, 
399.703, 
399.703, 
399.703, 
399.703, 
399.703, 
399.703, 
399.703, 
399.703, 
399.703, 
399.703, 
399.703, 
399.703, 
399.703, 
399.703, 
399.703, 
399.703, 
399.703, 
399.703, 
399.703, 
399.703, 
399.703, 
399.703, 
399.703, 
399.703, 
399.703, 
399.703, 
399.703, 
399.703, 
399.703, 
399.703, 
399.703, 
399.703, 
399.703, 
399.703, 
399.703, 
399.703, 
399.703, 
399.703, 
399.703, 
399.703, 
399.703, 
399.703, 
399.703, 
399.703, 
399.703, 
399.703, 
399.703, 
399.703, 
399.703, 
399.703, 
399.703, 
399.703, 
399.703, 
399.703, 
399.703, 
399.703, 
399.703, 
399.703, 
399.703, 
399.703, 
399.703, 
399.703, 
399.703, 
399.703, 
399.703, 
399.703, 
399.703, 
399.703, 
399.703, 
399.703, 
399.703, 
399.703, 
399.703, 
399.703, 
399.703, 
399.703, 
399.703, 
399.703, 
399.703, 
399.703, 
399.703, 
399.703, 
399.703, 
399.703, 
399.703, 
399.703, 
399.703, 
399.703, 
399.703, 
399.703, 
399.703, 
399.703, 
399.703, 
399.703, 
399.703, 
399.703, 
399.703, 
399.703, 
399.703, 
399.703, 
399.703, 
399.703, 
399.703, 
399.703, 
399.703, 
399.702, 
399.702, 
399.702, 
399.702, 
399.702, 
399.702, 
399.702, 
399.703, 
399.702, 
399.702, 
399.702, 
399.702, 
399.702, 
399.702, 
399.702, 
399.702, 
399.702, 
399.702, 
399.702, 
399.703, 
399.703, 
399.703, 
399.703, 
399.703, 
399.703, 
399.703, 
399.703, 
399.703, 
399.703, 
399.703, 
399.703, 
399.703, 
399.703, 
399.703, 
399.703, 
399.703, 
399.703, 
399.703, 
399.703, 
399.703, 
399.703, 
399.703, 
399.703, 
399.703, 
399.703, 
399.703, 
399.703, 
399.703, 
399.703, 
399.703, 
399.703, 
399.703, 
399.703, 
399.703, 
399.703, 
399.703, 
399.703, 
399.703, 
399.703, 
399.703, 
399.703, 
399.703, 
399.703, 
399.703, 
399.703, 
399.703, 
399.703, 
399.703, 
399.703, 
399.703, 
399.703, 
399.703, 
399.703, 
399.703, 
399.703, 
399.703, 
399.703, 
399.703, 
399.703, 
399.703, 
399.703, 
399.703, 
399.703, 
399.703, 
399.703, 
399.703, 
399.703, 
399.703, 
399.703, 
399.703, 
399.703, 
399.703, 
399.703, 
399.703, 
399.703, 
399.703, 
399.703, 
399.703, 
399.703, 
399.703, 
399.703, 
399.703, 
399.703, 
399.703, 
399.703, 
399.703, 
399.703, 
399.703, 
399.703, 
399.703, 
399.703, 
399.703, 
399.703, 
399.703, 
399.703, 
399.703, 
399.703, 
399.703, 
399.703, 
399.703, 
399.703, 
399.703, 
399.703, 
399.703, 
399.703, 
399.703, 
399.703, 
399.703, 
399.703, 
399.703, 
399.703, 
399.703, 
399.703, 
399.703, 
399.703, 
399.703, 
399.703, 
399.703, 
399.703, 
399.703, 
399.703, 
399.703, 
399.703, 
399.703, 
399.703, 
399.703, 
399.703, 
399.703, 
399.703, 
399.703, 
399.703, 
399.703, 
399.703, 
399.703, 
399.703, 
399.703, 
399.703, 
399.703, 
399.703, 
399.703, 
399.703, 
399.703, 
399.703, 
399.703, 
399.703, 
399.703, 
399.703, 
399.703, 
399.703, 
399.703, 
399.703, 
399.703, 
399.703, 
399.703, 
399.703, 
399.703, 
399.703, 
399.703, 
399.703, 
399.703, 
399.703, 
399.703, 
399.703, 
399.703, 
399.703, 
399.703, 
399.703, 
399.703, 
399.703, 
399.703, 
399.703, 
399.703, 
399.703, 
399.703, 
399.703, 
399.703, 
399.703, 
399.703, 
399.703, 
399.703, 
399.703, 
399.703, 
399.703, 
399.703, 
399.703, 
399.703, 
399.703, 
399.703, 
399.703, 
399.703, 
399.703, 
399.703, 
399.703, 
399.703, 
399.703, 
399.703, 
399.703, 
399.703, 
399.703, 
399.703, 
399.703, 
399.703, 
399.703, 
399.703, 
399.703, 
399.703, 
399.703, 
399.703, 
399.703, 
399.703, 
399.703, 
399.703, 
399.703, 
399.703, 
399.703, 
399.703, 
399.703, 
399.703, 
399.703, 
399.703, 
399.703, 
399.703, 
399.703, 
399.703, 
399.703, 
399.703, 
399.703, 
399.703, 
399.703, 
399.703, 
399.703, 
399.703, 
399.703, 
399.703, 
399.703, 
399.703, 
399.703, 
399.703, 
399.703, 
399.703, 
399.703, 
399.703, 
399.703, 
399.703, 
399.703, 
399.703, 
399.703, 
399.703, 
399.703, 
399.703, 
399.703, 
399.703, 
399.703, 
399.703, 
399.703, 
399.703, 
399.703, 
399.703, 
399.703, 
399.703, 
399.703, 
399.703, 
399.703, 
399.703, 
399.703, 
399.703, 
399.703, 
399.703, 
399.703, 
399.703, 
399.703, 
399.703, 
399.703, 
399.703, 
399.703, 
399.703, 
399.703, 
399.703, 
399.703, 
399.703, 
399.703, 
399.703, 
399.703, 
399.703, 
399.703, 
399.703, 
399.703, 
399.703, 
399.703, 
399.703, 
399.703, 
399.703, 
399.703, 
399.703, 
399.703, 
399.703, 
399.703, 
399.703, 
399.703, 
399.703, 
399.703, 
399.703, 
399.703, 
399.703, 
399.703, 
399.703, 
399.703, 
399.703, 
399.703, 
399.703, 
399.703, 
399.703, 
399.703, 
399.703, 
399.703, 
399.703, 
399.703, 
399.703, 
399.703, 
399.703, 
399.703, 
399.703, 
399.703, 
399.703, 
399.703, 
399.703, 
399.703, 
399.703, 
399.703, 
399.703, 
399.703, 
399.703, 
399.703, 
399.703, 
399.703, 
399.703, 
399.703, 
399.703, 
399.703, 
399.703, 
399.703, 
399.703, 
399.703, 
399.703, 
399.703, 
399.703, 
399.703, 
399.703, 
399.703, 
399.703, 
399.703, 
399.703, 
399.703, 
399.703, 
399.703, 
399.703, 
399.703, 
399.703, 
399.703, 
399.703, 
399.703, 
399.703, 
399.703, 
399.703, 
399.703, 
399.703, 
399.703, 
399.703, 
399.703, 
399.703, 
399.703, 
399.703, 
399.703, 
399.703, 
399.703, 
399.703, 
399.703, 
399.703, 
399.703, 
399.703, 
399.703, 
399.703, 
399.703, 
399.703, 
399.703, 
399.703, 
399.703, 
399.703, 
399.703, 
399.703, 
399.703, 
399.703, 
399.703, 
399.703, 
399.703, 
399.703, 
399.703, 
399.703, 
399.703, 
399.703, 
399.703, 
399.703, 
399.703, 
399.703, 
399.703, 
399.703, 
399.703, 
399.703, 
399.703, 
399.703, 
399.703, 
399.703, 
399.703, 
399.703, 
399.703, 
399.703, 
399.703, 
399.703, 
399.703, 
399.703, 
399.703, 
399.703, 
399.703, 
399.703, 
399.703, 
399.703, 
399.703, 
399.703, 
399.703, 
399.703, 
399.703, 
399.703, 
399.703, 
399.703, 
399.703, 
399.703, 
399.703, 
399.703, 
399.703, 
399.703, 
399.703, 
399.703, 
399.703, 
399.703, 
399.703, 
399.703, 
399.703, 
399.703, 
399.703, 
399.703, 
399.703, 
399.703, 
399.703, 
399.703, 
399.703, 
399.703, 
399.703, 
399.703, 
399.703, 
399.703, 
399.703, 
399.703, 
399.703, 
399.703, 
399.703, 
399.703, 
399.703, 
399.703, 
399.703, 
399.703, 
399.703, 
399.703, 
399.703, 
399.703, 
399.703, 
399.703, 
399.703, 
399.703, 
399.703, 
399.703, 
399.703, 
399.703, 
399.703, 
399.703, 
399.703, 
399.703, 
399.703, 
399.703, 
399.703, 
399.703, 
399.703, 
399.703, 
399.703, 
399.703, 
399.703, 
399.703, 
399.703, 
399.703, 
399.703, 
399.703, 
399.703, 
399.703, 
399.703, 
399.703, 
399.703, 
399.703, 
399.703, 
399.703, 
399.703, 
399.703, 
399.703, 
399.703, 
399.703, 
399.703, 
399.703, 
399.703, 
399.703, 
399.703, 
399.703, 
399.703, 
399.703, 
399.703, 
399.703, 
399.703, 
399.703, 
399.703, 
399.703, 
399.703, 
399.703, 
399.703, 
399.703, 
399.703, 
399.703, 
399.703, 
399.703, 
399.703, 
399.703, 
399.703, 
399.703, 
399.703, 
399.703, 
399.703, 
399.703, 
399.703, 
399.703, 
399.703, 
399.703, 
399.703, 
399.703, 
399.703, 
399.703, 
399.703, 
399.703, 
399.703, 
399.703, 
399.703, 
399.703, 
399.703, 
399.703, 
399.703, 
399.703, 
399.703, 
399.703, 
399.703, 
399.703, 
399.703, 
399.703, 
399.703, 
399.703, 
399.703, 
399.703, 
399.703, 
399.703, 
399.703, 
399.703, 
399.703, 
399.703, 
399.703, 
399.703, 
399.703, 
399.704, 
399.704, 
399.704, 
399.704, 
399.704, 
399.704, 
399.704, 
399.704, 
399.704, 
399.704, 
399.704, 
399.704, 
399.704, 
399.704, 
399.704, 
399.704, 
399.704, 
399.704, 
399.704, 
399.704, 
399.704, 
399.704, 
399.704, 
399.704, 
399.704, 
399.704, 
399.704, 
399.704, 
399.704, 
399.704, 
399.704, 
399.704, 
399.704, 
399.704, 
399.704, 
399.704, 
399.704, 
399.704, 
399.704, 
399.704, 
399.704, 
399.704, 
399.704, 
399.704, 
399.704, 
399.704, 
399.704, 
399.704, 
399.704, 
399.704, 
399.704, 
399.704, 
399.704, 
399.704, 
399.704, 
399.704, 
399.704, 
399.704, 
399.704, 
399.704, 
399.704, 
399.704, 
399.704, 
399.704, 
399.704, 
399.704, 
399.704, 
399.704, 
399.704, 
399.704, 
399.704, 
399.704, 
399.704, 
399.704, 
399.704, 
399.704, 
399.704, 
399.704, 
399.704, 
399.704, 
399.704, 
399.704, 
399.704, 
399.704, 
399.704, 
399.704, 
399.704, 
399.704, 
399.704, 
399.704, 
399.704, 
399.704, 
399.704, 
399.704, 
399.704, 
399.704, 
399.704, 
399.704, 
399.704, 
399.704, 
399.704, 
399.704, 
399.704, 
399.704, 
399.704, 
399.704, 
399.704, 
399.704, 
399.704, 
399.704, 
399.704, 
399.704, 
399.704, 
399.704, 
399.704, 
399.704, 
399.704, 
399.704, 
399.704, 
399.704, 
399.704, 
399.704, 
399.704, 
399.704, 
399.704, 
399.704, 
399.704, 
399.704, 
399.704, 
399.704, 
399.704, 
399.704, 
399.704, 
399.704, 
399.704, 
399.704, 
399.704, 
399.704, 
399.704, 
399.704, 
399.704, 
399.704, 
399.704, 
399.704, 
399.704, 
399.704, 
399.704, 
399.704, 
399.704, 
399.704, 
399.704, 
399.704, 
399.704, 
399.704, 
399.704, 
399.704, 
399.704, 
399.704, 
399.704, 
399.704, 
399.704, 
399.704, 
399.704, 
399.704, 
399.704, 
399.704, 
399.704, 
399.704, 
399.704, 
399.704, 
399.704, 
399.704, 
399.704, 
399.704, 
399.704, 
399.704, 
399.704, 
399.704, 
399.704, 
399.704, 
399.704, 
399.704, 
399.704, 
399.704, 
399.704, 
399.704, 
399.704, 
399.704, 
399.704, 
399.704, 
399.704, 
399.704, 
399.704, 
399.704, 
399.704, 
399.704, 
399.704, 
399.704, 
399.704, 
399.704, 
399.704, 
399.704, 
399.704, 
399.704, 
399.704, 
399.704, 
399.704, 
399.704, 
399.704, 
399.704, 
399.704, 
399.704, 
399.704, 
399.704, 
399.704, 
399.704, 
399.704, 
399.704, 
399.704, 
399.704, 
399.704, 
399.704, 
399.704, 
399.704, 
399.704, 
399.704, 
399.704, 
399.704, 
399.704, 
399.704, 
399.704, 
399.704, 
399.704, 
399.704, 
399.704, 
399.704, 
399.704, 
399.704, 
399.704, 
399.704, 
399.704, 
399.704, 
399.704, 
399.704, 
399.704, 
399.704, 
399.704, 
399.704, 
399.704, 
399.704, 
399.704, 
399.704, 
399.704, 
399.704, 
399.704, 
399.704, 
399.704, 
399.704, 
399.704, 
399.704, 
399.704, 
399.704, 
399.704, 
399.704, 
399.704, 
399.704, 
399.704, 
399.704, 
399.704, 
399.704, 
399.704, 
399.704, 
399.704, 
399.704, 
399.704, 
399.704, 
399.704, 
399.704, 
399.704, 
399.704, 
399.704, 
399.704, 
399.704, 
399.704, 
399.704, 
399.704, 
399.704, 
399.704, 
399.704, 
399.704, 
399.704, 
399.704, 
399.704, 
399.704, 
399.704, 
399.704, 
399.704, 
399.704, 
399.704, 
399.704, 
399.704, 
399.704, 
399.704, 
399.704, 
399.704, 
399.704, 
399.704, 
399.704, 
399.704, 
399.704, 
399.704, 
399.704, 
399.704, 
399.704, 
399.704, 
399.704, 
399.704, 
399.704, 
399.704, 
399.704, 
399.704, 
399.704, 
399.704, 
399.704, 
399.704, 
399.704, 
399.704, 
399.704, 
399.704, 
399.704, 
399.704, 
399.704, 
399.704, 
399.704, 
399.704, 
399.704, 
399.704, 
399.704, 
399.704, 
399.704, 
399.704, 
399.704, 
399.704, 
399.704, 
399.704, 
399.704, 
399.704, 
399.704, 
399.704, 
399.704, 
399.704, 
399.704, 
399.704, 
399.704, 
399.704, 
399.704, 
399.704, 
399.704, 
399.704, 
399.704, 
399.704, 
399.704, 
399.704, 
399.704, 
399.704, 
399.704, 
399.704, 
399.704, 
399.704, 
399.704, 
399.704, 
399.704, 
399.704, 
399.704, 
399.704, 
399.704, 
399.704, 
399.704, 
399.704, 
399.704, 
399.704, 
399.704, 
399.704, 
399.704, 
399.704, 
399.704, 
399.704, 
399.704, 
399.704, 
399.704, 
399.704, 
399.704, 
399.704, 
399.704, 
399.704, 
399.704, 
399.704, 
399.704, 
399.704, 
399.704, 
399.704, 
399.704, 
399.704, 
399.704, 
399.704, 
399.704, 
399.704, 
399.704, 
399.704, 
399.704, 
399.704, 
399.704, 
399.704, 
399.704, 
399.704, 
399.704, 
399.704, 
399.704, 
399.704, 
399.704, 
399.704, 
399.704, 
399.704, 
399.704, 
399.704, 
399.704, 
399.704, 
399.704, 
399.704, 
399.704, 
399.704, 
399.704, 
399.704, 
399.704, 
399.705, 
399.705, 
399.705, 
399.705, 
399.705, 
399.705, 
399.705, 
399.705, 
399.705, 
399.705, 
399.705, 
399.705, 
399.705, 
399.705, 
399.705, 
399.705, 
399.705, 
399.705, 
399.705, 
399.705, 
399.705, 
399.705, 
399.705, 
399.705, 
399.705, 
399.705, 
399.705, 
399.705, 
399.705, 
399.705, 
399.705, 
399.705, 
399.705, 
399.705, 
399.705, 
399.705, 
399.705, 
399.705, 
399.705, 
399.705, 
399.705, 
399.705, 
399.705, 
399.705, 
399.705, 
399.705, 
399.705, 
399.705, 
399.705, 
399.705, 
399.705, 
399.705, 
399.705, 
399.705, 
399.705, 
399.705, 
399.705, 
399.705, 
399.705, 
399.705, 
399.705, 
399.705, 
399.705, 
399.704, 
399.705, 
399.705, 
399.705, 
399.705, 
399.705, 
399.704, 
399.704, 
399.705, 
399.705, 
399.705, 
399.705, 
399.705, 
399.704, 
399.705, 
399.705, 
399.705, 
399.705, 
399.705, 
399.705, 
399.705, 
399.705, 
399.704, 
399.704, 
399.704, 
399.704, 
399.704, 
399.704, 
399.704, 
399.704, 
399.704, 
399.704, 
399.704, 
399.705, 
399.705, 
399.705, 
399.705, 
399.705, 
399.705, 
399.705, 
399.705, 
399.705, 
399.705, 
399.705, 
399.705, 
399.705, 
399.705, 
399.705, 
399.705, 
399.705, 
399.705, 
399.705, 
399.705, 
399.705, 
399.705, 
399.705, 
399.705, 
399.705, 
399.705, 
399.705, 
399.705, 
399.705, 
399.705, 
399.705, 
399.705, 
399.705, 
399.705, 
399.704, 
399.705, 
399.705, 
399.705, 
399.704, 
399.705, 
399.705, 
399.705, 
399.705, 
399.704, 
399.704, 
399.704, 
399.704, 
399.704, 
399.704, 
399.704, 
399.705, 
399.705, 
399.705, 
399.705, 
399.705, 
399.705, 
399.705, 
399.705, 
399.705, 
399.705, 
399.705, 
399.705, 
399.705, 
399.705, 
399.705, 
399.705, 
399.705, 
399.705, 
399.705, 
399.705, 
399.705, 
399.705, 
399.705, 
399.705, 
399.705, 
399.705, 
399.705, 
399.705, 
399.705, 
399.705, 
399.705, 
399.705, 
399.705, 
399.705, 
399.705, 
399.705, 
399.705, 
399.705, 
399.705, 
399.705, 
399.705, 
399.705, 
399.705, 
399.705, 
399.705, 
399.705, 
399.705, 
399.705, 
399.705, 
399.705, 
399.705, 
399.705, 
399.705, 
399.705, 
399.705, 
399.705, 
399.705, 
399.705, 
399.705, 
399.705, 
399.705, 
399.705, 
399.705, 
399.705, 
399.705, 
399.705, 
399.705, 
399.705, 
399.705, 
399.705, 
399.705, 
399.705, 
399.705, 
399.705, 
399.705, 
399.705, 
399.705, 
399.705, 
399.705, 
399.705, 
399.705, 
399.705, 
399.705, 
399.705, 
399.705, 
399.705, 
399.705, 
399.705, 
399.705, 
399.705, 
399.705, 
399.705, 
399.705, 
399.705, 
399.705, 
399.705, 
399.705, 
399.705, 
399.705, 
399.705, 
399.705, 
399.705, 
399.705, 
399.705, 
399.705, 
399.705, 
399.705, 
399.705, 
399.705, 
399.705, 
399.705, 
399.705, 
399.705, 
399.705, 
399.705, 
399.705, 
399.705, 
399.705, 
399.705, 
399.705, 
399.705, 
399.705, 
399.705, 
399.705, 
399.705, 
399.705, 
399.705, 
399.705, 
399.705, 
399.705, 
399.705, 
399.705, 
399.705, 
399.705, 
399.705, 
399.705, 
399.705, 
399.705, 
399.705, 
399.705, 
399.705, 
399.705, 
399.705, 
399.705, 
399.705, 
399.705, 
399.705, 
399.705, 
399.705, 
399.705, 
399.705, 
399.705, 
399.705, 
399.705, 
399.705, 
399.705, 
399.705, 
399.705, 
399.705, 
399.705, 
399.705, 
399.705, 
399.705, 
399.705, 
399.705, 
399.705, 
399.705, 
399.705, 
399.705, 
399.705, 
399.705, 
399.705, 
399.705, 
399.705, 
399.705, 
399.705, 
399.705, 
399.705, 
399.705, 
399.705, 
399.705, 
399.705, 
399.705, 
399.705, 
399.705, 
399.705, 
399.705, 
399.705, 
399.705, 
399.705, 
399.705, 
399.705, 
399.705, 
399.705, 
399.705, 
399.705, 
399.705, 
399.705, 
399.705, 
399.705, 
399.705, 
399.705, 
399.705, 
399.705, 
399.705, 
399.705, 
399.705, 
399.705, 
399.705, 
399.705, 
399.705, 
399.705, 
399.705, 
399.705, 
399.705, 
399.705, 
399.705, 
399.705, 
399.705, 
399.705, 
399.705, 
399.705, 
399.705, 
399.705, 
399.705, 
399.705, 
399.705, 
399.705, 
399.705, 
399.705, 
399.705, 
399.705, 
399.705, 
399.705, 
399.705, 
399.705, 
399.705, 
399.705, 
399.705, 
399.705, 
399.705, 
399.705, 
399.705, 
399.705, 
399.705, 
399.705, 
399.705, 
399.705, 
399.705, 
399.705, 
399.705, 
399.705, 
399.705, 
399.705, 
399.705, 
399.705, 
399.705, 
399.705, 
399.705, 
399.705, 
399.705, 
399.705, 
399.705, 
399.705, 
399.705, 
399.705, 
399.705, 
399.705, 
399.705, 
399.705, 
399.705, 
399.705, 
399.705, 
399.705, 
399.705, 
399.705, 
399.705, 
399.705, 
399.705, 
399.705, 
399.705, 
399.705, 
399.705, 
399.705, 
399.705, 
399.705, 
399.705, 
399.705, 
399.705, 
399.705, 
399.705, 
399.705, 
399.705, 
399.705, 
399.705, 
399.705, 
399.705, 
399.705, 
399.705, 
399.705, 
399.705, 
399.705, 
399.705, 
399.705, 
399.705, 
399.705, 
399.705, 
399.705, 
399.705, 
399.705, 
399.705, 
399.705, 
399.705, 
399.705, 
399.705, 
399.705, 
399.705, 
399.705, 
399.705, 
399.705, 
399.705, 
399.705, 
399.705, 
399.705, 
399.705, 
399.705, 
399.705, 
399.705, 
399.705, 
399.705, 
399.705, 
399.705, 
399.705, 
399.705, 
399.705, 
399.705, 
399.705, 
399.705, 
399.705, 
399.705, 
399.705, 
399.705, 
399.705, 
399.705, 
399.705, 
399.705, 
399.705, 
399.705, 
399.705, 
399.705, 
399.705, 
399.705, 
399.705, 
399.705, 
399.705, 
399.705, 
399.705, 
399.705, 
399.705, 
399.705, 
399.705, 
399.705, 
399.705, 
399.705, 
399.705, 
399.705, 
399.705, 
399.705, 
399.705, 
399.705, 
399.705, 
399.705, 
399.705, 
399.705, 
399.705, 
399.705, 
399.705, 
399.705, 
399.705, 
399.705, 
399.705, 
399.705, 
399.705, 
399.705, 
399.705, 
399.705, 
399.705, 
399.705, 
399.705, 
399.705, 
399.705, 
399.705, 
399.705, 
399.705, 
399.705, 
399.705, 
399.705, 
399.705, 
399.705, 
399.705, 
399.705, 
399.705, 
399.705, 
399.705, 
399.705, 
399.705, 
399.705, 
399.705, 
399.705, 
399.705, 
399.705, 
399.705, 
399.705, 
399.705, 
399.705, 
399.705, 
399.705, 
399.705, 
399.705, 
399.705, 
399.705, 
399.705, 
399.705, 
399.705, 
399.705, 
399.705, 
399.705, 
399.705, 
399.705, 
399.705, 
399.705, 
399.705, 
399.705, 
399.705, 
399.705, 
399.705, 
399.705, 
399.705, 
399.705, 
399.705, 
399.705, 
399.705, 
399.705, 
399.705, 
399.705, 
399.705, 
399.705, 
399.705, 
399.705, 
399.705, 
399.705, 
399.705, 
399.705, 
399.705, 
399.705, 
399.705, 
399.705, 
399.705, 
399.705, 
399.705, 
399.705, 
399.705, 
399.705, 
399.705, 
399.705, 
399.705, 
399.705, 
399.705, 
399.705, 
399.705, 
399.705, 
399.705, 
399.705, 
399.705, 
399.705, 
399.705, 
399.705, 
399.705, 
399.705, 
399.705, 
399.705, 
399.705, 
399.705, 
399.705, 
399.705, 
399.705, 
399.705, 
399.705, 
399.705, 
399.706, 
399.706, 
399.706, 
399.706, 
399.706, 
399.706, 
399.706, 
399.705, 
399.705, 
399.705, 
399.705, 
399.705, 
399.705, 
399.705, 
399.705, 
399.705, 
399.705, 
399.705, 
399.705, 
399.705, 
399.705, 
399.705, 
399.705, 
399.705, 
399.705, 
399.705, 
399.705, 
399.705, 
399.705, 
399.706, 
399.706, 
399.705, 
399.705, 
399.705, 
399.705, 
399.705, 
399.705, 
399.705, 
399.705, 
399.705, 
399.706, 
399.706, 
399.706, 
399.706, 
399.706, 
399.706, 
399.706, 
399.706, 
399.706, 
399.706, 
399.706, 
399.706, 
399.706, 
399.706, 
399.706, 
399.706, 
399.706, 
399.706, 
399.706, 
399.706, 
399.706, 
399.706, 
399.706, 
399.706, 
399.706, 
399.706, 
399.706, 
399.706, 
399.706, 
399.706, 
399.706, 
399.706, 
399.706, 
399.706, 
399.706, 
399.706, 
399.706, 
399.706, 
399.706, 
399.706, 
399.706, 
399.706, 
399.706, 
399.706, 
399.706, 
399.706, 
399.706, 
399.706, 
399.706, 
399.706, 
399.706, 
399.706, 
399.706, 
399.706, 
399.706, 
399.706, 
399.706, 
399.706, 
399.706, 
399.706, 
399.706, 
399.706, 
399.706, 
399.706, 
399.706, 
399.706, 
399.706, 
399.706, 
399.706, 
399.706, 
399.706, 
399.706, 
399.706, 
399.706, 
399.706, 
399.706, 
399.706, 
399.706, 
399.706, 
399.706, 
399.706, 
399.706, 
399.706, 
399.706, 
399.706, 
399.706, 
399.706, 
399.706, 
399.706, 
399.706, 
399.706, 
399.706, 
399.706, 
399.706, 
399.706, 
399.706, 
399.706, 
399.706, 
399.706, 
399.706, 
399.706, 
399.706, 
399.706, 
399.706, 
399.706, 
399.706, 
399.706, 
399.706, 
399.706, 
399.706, 
399.706, 
399.706, 
399.706, 
399.706, 
399.706, 
399.706, 
399.706, 
399.706, 
399.706, 
399.706, 
399.706, 
399.706, 
399.706, 
399.706, 
399.706, 
399.706, 
399.706, 
399.706, 
399.706, 
399.706, 
399.706, 
399.706, 
399.706, 
399.706, 
399.706, 
399.706, 
399.706, 
399.706, 
399.706, 
399.706, 
399.706, 
399.706, 
399.706, 
399.706, 
399.706, 
399.706, 
399.706, 
399.706, 
399.706, 
399.706, 
399.706, 
399.706, 
399.706, 
399.706, 
399.706, 
399.706, 
399.706, 
399.706, 
399.706, 
399.706, 
399.706, 
399.706, 
399.706, 
399.706, 
399.706, 
399.706, 
399.706, 
399.706, 
399.706, 
399.706, 
399.706, 
399.706, 
399.706, 
399.706, 
399.706, 
399.706, 
399.706, 
399.706, 
399.706, 
399.706, 
399.706, 
399.706, 
399.706, 
399.706, 
399.706, 
399.706, 
399.706, 
399.706, 
399.706, 
399.706, 
399.706, 
399.706, 
399.706, 
399.706, 
399.706, 
399.706, 
399.706, 
399.706, 
399.706, 
399.706, 
399.706, 
399.706, 
399.706, 
399.706, 
399.706, 
399.706, 
399.706, 
399.706, 
399.706, 
399.706, 
399.706, 
399.706, 
399.706, 
399.706, 
399.706, 
399.706, 
399.706, 
399.706, 
399.706, 
399.706, 
399.706, 
399.706, 
399.706, 
399.706, 
399.706, 
399.706, 
399.706, 
399.706, 
399.706, 
399.706, 
399.706, 
399.706, 
399.706, 
399.706, 
399.706, 
399.706, 
399.706, 
399.706, 
399.706, 
399.706, 
399.706, 
399.706, 
399.706, 
399.706, 
399.706, 
399.706, 
399.706, 
399.706, 
399.706, 
399.706, 
399.706, 
399.706, 
399.706, 
399.706, 
399.706, 
399.706, 
399.706, 
399.706, 
399.706, 
399.706, 
399.706, 
399.706, 
399.706, 
399.706, 
399.706, 
399.706, 
399.706, 
399.706, 
399.706, 
399.706, 
399.706, 
399.706, 
399.706, 
399.706, 
399.706, 
399.706, 
399.706, 
399.706, 
399.706, 
399.706, 
399.706, 
399.706, 
399.706, 
399.706, 
399.706, 
399.706, 
399.706, 
399.706, 
399.706, 
399.706, 
399.706, 
399.706, 
399.706, 
399.706, 
399.706, 
399.706, 
399.706, 
399.706, 
399.706, 
399.706, 
399.706, 
399.706, 
399.706, 
399.706, 
399.706, 
399.706, 
399.706, 
399.706, 
399.706, 
399.706, 
399.706, 
399.706, 
399.706, 
399.706, 
399.706, 
399.706, 
399.706, 
399.706, 
399.706, 
399.706, 
399.706, 
399.706, 
399.706, 
399.706, 
399.706, 
399.706, 
399.706, 
399.706, 
399.706, 
399.706, 
399.706, 
399.706, 
399.706, 
399.706, 
399.706, 
399.706, 
399.706, 
399.706, 
399.706, 
399.706, 
399.706, 
399.706, 
399.706, 
399.706, 
399.706, 
399.706, 
399.706, 
399.706, 
399.706, 
399.706, 
399.706, 
399.706, 
399.706, 
399.706, 
399.706, 
399.706, 
399.706, 
399.706, 
399.706, 
399.706, 
399.706, 
399.706, 
399.706, 
399.706, 
399.706, 
399.706, 
399.706, 
399.706, 
399.706, 
399.706, 
399.706, 
399.706, 
399.706, 
399.706, 
399.706, 
399.706, 
399.706, 
399.706, 
399.706, 
399.706, 
399.706, 
399.706, 
399.706, 
399.706, 
399.706, 
399.706, 
399.706, 
399.706, 
399.706, 
399.706, 
399.706, 
399.706, 
399.706, 
399.706, 
399.706, 
399.706, 
399.706, 
399.706, 
399.706, 
399.706, 
399.706, 
399.706, 
399.706, 
399.706, 
399.706, 
399.706, 
399.706, 
399.706, 
399.706, 
399.706, 
399.706, 
399.706, 
399.706, 
399.706, 
399.706, 
399.706, 
399.706, 
399.706, 
399.706, 
399.706, 
399.706, 
399.706, 
399.706, 
399.706, 
399.706, 
399.706, 
399.706, 
399.706, 
399.706, 
399.706, 
399.706, 
399.706, 
399.706, 
399.706, 
399.706, 
399.706, 
399.706, 
399.706, 
399.706, 
399.706, 
399.706, 
399.706, 
399.706, 
399.706, 
399.706, 
399.706, 
399.706, 
399.706, 
399.706, 
399.706, 
399.706, 
399.706, 
399.706, 
399.706, 
399.706, 
399.706, 
399.706, 
399.706, 
399.706, 
399.706, 
399.706, 
399.706, 
399.706, 
399.706, 
399.706, 
399.706, 
399.706, 
399.706, 
399.706, 
399.706, 
399.706, 
399.706, 
399.706, 
399.706, 
399.706, 
399.706, 
399.706, 
399.706, 
399.706, 
399.706, 
399.706, 
399.706, 
399.706, 
399.706, 
399.706, 
399.706, 
399.706, 
399.706, 
399.706, 
399.706, 
399.706, 
399.706, 
399.706, 
399.706, 
399.706, 
399.706, 
399.706, 
399.706, 
399.706, 
399.706, 
399.706, 
399.706, 
399.706, 
399.706, 
399.706, 
399.706, 
399.706, 
399.706, 
399.706, 
399.706, 
399.706, 
399.706, 
399.706, 
399.706, 
399.706, 
399.706, 
399.706, 
399.706, 
399.706, 
399.706, 
399.706, 
399.706, 
399.706, 
399.706, 
399.706, 
399.706, 
399.706, 
399.706, 
399.706, 
399.706, 
399.706, 
399.706, 
399.706, 
399.706, 
399.706, 
399.706, 
399.706, 
399.706, 
399.706, 
399.706, 
399.706, 
399.706, 
399.706, 
399.706, 
399.706, 
399.706, 
399.706, 
399.706, 
399.706, 
399.706, 
399.706, 
399.706, 
399.706, 
399.706, 
399.706, 
399.706, 
399.706, 
399.706, 
399.706, 
399.706, 
399.706, 
399.706, 
399.706, 
399.706, 
399.706, 
399.706, 
399.706, 
399.706, 
399.706, 
399.706, 
399.706, 
399.706, 
399.706, 
399.706, 
399.706, 
399.706, 
399.706, 
399.706, 
399.706, 
399.706, 
399.706, 
399.706, 
399.706, 
399.706, 
399.706, 
399.706, 
399.706, 
399.706, 
399.706, 
399.706, 
399.706, 
399.706, 
399.706, 
399.706, 
399.706, 
399.706, 
399.706, 
399.706, 
399.706, 
399.706, 
399.706, 
399.706, 
399.706, 
399.706, 
399.706, 
399.706, 
399.706, 
399.706, 
399.706, 
399.706, 
399.706, 
399.706, 
399.706, 
399.706, 
399.706, 
399.706, 
399.706, 
399.706, 
399.706, 
399.706, 
399.706, 
399.706, 
399.706, 
399.706, 
399.706, 
399.706, 
399.706, 
399.706, 
399.706, 
399.706, 
399.706, 
399.706, 
399.706, 
399.706, 
399.706, 
399.706, 
399.706, 
399.706, 
399.706, 
399.706, 
399.706, 
399.706, 
399.706, 
399.706, 
399.706, 
399.706, 
399.706, 
399.706, 
399.706, 
399.706, 
399.706, 
399.706, 
399.706, 
399.706, 
399.706, 
399.706, 
399.706, 
399.706, 
399.706, 
399.706, 
399.706, 
399.706, 
399.706, 
399.706, 
399.706, 
399.706, 
399.706, 
399.706, 
399.706, 
399.706, 
399.706, 
399.706, 
399.706, 
399.706, 
399.706, 
399.706, 
399.706, 
399.706, 
399.706, 
399.706, 
399.706, 
399.706, 
399.706, 
399.706, 
399.706, 
399.706, 
399.706, 
399.706, 
399.706, 
399.706, 
399.706, 
399.706, 
399.706, 
399.706, 
399.706, 
399.706, 
399.706, 
399.706, 
399.706, 
399.706, 
399.706, 
399.706, 
399.706, 
399.706, 
399.706, 
399.706, 
399.706, 
399.706, 
399.706, 
399.706, 
399.706, 
399.706, 
399.706, 
399.706, 
399.706, 
399.706, 
399.706, 
399.706, 
399.706, 
399.706, 
399.706, 
399.706, 
399.706, 
399.706, 
399.706, 
399.706, 
399.706, 
399.706, 
399.706, 
399.706, 
399.706, 
399.706, 
399.706, 
399.706, 
399.706, 
399.706, 
399.706, 
399.706, 
399.706, 
399.706, 
399.706, 
399.706, 
399.706, 
399.706, 
399.706, 
399.706, 
399.706, 
399.706, 
399.706, 
399.706, 
399.706, 
399.706, 
399.706, 
399.706, 
399.706, 
399.706, 
399.706, 
399.706, 
399.706, 
399.706, 
399.706, 
399.706, 
399.706, 
399.706, 
399.706, 
399.706, 
399.706, 
399.706, 
399.706, 
399.706, 
399.706, 
399.706, 
399.706, 
399.706, 
399.706, 
399.706, 
399.706, 
399.706, 
399.706, 
399.706, 
399.706, 
399.706, 
399.706, 
399.706, 
399.706, 
399.706, 
399.706, 
399.706, 
399.706, 
399.706, 
399.706, 
399.706, 
399.706, 
399.706, 
399.706, 
399.706, 
399.706, 
399.706, 
399.706, 
399.706, 
399.706, 
399.706, 
399.706, 
399.706, 
399.706, 
399.706, 
399.706, 
399.706, 
399.706, 
399.706, 
399.706, 
399.706, 
399.706, 
399.706, 
399.706, 
399.706, 
399.706, 
399.706, 
399.706, 
399.706, 
399.706, 
399.706, 
399.706, 
399.706, 
399.706, 
399.706, 
399.706, 
399.706, 
399.706, 
399.706, 
399.706, 
399.706, 
399.706, 
399.706, 
399.706, 
399.706, 
399.706, 
399.706, 
399.706, 
399.706, 
399.706, 
399.706, 
399.706, 
399.706, 
399.706, 
399.706, 
399.706, 
399.706, 
399.706, 
399.706, 
399.706, 
399.706, 
399.706, 
399.706, 
399.706, 
399.706, 
399.706, 
399.706, 
399.706, 
399.706, 
399.706, 
399.706, 
399.706, 
399.706, 
399.706, 
399.706, 
399.706, 
399.706, 
399.706, 
399.706, 
399.706, 
399.706, 
399.706, 
399.706, 
399.706, 
399.706, 
399.706, 
399.706, 
399.706, 
399.706, 
399.706, 
399.706, 
399.706, 
399.706, 
399.706, 
399.706, 
399.706, 
399.706, 
399.706, 
399.706, 
399.706, 
399.706, 
399.706, 
399.706, 
399.706, 
399.706, 
399.706, 
399.706, 
399.706, 
399.706, 
399.706, 
399.706, 
399.706, 
399.706, 
399.706, 
399.706, 
399.706, 
399.706, 
399.706, 
399.706, 
399.706, 
399.706, 
399.706, 
399.706, 
399.706, 
399.706, 
399.706, 
399.706, 
399.706, 
399.706, 
399.706, 
399.706, 
399.706, 
399.706, 
399.706, 
399.706, 
399.706, 
399.706, 
399.706, 
399.706, 
399.706, 
399.706, 
399.706, 
399.706, 
399.706, 
399.706, 
399.706, 
399.706, 
399.706, 
399.706, 
399.706, 
399.706, 
399.706, 
399.706, 
399.706, 
399.706, 
399.706, 
399.706, 
399.706, 
399.706, 
399.706, 
399.706, 
399.706, 
399.706, 
399.706, 
399.706, 
399.706, 
399.706, 
399.706, 
399.706, 
399.706, 
399.706, 
399.706, 
399.706, 
399.706, 
399.706, 
399.706, 
399.706, 
399.706, 
399.706, 
399.706, 
399.706, 
399.706, 
399.706, 
399.706, 
399.706, 
399.706, 
399.706, 
399.706, 
399.706, 
399.706, 
399.706, 
399.706, 
399.706, 
399.706, 
399.706, 
399.706, 
399.706, 
399.706, 
399.706, 
399.706, 
399.706, 
399.706, 
399.706, 
399.706, 
399.706, 
399.706, 
399.706, 
399.706, 
399.706, 
399.706, 
399.706, 
399.706, 
399.706, 
399.706, 
399.706, 
399.706, 
399.706, 
399.706, 
399.706, 
399.706, 
399.706, 
399.706, 
399.706, 
399.706, 
399.706, 
399.706, 
399.706, 
399.706, 
399.706, 
399.706, 
399.706, 
399.706, 
399.706, 
399.706, 
399.706, 
399.706, 
399.706, 
399.706, 
399.706, 
399.706, 
399.706, 
399.706, 
399.706, 
399.706, 
399.706, 
399.706, 
399.706, 
399.706, 
399.706, 
399.706, 
399.706, 
399.706, 
399.706, 
399.706, 
399.706, 
399.706, 
399.706, 
399.706, 
399.706, 
399.706, 
399.706, 
399.706, 
399.706, 
399.706, 
399.706, 
399.706, 
399.706, 
399.706, 
399.706, 
399.706, 
399.706, 
399.706, 
399.706, 
399.706, 
399.706, 
399.706, 
399.706, 
399.706, 
399.706, 
399.706, 
399.706, 
399.706, 
399.706, 
399.706, 
399.706, 
399.706, 
399.706, 
399.706, 
399.706, 
399.706, 
399.706, 
399.706, 
399.706, 
399.706, 
399.706, 
399.706, 
399.706, 
399.706, 
399.706, 
399.706, 
399.706, 
399.706, 
399.706, 
399.706, 
399.706, 
399.706, 
399.706, 
399.706, 
399.706, 
399.706, 
399.706, 
399.706, 
399.706, 
399.706, 
399.706, 
399.706, 
399.706, 
399.706, 
399.706, 
399.706, 
399.706, 
399.706, 
399.706, 
399.706, 
399.706, 
399.706, 
399.706, 
399.706, 
399.706, 
399.706, 
399.706, 
399.706, 
399.706, 
399.706, 
399.706, 
399.706, 
399.706, 
399.706, 
399.706, 
399.706, 
399.706, 
399.706, 
399.706, 
399.706, 
399.706, 
399.706, 
399.706, 
399.706, 
399.706, 
399.706, 
399.706, 
399.706, 
399.706, 
399.706, 
399.706, 
399.706, 
399.706, 
399.706, 
399.706, 
399.706, 
399.706, 
399.706, 
399.706, 
399.706, 
399.706, 
399.706, 
399.706, 
399.706, 
399.706, 
399.706, 
399.706, 
399.706, 
399.706, 
399.706, 
399.706, 
399.706, 
399.706, 
399.706, 
399.706, 
399.706, 
399.706, 
399.706, 
399.706, 
399.706, 
399.706, 
399.706, 
399.706, 
399.706, 
399.706, 
399.706, 
399.706, 
399.706, 
399.706, 
399.706, 
399.706, 
399.706, 
399.706, 
399.706, 
399.706, 
399.706, 
399.706, 
399.706, 
399.706, 
399.706, 
399.706, 
399.706, 
399.706, 
399.706, 
399.706, 
399.706, 
399.706, 
399.706, 
399.706, 
399.706, 
399.706, 
399.706, 
399.706, 
399.706, 
399.706, 
399.706, 
399.706, 
399.706, 
399.706, 
399.706, 
399.706, 
399.706, 
399.706, 
399.706, 
399.706, 
399.706, 
399.706, 
399.706, 
399.706, 
399.706, 
399.706, 
399.706, 
399.706, 
399.706, 
399.706, 
399.706, 
399.706, 
399.706, 
399.706, 
399.706, 
399.706, 
399.706, 
399.706, 
399.706, 
399.706, 
399.706, 
399.706, 
399.706, 
399.706, 
399.706, 
399.706, 
399.706, 
399.706, 
399.706, 
399.706, 
399.706, 
399.706, 
399.706, 
399.706, 
399.706, 
399.706, 
399.706, 
399.706, 
399.706, 
399.706, 
399.706, 
399.706, 
399.706, 
399.706, 
399.706, 
399.706, 
399.706, 
399.706, 
399.706, 
399.706, 
399.706, 
399.706, 
399.706, 
399.706, 
399.706, 
399.706, 
399.706, 
399.706, 
399.706, 
399.706, 
399.706, 
399.706, 
399.706, 
399.706, 
399.706, 
399.706, 
399.706, 
399.706, 
399.706, 
399.706, 
399.706, 
399.706, 
399.706, 
399.706, 
399.706, 
399.706, 
399.706, 
399.706, 
399.706, 
399.706, 
399.706, 
399.706, 
399.706, 
399.706, 
399.706, 
399.706, 
399.706, 
399.706, 
399.706, 
399.706, 
399.706, 
399.706, 
399.706, 
399.706, 
399.706, 
399.706, 
399.706, 
399.706, 
399.706, 
399.706, 
399.706, 
399.706, 
399.706, 
399.706, 
399.706, 
399.706, 
399.706, 
399.706, 
399.706, 
399.706, 
399.706, 
399.706, 
399.706, 
399.706, 
399.706, 
399.706, 
399.706, 
399.706, 
399.706, 
399.706, 
399.706, 
399.706, 
399.706, 
399.706, 
399.706, 
399.706, 
399.706, 
399.706, 
399.706, 
399.706, 
399.706, 
399.706, 
399.706, 
399.706, 
399.706, 
399.706, 
399.706, 
399.706, 
399.706, 
399.706, 
399.706, 
399.706, 
399.706, 
399.706, 
399.706, 
399.706, 
399.706, 
399.706, 
399.706, 
399.706, 
399.706, 
399.706, 
399.706, 
399.706, 
399.706, 
399.706, 
399.706, 
399.706, 
399.706, 
399.706, 
399.706, 
399.706, 
399.706, 
399.706, 
399.706, 
399.706, 
399.706, 
399.706, 
399.706, 
399.706, 
399.706, 
399.706, 
399.706, 
399.706, 
399.706, 
399.706, 
399.706, 
399.706, 
399.706, 
399.706, 
399.706, 
399.706, 
399.706, 
399.706, 
399.706, 
399.706, 
399.706, 
399.706, 
399.706, 
399.706, 
399.706, 
399.706, 
399.706, 
399.706, 
399.706, 
399.706, 
399.706, 
399.706, 
399.706, 
399.706, 
399.706, 
399.706, 
399.706, 
399.706, 
399.706, 
399.706, 
399.706, 
399.706, 
399.706, 
399.706, 
399.706, 
399.706, 
399.706, 
399.706, 
399.706, 
399.706, 
399.706, 
399.706, 
399.706, 
399.706, 
399.706, 
399.706, 
399.706, 
399.706, 
399.706, 
399.706, 
399.706, 
399.706, 
399.706, 
399.706, 
399.706, 
399.706, 
399.706, 
399.706, 
399.706, 
399.706, 
399.706, 
399.706, 
399.706, 
399.706, 
399.706, 
399.706, 
399.706, 
399.706, 
399.706, 
399.706, 
399.706, 
399.706, 
399.706, 
399.706, 
399.706, 
399.706, 
399.706, 
399.706, 
399.706, 
399.706, 
399.706, 
399.706, 
399.706, 
399.706, 
399.706, 
399.706, 
399.706, 
399.706, 
399.706, 
399.706, 
399.706, 
399.706, 
399.706, 
399.706, 
399.706, 
399.706, 
399.706, 
399.706, 
399.706, 
399.706, 
399.706, 
399.706, 
399.706, 
399.706, 
399.706, 
399.706, 
399.706, 
399.706, 
399.706, 
399.706, 
399.706, 
399.706, 
399.706, 
399.706, 
399.706, 
399.706, 
399.706, 
399.706, 
399.706, 
399.706, 
399.706, 
399.706, 
399.706, 
399.706, 
399.706, 
399.706, 
399.706, 
399.706, 
399.706, 
399.706, 
399.706, 
399.706, 
399.706, 
399.706, 
399.706, 
399.706, 
399.706, 
399.706, 
399.706, 
399.706, 
399.706, 
399.706, 
399.706, 
399.706, 
399.706, 
399.706, 
399.706, 
399.706, 
399.706, 
399.706, 
399.706, 
399.706, 
399.706, 
399.706, 
399.706, 
399.706, 
399.706, 
399.706, 
399.706, 
399.706, 
399.706, 
399.706, 
399.706, 
399.706, 
399.706, 
399.706, 
399.706, 
399.706, 
399.706, 
399.706, 
399.706, 
399.706, 
399.706, 
399.706, 
399.706, 
399.706, 
399.706, 
399.706, 
399.706, 
399.706, 
399.706, 
399.706, 
399.706, 
399.706, 
399.706, 
399.706, 
399.706, 
399.706, 
399.706, 
399.706, 
399.706, 
399.706, 
399.706, 
399.706, 
399.706, 
399.706, 
399.706, 
399.706, 
399.706, 
399.706, 
399.706, 
399.706, 
399.706, 
399.706, 
399.706, 
399.706, 
399.706, 
399.706, 
399.706, 
399.706, 
399.706, 
399.706, 
399.706, 
399.706, 
399.706, 
399.706, 
399.706, 
399.706, 
399.706, 
399.706, 
399.706, 
399.706, 
399.706, 
399.706, 
399.706, 
399.706, 
399.706, 
399.706, 
399.706, 
399.706, 
399.706, 
399.706, 
399.706, 
399.706, 
399.706, 
399.706, 
399.706, 
399.706, 
399.706, 
399.706, 
399.706, 
399.706, 
399.706, 
399.706, 
399.706, 
399.706, 
399.706, 
399.706, 
399.706, 
399.706, 
399.706, 
399.706, 
399.706, 
399.706, 
399.706, 
399.706, 
399.706, 
399.706, 
399.706, 
399.706, 
399.706, 
399.706, 
399.706, 
399.706, 
399.706, 
399.706, 
399.706, 
399.706, 
399.706, 
399.706, 
399.706, 
399.706, 
399.706, 
399.706, 
399.706, 
399.706, 
399.706, 
399.706, 
399.706, 
399.706, 
399.706, 
399.706, 
399.706, 
399.706, 
399.706, 
399.706, 
399.706, 
399.706, 
399.706, 
399.706, 
399.706, 
399.706, 
399.706, 
399.706, 
399.706, 
399.706, 
399.706, 
399.707, 
399.706, 
399.707, 
399.707, 
399.707, 
399.707, 
399.707, 
399.707, 
399.707, 
399.707, 
399.707, 
399.707, 
399.707, 
399.707, 
399.707, 
399.707, 
399.707, 
399.707, 
399.707, 
399.707, 
399.707, 
399.707, 
399.707, 
399.707, 
399.707, 
399.707, 
399.707, 
399.707, 
399.707, 
399.707, 
399.707, 
399.707, 
399.707, 
399.707, 
399.707, 
399.707, 
399.707, 
399.707, 
399.707, 
399.707, 
399.707, 
399.707, 
399.707, 
399.707, 
399.707, 
399.707, 
399.707, 
399.707, 
399.707, 
399.707, 
399.707, 
399.707, 
399.707, 
399.707, 
399.707, 
399.707, 
399.707, 
399.707, 
399.707, 
399.707, 
399.707, 
399.707, 
399.707, 
399.707, 
399.707, 
399.707, 
399.707, 
399.707, 
399.707, 
399.707, 
399.707, 
399.707, 
399.706, 
399.706, 
399.706, 
399.707, 
399.707, 
399.707, 
399.707, 
399.706, 
399.706, 
399.706, 
399.706, 
399.706, 
399.706, 
399.706, 
399.706, 
399.706, 
399.706, 
399.706, 
399.707, 
399.707, 
399.707, 
399.707, 
399.707, 
399.707, 
399.707, 
399.707, 
399.707, 
399.707, 
399.707, 
399.707, 
399.707, 
399.707, 
399.707, 
399.707, 
399.707, 
399.707, 
399.707, 
399.707, 
399.707, 
399.707, 
399.707, 
399.707, 
399.707, 
399.707, 
399.707, 
399.707, 
399.707, 
399.707, 
399.707, 
399.707, 
399.707, 
399.707, 
399.707, 
399.707, 
399.707, 
399.707, 
399.707, 
399.707, 
399.707, 
399.707, 
399.707, 
399.707, 
399.707, 
399.707, 
399.707, 
399.707, 
399.707, 
399.707, 
399.707, 
399.707, 
399.707, 
399.707, 
399.707, 
399.707, 
399.707, 
399.707, 
399.707, 
399.707, 
399.707, 
399.707, 
399.707, 
399.707, 
399.707, 
399.707, 
399.707, 
399.707, 
399.707, 
399.707, 
399.707, 
399.707, 
399.707, 
399.707, 
399.707, 
399.707, 
399.707, 
399.707, 
399.707, 
399.707, 
399.707, 
399.707, 
399.707, 
399.707, 
399.707, 
399.707, 
399.707, 
399.707, 
399.707, 
399.707, 
399.707, 
399.707, 
399.707, 
399.706, 
399.706, 
399.706, 
399.706, 
399.706, 
399.706, 
399.706, 
399.706, 
399.706, 
399.706, 
399.706, 
399.706, 
399.706, 
399.706, 
399.706, 
399.706, 
399.706, 
399.706, 
399.706, 
399.706, 
399.706, 
399.706, 
399.706, 
399.707, 
399.707, 
399.706, 
399.706, 
399.707, 
399.707, 
399.707, 
399.707, 
399.707, 
399.707, 
399.706, 
399.706, 
399.706, 
399.706, 
399.707, 
399.707, 
399.706, 
399.707, 
399.707, 
399.707, 
399.707, 
399.707, 
399.707, 
399.707, 
399.707, 
399.707, 
399.707, 
399.707, 
399.707, 
399.707, 
399.707, 
399.707, 
399.707, 
399.707, 
399.707, 
399.707, 
399.707, 
399.707, 
399.707, 
399.707, 
399.707, 
399.707, 
399.707, 
399.707, 
399.707, 
399.707, 
399.707, 
399.707, 
399.707, 
399.707, 
399.707, 
399.707, 
399.707, 
399.707, 
399.707, 
399.707, 
399.707, 
399.707, 
399.707, 
399.707, 
399.707, 
399.707, 
399.707, 
399.707, 
399.707, 
399.707, 
399.707, 
399.707, 
399.707, 
399.707, 
399.707, 
399.707, 
399.707, 
399.707, 
399.707, 
399.707, 
399.707, 
399.707, 
399.707, 
399.707, 
399.707, 
399.707, 
399.707, 
399.707, 
399.707, 
399.707, 
399.707, 
399.707, 
399.707, 
399.707, 
399.707, 
399.707, 
399.707, 
399.707, 
399.707, 
399.707, 
399.707, 
399.707, 
399.707, 
399.707, 
399.707, 
399.707, 
399.707, 
399.707, 
399.707, 
399.707, 
399.707, 
399.707, 
399.707, 
399.707, 
399.707, 
399.707, 
399.707, 
399.707, 
399.707, 
399.707, 
399.707, 
399.707, 
399.707, 
399.707, 
399.707, 
399.707, 
399.707, 
399.707, 
399.707, 
399.707, 
399.707, 
399.707, 
399.707, 
399.707, 
399.707, 
399.707, 
399.707, 
399.707, 
399.707, 
399.707, 
399.707, 
399.707, 
399.707, 
399.707, 
399.707, 
399.707, 
399.707, 
399.707, 
399.707, 
399.707, 
399.707, 
399.707, 
399.707, 
399.707, 
399.707, 
399.707, 
399.707, 
399.707, 
399.707, 
399.707, 
399.707, 
399.707, 
399.707, 
399.707, 
399.707, 
399.707, 
399.707, 
399.707, 
399.707, 
399.707, 
399.707, 
399.707, 
399.707, 
399.707, 
399.707, 
399.707, 
399.707, 
399.707, 
399.707, 
399.707, 
399.707, 
399.707, 
399.707, 
399.707, 
399.707, 
399.707, 
399.707, 
399.707, 
399.707, 
399.707, 
399.707, 
399.707, 
399.707, 
399.707, 
399.707, 
399.707, 
399.707, 
399.707, 
399.707, 
399.707, 
399.707, 
399.707, 
399.707, 
399.707, 
399.707, 
399.707, 
399.707, 
399.707, 
399.707, 
399.707, 
399.707, 
399.707, 
399.707, 
399.707, 
399.707, 
399.707, 
399.707, 
399.707, 
399.707, 
399.707, 
399.707, 
399.707, 
399.707, 
399.707, 
399.707, 
399.707, 
399.707, 
399.707, 
399.707, 
399.707, 
399.707, 
399.707, 
399.707, 
399.707, 
399.707, 
399.707, 
399.707, 
399.707, 
399.707, 
399.707, 
399.707, 
399.707, 
399.707, 
399.707, 
399.707, 
399.707, 
399.707, 
399.707, 
399.707, 
399.707, 
399.707, 
399.707, 
399.707, 
399.707, 
399.707, 
399.707, 
399.707, 
399.707, 
399.707, 
399.707, 
399.707, 
399.707, 
399.707, 
399.707, 
399.707, 
399.707, 
399.707, 
399.707, 
399.707, 
399.707, 
399.707, 
399.707, 
399.707, 
399.707, 
399.707, 
399.707, 
399.707, 
399.707, 
399.707, 
399.707, 
399.707, 
399.707, 
399.707, 
399.707, 
399.707, 
399.707, 
399.707, 
399.707, 
399.707, 
399.707, 
399.707, 
399.707, 
399.707, 
399.707, 
399.707, 
399.707, 
399.707, 
399.707, 
399.707, 
399.707, 
399.707, 
399.707, 
399.707, 
399.707, 
399.707, 
399.707, 
399.707, 
399.707, 
399.707, 
399.707, 
399.707, 
399.707, 
399.707, 
399.707, 
399.707, 
399.707, 
399.707, 
399.707, 
399.707, 
399.707, 
399.707, 
399.707, 
399.707, 
399.707, 
399.707, 
399.707, 
399.707, 
399.707, 
399.707, 
399.707, 
399.707, 
399.707, 
399.707, 
399.707, 
399.707, 
399.707, 
399.707, 
399.707, 
399.707, 
399.707, 
399.707, 
399.707, 
399.707, 
399.707, 
399.707, 
399.707, 
399.707, 
399.707, 
399.707, 
399.707, 
399.707, 
399.707, 
399.707, 
399.707, 
399.707, 
399.707, 
399.707, 
399.707, 
399.707, 
399.707, 
399.707, 
399.707, 
399.707, 
399.707, 
399.707, 
399.707, 
399.707, 
399.707, 
399.707, 
399.707, 
399.707, 
399.707, 
399.707, 
399.707, 
399.707, 
399.707, 
399.707, 
399.707, 
399.707, 
399.707, 
399.707, 
399.707, 
399.707, 
399.707, 
399.707, 
399.707, 
399.707, 
399.707, 
399.707, 
399.707, 
399.707, 
399.707, 
399.707, 
399.707, 
399.707, 
399.707, 
399.707, 
399.707, 
399.707, 
399.707, 
399.707, 
399.707, 
399.707, 
399.707, 
399.707, 
399.707, 
399.707, 
399.707, 
399.707, 
399.707, 
399.707, 
399.707, 
399.707, 
399.707, 
399.707, 
399.707, 
399.707, 
399.707, 
399.707, 
399.707, 
399.707, 
399.707, 
399.707, 
399.707, 
399.707, 
399.707, 
399.707, 
399.707, 
399.707, 
399.707, 
399.707, 
399.707, 
399.707, 
399.707, 
399.707, 
399.707, 
399.707, 
399.707, 
399.707, 
399.707, 
399.707, 
399.707, 
399.707, 
399.707, 
399.707, 
399.707, 
399.707, 
399.707, 
399.707, 
399.707, 
399.707, 
399.707, 
399.707, 
399.707, 
399.707, 
399.707, 
399.707, 
399.707, 
399.707, 
399.707, 
399.707, 
399.707, 
399.707, 
399.707, 
399.707, 
399.707, 
399.707, 
399.707, 
399.707, 
399.707, 
399.707, 
399.707, 
399.707, 
399.707, 
399.707, 
399.707, 
399.707, 
399.707, 
399.707, 
399.707, 
399.707, 
399.707, 
399.707, 
399.707, 
399.707, 
399.707, 
399.707, 
399.707, 
399.707, 
399.707, 
399.707, 
399.707, 
399.707, 
399.707, 
399.707, 
399.707, 
399.707, 
399.707, 
399.707, 
399.707, 
399.707, 
399.707, 
399.707, 
399.707, 
399.707, 
399.707, 
399.707, 
399.707, 
399.707, 
399.707, 
399.707, 
399.707, 
399.707, 
399.707, 
399.707, 
399.707, 
399.707, 
399.707, 
399.707, 
399.707, 
399.707, 
399.707, 
399.707, 
399.707, 
399.707, 
399.707, 
399.707, 
399.707, 
399.707, 
399.707, 
399.707, 
399.707, 
399.707, 
399.707, 
399.707, 
399.707, 
399.707, 
399.707, 
399.707, 
399.707, 
399.707, 
399.707, 
399.707, 
399.707, 
399.707, 
399.707, 
399.707, 
399.707, 
399.707, 
399.707, 
399.707, 
399.707, 
399.707, 
399.707, 
399.707, 
399.707, 
399.707, 
399.707, 
399.707, 
399.707, 
399.707, 
399.707, 
399.707, 
399.707, 
399.707, 
399.707, 
399.707, 
399.707, 
399.707, 
399.707, 
399.707, 
399.707, 
399.707, 
399.707, 
399.707, 
399.707, 
399.707, 
399.707, 
399.707, 
399.707, 
399.707, 
399.707, 
399.707, 
399.707, 
399.707, 
399.707, 
399.707, 
399.707, 
399.707, 
399.707, 
399.707, 
399.707, 
399.707, 
399.707, 
399.707, 
399.707, 
399.707, 
399.707, 
399.707, 
399.707, 
399.707, 
399.707, 
399.707, 
399.707, 
399.707, 
399.707, 
399.707, 
399.707, 
399.707, 
399.707, 
399.707, 
399.707, 
399.707, 
399.707, 
399.707, 
399.707, 
399.707, 
399.707, 
399.707, 
399.707, 
399.707, 
399.707, 
